月末交易日,收益日期,对标指数代码,对标指数,收盘价,日收益率
2022-11-03,2022-08-04,000001.SH,上证综合指数,3189.0391,0.00801757677884707
2022-11-03,2022-08-05,000001.SH,上证综合指数,3227.0267,0.0119119266991741
2022-11-03,2022-08-08,000001.SH,上证综合指数,3236.9337,0.00307000868632423
2022-11-03,2022-08-09,000001.SH,上证综合指数,3247.4318,0.00324322367183472
2022-11-03,2022-08-10,000001.SH,上证综合指数,3230.02,-0.0053617138318347
2022-11-03,2022-08-11,000001.SH,上证综合指数,3281.6654,0.0159891889214308
2022-11-03,2022-08-12,000001.SH,上证综合指数,3276.8877,-0.00145587664117119
2022-11-03,2022-08-15,000001.SH,上证综合指数,3276.087,-0.00024434770834536
2022-11-03,2022-08-16,000001.SH,上证综合指数,3277.8847,0.00054873390114496
2022-11-03,2022-08-17,000001.SH,上证综合指数,3292.526,0.00446669158314195
2022-11-03,2022-08-18,000001.SH,上证综合指数,3277.5438,-0.00455036649672624
2022-11-03,2022-08-19,000001.SH,上证综合指数,3258.0784,-0.00593902055557582
2022-11-03,2022-08-22,000001.SH,上证综合指数,3277.7943,0.00605138906417979
2022-11-03,2022-08-23,000001.SH,上证综合指数,3276.2234,-0.000479255211347507
2022-11-03,2022-08-24,000001.SH,上证综合指数,3215.2033,-0.0186251340491616
2022-11-03,2022-08-25,000001.SH,上证综合指数,3246.2481,0.00965562581999091
2022-11-03,2022-08-26,000001.SH,上证综合指数,3236.2226,-0.00308833449914059
2022-11-03,2022-08-29,000001.SH,上证综合指数,3240.7275,0.00139202414568151
2022-11-03,2022-08-30,000001.SH,上证综合指数,3227.2203,-0.00416795302906525
2022-11-03,2022-08-31,000001.SH,上证综合指数,3202.1378,-0.00777216851294593
2022-11-03,2022-09-01,000001.SH,上证综合指数,3184.9797,-0.0053583265529672
2022-11-03,2022-09-02,000001.SH,上证综合指数,3186.4781,0.000470458257551876
2022-11-03,2022-09-05,000001.SH,上证综合指数,3199.9118,0.00421584570124622
2022-11-03,2022-09-06,000001.SH,上证综合指数,3243.4466,0.0136049999878123
2022-11-03,2022-09-07,000001.SH,上证综合指数,3246.2943,0.000877985782161472
2022-11-03,2022-09-08,000001.SH,上证综合指数,3235.5862,-0.0032985610700792
2022-11-03,2022-09-09,000001.SH,上证综合指数,3262.0542,0.00818027966616985
2022-11-03,2022-09-13,000001.SH,上证综合指数,3263.7972,0.000534325885817477
2022-11-03,2022-09-14,000001.SH,上证综合指数,3237.5419,-0.00804440300396114
2022-11-03,2022-09-15,000001.SH,上证综合指数,3199.9187,-0.0116209152381935
2022-11-03,2022-09-16,000001.SH,上证综合指数,3126.3977,-0.0229758962313636
2022-11-03,2022-09-19,000001.SH,上证综合指数,3115.6019,-0.00345311154751682
2022-11-03,2022-09-20,000001.SH,上证综合指数,3122.4058,0.00218381558953351
2022-11-03,2022-09-21,000001.SH,上证综合指数,3117.1774,-0.00167447805791288
2022-11-03,2022-09-22,000001.SH,上证综合指数,3108.9096,-0.00265233541087528
2022-11-03,2022-09-23,000001.SH,上证综合指数,3088.3695,-0.00660685019596585
2022-11-03,2022-09-26,000001.SH,上证综合指数,3051.226,-0.0120268963930643
2022-11-03,2022-09-27,000001.SH,上证综合指数,3093.8618,0.0139733339975472
2022-11-03,2022-09-28,000001.SH,上证综合指数,3045.0668,-0.0157715512696786
2022-11-03,2022-09-29,000001.SH,上证综合指数,3041.2046,-0.00126834655975361
2022-11-03,2022-09-30,000001.SH,上证综合指数,3024.3905,-0.00552876317496032
2022-11-03,2022-10-10,000001.SH,上证综合指数,2974.1454,-0.0166132977867772
2022-11-03,2022-10-11,000001.SH,上证综合指数,2979.7926,0.00189876392727828
2022-11-03,2022-10-12,000001.SH,上证综合指数,3025.5055,0.0153409670189797
2022-11-03,2022-10-13,000001.SH,上证综合指数,3016.3561,-0.00302408969344137
2022-11-03,2022-10-14,000001.SH,上证综合指数,3071.9868,0.0184430147355612
2022-11-03,2022-10-17,000001.SH,上证综合指数,3084.9423,0.00421730327747505
2022-11-03,2022-10-18,000001.SH,上证综合指数,3080.9574,-0.00129172594249183
2022-11-03,2022-10-19,000001.SH,上证综合指数,3044.3777,-0.011872835372537
2022-11-03,2022-10-20,000001.SH,上证综合指数,3035.0504,-0.00306377884715159
2022-11-03,2022-10-21,000001.SH,上证综合指数,3038.9291,0.00127796889303711
2022-11-03,2022-10-24,000001.SH,上证综合指数,2977.5554,-0.0201958314855057
2022-11-03,2022-10-25,000001.SH,上证综合指数,2976.283,-0.00042733042011589
2022-11-03,2022-10-26,000001.SH,上证综合指数,2999.5036,0.00780187905518392
2022-11-03,2022-10-27,000001.SH,上证综合指数,2982.9029,-0.00553448243902754
2022-11-03,2022-10-28,000001.SH,上证综合指数,2915.9257,-0.0224536977050108
2022-11-03,2022-10-31,000001.SH,上证综合指数,2893.4829,-0.00769662958147388
2022-11-03,2022-11-01,000001.SH,上证综合指数,2969.1995,0.0261679790815423
2022-11-03,2022-11-02,000001.SH,上证综合指数,3003.3699,0.0115082869978929
2022-11-03,2022-11-03,000001.SH,上证综合指数,2997.8057,-0.00185265224906206
2022-11-03,2022-08-04,000010.SH,上证180指数,8551.4386,0.00963488924639555
2022-11-03,2022-08-05,000010.SH,上证180指数,8665.9626,0.0133923665194768
2022-11-03,2022-08-08,000010.SH,上证180指数,8646.8136,-0.00220967951096407
2022-11-03,2022-08-09,000010.SH,上证180指数,8669.799,0.00265825089602956
2022-11-03,2022-08-10,000010.SH,上证180指数,8579.5323,-0.010411625459829
2022-11-03,2022-08-11,000010.SH,上证180指数,8752.0709,0.0201104901720575
2022-11-03,2022-08-12,000010.SH,上证180指数,8760.7463,0.000991239684769996
2022-11-03,2022-08-15,000010.SH,上证180指数,8731.7477,-0.00331006046825033
2022-11-03,2022-08-16,000010.SH,上证180指数,8708.5508,-0.00265661592581279
2022-11-03,2022-08-17,000010.SH,上证180指数,8759.5158,0.00585229404644427
2022-11-03,2022-08-18,000010.SH,上证180指数,8689.1203,-0.00803646018881532
2022-11-03,2022-08-19,000010.SH,上证180指数,8641.4193,-0.00548973870231728
2022-11-03,2022-08-22,000010.SH,上证180指数,8677.1809,0.0041383942566009
2022-11-03,2022-08-23,000010.SH,上证180指数,8630.475,-0.0053826122260513
2022-11-03,2022-08-24,000010.SH,上证180指数,8510.9683,-0.0138470594028718
2022-11-03,2022-08-25,000010.SH,上证180指数,8625.0494,0.0134040095061803
2022-11-03,2022-08-26,000010.SH,上证180指数,8614.3486,-0.00124066535781242
2022-11-03,2022-08-29,000010.SH,上证180指数,8585.6224,-0.00333469207410519
2022-11-03,2022-08-30,000010.SH,上证180指数,8562.2742,-0.00271945339687896
2022-11-03,2022-08-31,000010.SH,上证180指数,8599.4347,0.00434002685875212
2022-11-03,2022-09-01,000010.SH,上证180指数,8531.363,-0.00791583428152554
2022-11-03,2022-09-02,000010.SH,上证180指数,8481.0936,-0.00589230583671085
2022-11-03,2022-09-05,000010.SH,上证180指数,8474.1672,-0.000816687131008687
2022-11-03,2022-09-06,000010.SH,上证180指数,8576.4148,0.0120657992209547
2022-11-03,2022-09-07,000010.SH,上证180指数,8564.0207,-0.00144513765822074
2022-11-03,2022-09-08,000010.SH,上证180指数,8552.6166,-0.00133162919608543
2022-11-03,2022-09-09,000010.SH,上证180指数,8673.5841,0.0141439170791311
2022-11-03,2022-09-13,000010.SH,上证180指数,8690.9442,0.00200149094075197
2022-11-03,2022-09-14,000010.SH,上证180指数,8606.9901,-0.00965995156199473
2022-11-03,2022-09-15,000010.SH,上证180指数,8563.5752,-0.00504414429383415
2022-11-03,2022-09-16,000010.SH,上证180指数,8352.6347,-0.024632293764408
2022-11-03,2022-09-19,000010.SH,上证180指数,8345.0434,-0.000908850952143325
2022-11-03,2022-09-20,000010.SH,上证180指数,8346.9682,0.000230651886124367
2022-11-03,2022-09-21,000010.SH,上证180指数,8298.6097,-0.00579354070140081
2022-11-03,2022-09-22,000010.SH,上证180指数,8244.5911,-0.00650935541648634
2022-11-03,2022-09-23,000010.SH,上证180指数,8228.6487,-0.00193367988862414
2022-11-03,2022-09-26,000010.SH,上证180指数,8155.4789,-0.00889207969225858
2022-11-03,2022-09-27,000010.SH,上证180指数,8253.6485,0.0120372575545502
2022-11-03,2022-09-28,000010.SH,上证180指数,8134.3456,-0.0144545651538226
2022-11-03,2022-09-29,000010.SH,上证180指数,8122.3472,-0.00147502953402912
2022-11-03,2022-09-30,000010.SH,上证180指数,8106.1402,-0.00199535917400828
2022-11-03,2022-10-10,000010.SH,上证180指数,7934.3712,-0.0211899863266614
2022-11-03,2022-10-11,000010.SH,上证180指数,7934.4912,1.51240718357926e-05
2022-11-03,2022-10-12,000010.SH,上证180指数,8017.2184,0.0104262766086374
2022-11-03,2022-10-13,000010.SH,上证180指数,7941.4603,-0.00944942450364084
2022-11-03,2022-10-14,000010.SH,上证180指数,8113.9367,0.0217184741199299
2022-11-03,2022-10-17,000010.SH,上证180指数,8123.7852,0.00121377579886706
2022-11-03,2022-10-18,000010.SH,上证180指数,8089.754,-0.00418908171033383
2022-11-03,2022-10-19,000010.SH,上证180指数,7962.4322,-0.015738649160407
2022-11-03,2022-10-20,000010.SH,上证180指数,7922.7519,-0.00498343960781233
2022-11-03,2022-10-21,000010.SH,上证180指数,7908.9414,-0.00174314432337586
2022-11-03,2022-10-24,000010.SH,上证180指数,7673.7413,-0.0297385058384678
2022-11-03,2022-10-25,000010.SH,上证180指数,7685.4149,0.00152123971132578
2022-11-03,2022-10-26,000010.SH,上证180指数,7722.0765,0.00477028247362421
2022-11-03,2022-10-27,000010.SH,上证180指数,7678.3376,-0.00566413710094693
2022-11-03,2022-10-28,000010.SH,上证180指数,7518.6848,-0.0207926257371127
2022-11-03,2022-10-31,000010.SH,上证180指数,7431.0454,-0.0116562141293648
2022-11-03,2022-11-01,000010.SH,上证180指数,7695.5642,0.0355964451515798
2022-11-03,2022-11-02,000010.SH,上证180指数,7772.7917,0.0100353265846318
2022-11-03,2022-11-03,000010.SH,上证180指数,7702.9493,-0.00898549745003452
2022-11-03,2022-08-04,000015.SH,上证红利指数,2644.8638,0.0025591782973311
2022-11-03,2022-08-05,000015.SH,上证红利指数,2651.2118,0.00240012359048514
2022-11-03,2022-08-08,000015.SH,上证红利指数,2682.6413,0.0118547676952856
2022-11-03,2022-08-09,000015.SH,上证红利指数,2701.4373,0.00700652748468467
2022-11-03,2022-08-10,000015.SH,上证红利指数,2685.1313,-0.00603604607073427
2022-11-03,2022-08-11,000015.SH,上证红利指数,2714.2213,0.0108337346482834
2022-11-03,2022-08-12,000015.SH,上证红利指数,2737.3478,0.00852049167840518
2022-11-03,2022-08-15,000015.SH,上证红利指数,2749.9807,0.00461501457724878
2022-11-03,2022-08-16,000015.SH,上证红利指数,2759.636,0.003511042822955
2022-11-03,2022-08-17,000015.SH,上证红利指数,2767.7657,0.00294593199972759
2022-11-03,2022-08-18,000015.SH,上证红利指数,2742.9936,-0.00895021569202914
2022-11-03,2022-08-19,000015.SH,上证红利指数,2769.0986,0.00951697444718791
2022-11-03,2022-08-22,000015.SH,上证红利指数,2791.9271,0.00824401846868139
2022-11-03,2022-08-23,000015.SH,上证红利指数,2804.5345,0.00451566231797407
2022-11-03,2022-08-24,000015.SH,上证红利指数,2759.6905,-0.0159898193443511
2022-11-03,2022-08-25,000015.SH,上证红利指数,2822.0989,0.0226142750427991
2022-11-03,2022-08-26,000015.SH,上证红利指数,2801.6944,-0.00723025688433532
2022-11-03,2022-08-29,000015.SH,上证红利指数,2822.903,0.00756991911751692
2022-11-03,2022-08-30,000015.SH,上证红利指数,2796.701,-0.00928193423578483
2022-11-03,2022-08-31,000015.SH,上证红利指数,2777.3371,-0.0069238363343096
2022-11-03,2022-09-01,000015.SH,上证红利指数,2805.5928,0.0101736659910674
2022-11-03,2022-09-02,000015.SH,上证红利指数,2800.1531,-0.00193887723122188
2022-11-03,2022-09-05,000015.SH,上证红利指数,2855.733,0.0198488789773674
2022-11-03,2022-09-06,000015.SH,上证红利指数,2902.9623,0.0165384158813167
2022-11-03,2022-09-07,000015.SH,上证红利指数,2894.2467,-0.00300231249989025
2022-11-03,2022-09-08,000015.SH,上证红利指数,2886.1717,-0.00279001786544331
2022-11-03,2022-09-09,000015.SH,上证红利指数,2926.1676,0.0138577687529817
2022-11-03,2022-09-13,000015.SH,上证红利指数,2905.1366,-0.00718721648069665
2022-11-03,2022-09-14,000015.SH,上证红利指数,2881.671,-0.00807727939539915
2022-11-03,2022-09-15,000015.SH,上证红利指数,2887.3899,0.00198457769814819
2022-11-03,2022-09-16,000015.SH,上证红利指数,2797.1686,-0.0312466632926852
2022-11-03,2022-09-19,000015.SH,上证红利指数,2802.7873,0.00200870980748169
2022-11-03,2022-09-20,000015.SH,上证红利指数,2796.466,-0.00225536201052434
2022-11-03,2022-09-21,000015.SH,上证红利指数,2821.9011,0.00909544403543627
2022-11-03,2022-09-22,000015.SH,上证红利指数,2832.6388,0.0038051298112467
2022-11-03,2022-09-23,000015.SH,上证红利指数,2811.0611,-0.00761752610322231
2022-11-03,2022-09-26,000015.SH,上证红利指数,2759.7592,-0.018250012424134
2022-11-03,2022-09-27,000015.SH,上证红利指数,2782.3008,0.00816795900164036
2022-11-03,2022-09-28,000015.SH,上证红利指数,2755.3857,-0.00967368445568506
2022-11-03,2022-09-29,000015.SH,上证红利指数,2753.104,-0.000828087334560856
2022-11-03,2022-09-30,000015.SH,上证红利指数,2774.358,0.00772001348296336
2022-11-03,2022-10-10,000015.SH,上证红利指数,2782.2828,0.00285644462610812
2022-11-03,2022-10-11,000015.SH,上证红利指数,2773.8533,-0.0030297063979261
2022-11-03,2022-10-12,000015.SH,上证红利指数,2806.544,0.0117853024166779
2022-11-03,2022-10-13,000015.SH,上证红利指数,2763.4485,-0.0153553623246241
2022-11-03,2022-10-14,000015.SH,上证红利指数,2788.7516,0.00915634939460608
2022-11-03,2022-10-17,000015.SH,上证红利指数,2780.6105,-0.00291926322875091
2022-11-03,2022-10-18,000015.SH,上证红利指数,2775.0627,-0.00199517336210875
2022-11-03,2022-10-19,000015.SH,上证红利指数,2769.9728,-0.00183415675616982
2022-11-03,2022-10-20,000015.SH,上证红利指数,2744.383,-0.00923828566114449
2022-11-03,2022-10-21,000015.SH,上证红利指数,2763.975,0.00713894525654779
2022-11-03,2022-10-24,000015.SH,上证红利指数,2704.5841,-0.021487495364466
2022-11-03,2022-10-25,000015.SH,上证红利指数,2685.3877,-0.00709772715146839
2022-11-03,2022-10-26,000015.SH,上证红利指数,2666.7635,-0.00693538590349552
2022-11-03,2022-10-27,000015.SH,上证红利指数,2678.7864,0.0045084237878612
2022-11-03,2022-10-28,000015.SH,上证红利指数,2625.757,-0.0197960539145636
2022-11-03,2022-10-31,000015.SH,上证红利指数,2563.7864,-0.0236010415282145
2022-11-03,2022-11-01,000015.SH,上证红利指数,2588.4571,0.00962275952474045
2022-11-03,2022-11-02,000015.SH,上证红利指数,2619.8913,0.0121439911057439
2022-11-03,2022-11-03,000015.SH,上证红利指数,2604.924,-0.00571294694554692
2022-11-03,2022-08-04,000016.SH,上证50指数,2741.0872,0.0112012149670135
2022-11-03,2022-08-05,000016.SH,上证50指数,2774.3351,0.0121294572460153
2022-11-03,2022-08-08,000016.SH,上证50指数,2761.1571,-0.0047499669380241
2022-11-03,2022-08-09,000016.SH,上证50指数,2764.068,0.00105423193776266
2022-11-03,2022-08-10,000016.SH,上证50指数,2730.9608,-0.0119777082184666
2022-11-03,2022-08-11,000016.SH,上证50指数,2787.0631,0.0205430630860759
2022-11-03,2022-08-12,000016.SH,上证50指数,2796.8887,0.00352543148377227
2022-11-03,2022-08-15,000016.SH,上证50指数,2782.666,-0.00508518626429422
2022-11-03,2022-08-16,000016.SH,上证50指数,2769.2609,-0.00481735860502119
2022-11-03,2022-08-17,000016.SH,上证50指数,2785.8529,0.00599149036481172
2022-11-03,2022-08-18,000016.SH,上证50指数,2759.2944,-0.00953334614329404
2022-11-03,2022-08-19,000016.SH,上证50指数,2750.6305,-0.00313989692437311
2022-11-03,2022-08-22,000016.SH,上证50指数,2756.3688,0.00208617624213803
2022-11-03,2022-08-23,000016.SH,上证50指数,2735.666,-0.00751089621969314
2022-11-03,2022-08-24,000016.SH,上证50指数,2708.0902,-0.0100801048081163
2022-11-03,2022-08-25,000016.SH,上证50指数,2752.556,0.0164196155652423
2022-11-03,2022-08-26,000016.SH,上证50指数,2751.5894,-0.00035116451763384
2022-11-03,2022-08-29,000016.SH,上证50指数,2732.2055,-0.00704461937525991
2022-11-03,2022-08-30,000016.SH,上证50指数,2726.6602,-0.00202960575256883
2022-11-03,2022-08-31,000016.SH,上证50指数,2761.7831,0.0128812897184623
2022-11-03,2022-09-01,000016.SH,上证50指数,2732.399,-0.0106395393613641
2022-11-03,2022-09-02,000016.SH,上证50指数,2711.2642,-0.00773488791351473
2022-11-03,2022-09-05,000016.SH,上证50指数,2697.7665,-0.00497837872089335
2022-11-03,2022-09-06,000016.SH,上证50指数,2724.498,0.00990875229564891
2022-11-03,2022-09-07,000016.SH,上证50指数,2710.6862,-0.00506948436005461
2022-11-03,2022-09-08,000016.SH,上证50指数,2708.2782,-0.000888335949768004
2022-11-03,2022-09-09,000016.SH,上证50指数,2757.5659,0.0181989058583421
2022-11-03,2022-09-13,000016.SH,上证50指数,2769.2348,0.00423159424766606
2022-11-03,2022-09-14,000016.SH,上证50指数,2745.4284,-0.00859674304251856
2022-11-03,2022-09-15,000016.SH,上证50指数,2743.7886,-0.000597283833736029
2022-11-03,2022-09-16,000016.SH,上证50指数,2678.0331,-0.0239652209357527
2022-11-03,2022-09-19,000016.SH,上证50指数,2679.5857,0.000579753849943021
2022-11-03,2022-09-20,000016.SH,上证50指数,2673.8804,-0.00212917243139488
2022-11-03,2022-09-21,000016.SH,上证50指数,2652.2142,-0.00810290542538861
2022-11-03,2022-09-22,000016.SH,上证50指数,2629.3701,-0.00861321834412909
2022-11-03,2022-09-23,000016.SH,上证50指数,2629.8089,0.000166884076151952
2022-11-03,2022-09-26,000016.SH,上证50指数,2614.8998,-0.00566927125389216
2022-11-03,2022-09-27,000016.SH,上证50指数,2642.9212,0.0107160511465869
2022-11-03,2022-09-28,000016.SH,上证50指数,2611.9815,-0.0117066297701196
2022-11-03,2022-09-29,000016.SH,上证50指数,2608.9774,-0.00115012300048822
2022-11-03,2022-09-30,000016.SH,上证50指数,2610.1165,0.000436607844897408
2022-11-03,2022-10-10,000016.SH,上证50指数,2545.0494,-0.0249288106488734
2022-11-03,2022-10-11,000016.SH,上证50指数,2539.9455,-0.00200542276311022
2022-11-03,2022-10-12,000016.SH,上证50指数,2555.024,0.00593654470145122
2022-11-03,2022-10-13,000016.SH,上证50指数,2523.6321,-0.0122863425157651
2022-11-03,2022-10-14,000016.SH,上证50指数,2584.6847,0.0241923535526434
2022-11-03,2022-10-17,000016.SH,上证50指数,2585.4973,0.00031439037806047
2022-11-03,2022-10-18,000016.SH,上证50指数,2569.9675,-0.0060065040485634
2022-11-03,2022-10-19,000016.SH,上证50指数,2519.9033,-0.0194804798115152
2022-11-03,2022-10-20,000016.SH,上证50指数,2501.4956,-0.00730492316907549
2022-11-03,2022-10-21,000016.SH,上证50指数,2487.221,-0.00570642618759765
2022-11-03,2022-10-24,000016.SH,上证50指数,2392.5978,-0.0380437444038949
2022-11-03,2022-10-25,000016.SH,上证50指数,2394.92,0.000970576834936621
2022-11-03,2022-10-26,000016.SH,上证50指数,2400.5156,0.00233644547625822
2022-11-03,2022-10-27,000016.SH,上证50指数,2381.2628,-0.00802027697716279
2022-11-03,2022-10-28,000016.SH,上证50指数,2326.9417,-0.0228118878773061
2022-11-03,2022-10-31,000016.SH,上证50指数,2295.9239,-0.0133298569534424
2022-11-03,2022-11-01,000016.SH,上证50指数,2396.6294,0.0438627343005575
2022-11-03,2022-11-02,000016.SH,上证50指数,2418.3222,0.00905137857359173
2022-11-03,2022-11-03,000016.SH,上证50指数,2387.4523,-0.0127650070780478
2022-11-03,2022-08-04,000018.SH,上证180金融股指数,4066.6351,0.0101097034847142
2022-11-03,2022-08-05,000018.SH,上证180金融股指数,4121.5096,0.01349383425132
2022-11-03,2022-08-08,000018.SH,上证180金融股指数,4100.6261,-0.0050669541082714
2022-11-03,2022-08-09,000018.SH,上证180金融股指数,4080.8216,-0.00482962833407319
2022-11-03,2022-08-10,000018.SH,上证180金融股指数,4055.5279,-0.00619818812956685
2022-11-03,2022-08-11,000018.SH,上证180金融股指数,4173.1379,0.0289999237830418
2022-11-03,2022-08-12,000018.SH,上证180金融股指数,4173.1446,1.60550649419555e-06
2022-11-03,2022-08-15,000018.SH,上证180金融股指数,4129.2101,-0.0105279122127711
2022-11-03,2022-08-16,000018.SH,上证180金融股指数,4123.6741,-0.00134069225491817
2022-11-03,2022-08-17,000018.SH,上证180金融股指数,4169.9899,0.0112316829305206
2022-11-03,2022-08-18,000018.SH,上证180金融股指数,4126.7749,-0.01036333445316
2022-11-03,2022-08-19,000018.SH,上证180金融股指数,4132.9443,0.00149496886781963
2022-11-03,2022-08-22,000018.SH,上证180金融股指数,4126.5929,-0.0015367736748837
2022-11-03,2022-08-23,000018.SH,上证180金融股指数,4105.7277,-0.00505627778305906
2022-11-03,2022-08-24,000018.SH,上证180金融股指数,4096.7373,-0.00218972144694363
2022-11-03,2022-08-25,000018.SH,上证180金融股指数,4176.7708,0.0195359121513601
2022-11-03,2022-08-26,000018.SH,上证180金融股指数,4166.931,-0.0023558391090075
2022-11-03,2022-08-29,000018.SH,上证180金融股指数,4127.1449,-0.0095480582711831
2022-11-03,2022-08-30,000018.SH,上证180金融股指数,4140.0871,0.00313587245264868
2022-11-03,2022-08-31,000018.SH,上证180金融股指数,4206.6713,0.0160828017362245
2022-11-03,2022-09-01,000018.SH,上证180金融股指数,4175.9495,-0.00730311398468431
2022-11-03,2022-09-02,000018.SH,上证180金融股指数,4167.771,-0.00195847674882088
2022-11-03,2022-09-05,000018.SH,上证180金融股指数,4186.4408,0.0044795647361624
2022-11-03,2022-09-06,000018.SH,上证180金融股指数,4192.0611,0.00134250077058296
2022-11-03,2022-09-07,000018.SH,上证180金融股指数,4171.5228,-0.00489933221631722
2022-11-03,2022-09-08,000018.SH,上证180金融股指数,4171.7511,5.47282157969953e-05
2022-11-03,2022-09-09,000018.SH,上证180金融股指数,4246.3576,0.0178837371194076
2022-11-03,2022-09-13,000018.SH,上证180金融股指数,4272.0235,0.00604421540004063
2022-11-03,2022-09-14,000018.SH,上证180金融股指数,4226.9527,-0.0105502228627723
2022-11-03,2022-09-15,000018.SH,上证180金融股指数,4264.3105,0.00883799811623143
2022-11-03,2022-09-16,000018.SH,上证180金融股指数,4138.0934,-0.0295984778781939
2022-11-03,2022-09-19,000018.SH,上证180金融股指数,4141.1747,0.000744618282419562
2022-11-03,2022-09-20,000018.SH,上证180金融股指数,4105.3887,-0.00864150937655428
2022-11-03,2022-09-21,000018.SH,上证180金融股指数,4108.5431,0.000768355990262037
2022-11-03,2022-09-22,000018.SH,上证180金融股指数,4094.6251,-0.00338757551308144
2022-11-03,2022-09-23,000018.SH,上证180金融股指数,4115.1284,0.0050073692949324
2022-11-03,2022-09-26,000018.SH,上证180金融股指数,4049.7242,-0.0158935988485801
2022-11-03,2022-09-27,000018.SH,上证180金融股指数,4060.9779,0.00277888059636244
2022-11-03,2022-09-28,000018.SH,上证180金融股指数,4036.8432,-0.00594307592759868
2022-11-03,2022-09-29,000018.SH,上证180金融股指数,3984.9874,-0.0128456314577687
2022-11-03,2022-09-30,000018.SH,上证180金融股指数,4009.6309,0.00618408479785915
2022-11-03,2022-10-10,000018.SH,上证180金融股指数,3960.948,-0.0121414916270722
2022-11-03,2022-10-11,000018.SH,上证180金融股指数,3947.8986,-0.00329451434353589
2022-11-03,2022-10-12,000018.SH,上证180金融股指数,3991.759,0.0111098091526465
2022-11-03,2022-10-13,000018.SH,上证180金融股指数,3946.3649,-0.0113719540683693
2022-11-03,2022-10-14,000018.SH,上证180金融股指数,3994.9269,0.0123055017036058
2022-11-03,2022-10-17,000018.SH,上证180金融股指数,4001.4589,0.00163507372312632
2022-11-03,2022-10-18,000018.SH,上证180金融股指数,3984.5902,-0.00421563745163045
2022-11-03,2022-10-19,000018.SH,上证180金融股指数,3944.7264,-0.0100044918044521
2022-11-03,2022-10-20,000018.SH,上证180金融股指数,3926.5593,-0.00460541445916252
2022-11-03,2022-10-21,000018.SH,上证180金融股指数,3911.0757,-0.00394329967205642
2022-11-03,2022-10-24,000018.SH,上证180金融股指数,3798.882,-0.0286861489282858
2022-11-03,2022-10-25,000018.SH,上证180金融股指数,3795.7673,-0.000819899117687761
2022-11-03,2022-10-26,000018.SH,上证180金融股指数,3781.4852,-0.00376263845257319
2022-11-03,2022-10-27,000018.SH,上证180金融股指数,3782.2859,0.000211742201185805
2022-11-03,2022-10-28,000018.SH,上证180金融股指数,3729.7506,-0.0138898278419408
2022-11-03,2022-10-31,000018.SH,上证180金融股指数,3704.7581,-0.00670085018553246
2022-11-03,2022-11-01,000018.SH,上证180金融股指数,3799.4358,0.0255557036234026
2022-11-03,2022-11-02,000018.SH,上证180金融股指数,3796.2086,-0.00084938926984901
2022-11-03,2022-11-03,000018.SH,上证180金融股指数,3765.9052,-0.00798254342503724
2022-11-03,2022-08-04,000068.SH,上证自然资源指数,2693.2117,-0.000338328996981385
2022-11-03,2022-08-05,000068.SH,上证自然资源指数,2719.4937,0.00975860902431114
2022-11-03,2022-08-08,000068.SH,上证自然资源指数,2757.9587,0.0141441769105772
2022-11-03,2022-08-09,000068.SH,上证自然资源指数,2798.4057,0.014665556812
2022-11-03,2022-08-10,000068.SH,上证自然资源指数,2795.3241,-0.00110119844309919
2022-11-03,2022-08-11,000068.SH,上证自然资源指数,2807.3001,0.0042842974809254
2022-11-03,2022-08-12,000068.SH,上证自然资源指数,2846.0172,0.0137915786060778
2022-11-03,2022-08-15,000068.SH,上证自然资源指数,2877.6535,0.0111159904444711
2022-11-03,2022-08-16,000068.SH,上证自然资源指数,2857.2459,-0.00709175027500708
2022-11-03,2022-08-17,000068.SH,上证自然资源指数,2847.828,-0.00329614612449003
2022-11-03,2022-08-18,000068.SH,上证自然资源指数,2828.3637,-0.00683478777510438
2022-11-03,2022-08-19,000068.SH,上证自然资源指数,2831.7349,0.00119192591815542
2022-11-03,2022-08-22,000068.SH,上证自然资源指数,2893.4457,0.021792576699182
2022-11-03,2022-08-23,000068.SH,上证自然资源指数,2918.933,0.00880863255875153
2022-11-03,2022-08-24,000068.SH,上证自然资源指数,2868.8611,-0.0171541792840054
2022-11-03,2022-08-25,000068.SH,上证自然资源指数,2953.1705,0.0293877594840686
2022-11-03,2022-08-26,000068.SH,上证自然资源指数,2920.2224,-0.0111568566731924
2022-11-03,2022-08-29,000068.SH,上证自然资源指数,2931.0292,0.00370067704432375
2022-11-03,2022-08-30,000068.SH,上证自然资源指数,2859.9813,-0.0242399154535888
2022-11-03,2022-08-31,000068.SH,上证自然资源指数,2787.8974,-0.0252043256366746
2022-11-03,2022-09-01,000068.SH,上证自然资源指数,2810.6824,0.00817282587228663
2022-11-03,2022-09-02,000068.SH,上证自然资源指数,2799.0515,-0.00413810539390724
2022-11-03,2022-09-05,000068.SH,上证自然资源指数,2874.9201,0.0271051104275859
2022-11-03,2022-09-06,000068.SH,上证自然资源指数,2935.2149,0.0209726872061593
2022-11-03,2022-09-07,000068.SH,上证自然资源指数,2954.1119,0.00643802946080707
2022-11-03,2022-09-08,000068.SH,上证自然资源指数,2926.4345,-0.00936911022226339
2022-11-03,2022-09-09,000068.SH,上证自然资源指数,2963.4407,0.0126454906132361
2022-11-03,2022-09-13,000068.SH,上证自然资源指数,2952.5331,-0.00368072153426258
2022-11-03,2022-09-14,000068.SH,上证自然资源指数,2912.6773,-0.0134988495133214
2022-11-03,2022-09-15,000068.SH,上证自然资源指数,2867.1409,-0.0156338637308019
2022-11-03,2022-09-16,000068.SH,上证自然资源指数,2759.1969,-0.0376486554950962
2022-11-03,2022-09-19,000068.SH,上证自然资源指数,2752.1238,-0.00256346330339818
2022-11-03,2022-09-20,000068.SH,上证自然资源指数,2782.1893,0.0109244722203268
2022-11-03,2022-09-21,000068.SH,上证自然资源指数,2815.1281,0.0118391656527468
2022-11-03,2022-09-22,000068.SH,上证自然资源指数,2845.0688,0.0106356438984074
2022-11-03,2022-09-23,000068.SH,上证自然资源指数,2804.9036,-0.0141174793382852
2022-11-03,2022-09-26,000068.SH,上证自然资源指数,2709.4478,-0.0340317578115698
2022-11-03,2022-09-27,000068.SH,上证自然资源指数,2709.8569,0.000150990175932009
2022-11-03,2022-09-28,000068.SH,上证自然资源指数,2637.3207,-0.0267675389058367
2022-11-03,2022-09-29,000068.SH,上证自然资源指数,2668.1332,0.0116832586950839
2022-11-03,2022-09-30,000068.SH,上证自然资源指数,2665.1018,-0.00113615017421176
2022-11-03,2022-10-10,000068.SH,上证自然资源指数,2659.9318,-0.0019398883749957
2022-11-03,2022-10-11,000068.SH,上证自然资源指数,2672.6473,0.00478038572267159
2022-11-03,2022-10-12,000068.SH,上证自然资源指数,2702.798,0.0112812117034671
2022-11-03,2022-10-13,000068.SH,上证自然资源指数,2654.1347,-0.0180047861512402
2022-11-03,2022-10-14,000068.SH,上证自然资源指数,2690.4049,0.0136655460629032
2022-11-03,2022-10-17,000068.SH,上证自然资源指数,2676.7344,-0.0050812054349143
2022-11-03,2022-10-18,000068.SH,上证自然资源指数,2667.0632,-0.00361305925608446
2022-11-03,2022-10-19,000068.SH,上证自然资源指数,2637.0057,-0.0112698866678524
2022-11-03,2022-10-20,000068.SH,上证自然资源指数,2610.4766,-0.010060311966713
2022-11-03,2022-10-21,000068.SH,上证自然资源指数,2606.9235,-0.00136109245338578
2022-11-03,2022-10-24,000068.SH,上证自然资源指数,2580.4366,-0.010160213753875
2022-11-03,2022-10-25,000068.SH,上证自然资源指数,2561.2355,-0.00744102761524934
2022-11-03,2022-10-26,000068.SH,上证自然资源指数,2551.106,-0.00395492722164736
2022-11-03,2022-10-27,000068.SH,上证自然资源指数,2576.2501,0.00985615650623695
2022-11-03,2022-10-28,000068.SH,上证自然资源指数,2529.2973,-0.0182252491712664
2022-11-03,2022-10-31,000068.SH,上证自然资源指数,2462.2358,-0.0265138858923386
2022-11-03,2022-11-01,000068.SH,上证自然资源指数,2507.0396,0.0181963888267729
2022-11-03,2022-11-02,000068.SH,上证自然资源指数,2544.5801,0.0149740355118444
2022-11-03,2022-11-03,000068.SH,上证自然资源指数,2541.5265,-0.00120004082402447
2022-11-03,2022-08-04,000069.SH,上证消费80指数,6161.337,0.0111951612338075
2022-11-03,2022-08-05,000069.SH,上证消费80指数,6224.6744,0.0102798142675851
2022-11-03,2022-08-08,000069.SH,上证消费80指数,6198.979,-0.00412799101588346
2022-11-03,2022-08-09,000069.SH,上证消费80指数,6183.5261,-0.00249281373593946
2022-11-03,2022-08-10,000069.SH,上证消费80指数,6072.4592,-0.0179617419258568
2022-11-03,2022-08-11,000069.SH,上证消费80指数,6202.0883,0.0213470516195482
2022-11-03,2022-08-12,000069.SH,上证消费80指数,6206.3469,0.000686639691988677
2022-11-03,2022-08-15,000069.SH,上证消费80指数,6155.2661,-0.00823041328869323
2022-11-03,2022-08-16,000069.SH,上证消费80指数,6109.6467,-0.00741144237452218
2022-11-03,2022-08-17,000069.SH,上证消费80指数,6153.3144,0.00714733635907283
2022-11-03,2022-08-18,000069.SH,上证消费80指数,6083.1397,-0.0114043742019748
2022-11-03,2022-08-19,000069.SH,上证消费80指数,6044.5412,-0.00634516087144932
2022-11-03,2022-08-22,000069.SH,上证消费80指数,6085.0668,0.00670449561994868
2022-11-03,2022-08-23,000069.SH,上证消费80指数,6030.8248,-0.00891395308922482
2022-11-03,2022-08-24,000069.SH,上证消费80指数,5939.8036,-0.0150926619523087
2022-11-03,2022-08-25,000069.SH,上证消费80指数,6019.205,0.0133676810458851
2022-11-03,2022-08-26,000069.SH,上证消费80指数,6057.8538,0.00642091438985704
2022-11-03,2022-08-29,000069.SH,上证消费80指数,6005.21,-0.00869017340761835
2022-11-03,2022-08-30,000069.SH,上证消费80指数,5983.0807,-0.00368501684370737
2022-11-03,2022-08-31,000069.SH,上证消费80指数,6040.4287,0.00958502866257516
2022-11-03,2022-09-01,000069.SH,上证消费80指数,5953.8163,-0.0143387836032234
2022-11-03,2022-09-02,000069.SH,上证消费80指数,5888.402,-0.0109869530237271
2022-11-03,2022-09-05,000069.SH,上证消费80指数,5799.2966,-0.0151323567922164
2022-11-03,2022-09-06,000069.SH,上证消费80指数,5860.477,0.0105496242423608
2022-11-03,2022-09-07,000069.SH,上证消费80指数,5826.1306,-0.00586068335393164
2022-11-03,2022-09-08,000069.SH,上证消费80指数,5827.191,0.000182007591796651
2022-11-03,2022-09-09,000069.SH,上证消费80指数,5925.2603,0.0168296010891011
2022-11-03,2022-09-13,000069.SH,上证消费80指数,5929.7444,0.000756776879490051
2022-11-03,2022-09-14,000069.SH,上证消费80指数,5890.3856,-0.00663752049751076
2022-11-03,2022-09-15,000069.SH,上证消费80指数,5861.5161,-0.0049011222626919
2022-11-03,2022-09-16,000069.SH,上证消费80指数,5734.5598,-0.0216592939154427
2022-11-03,2022-09-19,000069.SH,上证消费80指数,5739.2881,0.000824527106683792
2022-11-03,2022-09-20,000069.SH,上证消费80指数,5770.3607,0.00541401641782024
2022-11-03,2022-09-21,000069.SH,上证消费80指数,5663.7565,-0.0184744430274523
2022-11-03,2022-09-22,000069.SH,上证消费80指数,5574.5639,-0.0157479580910656
2022-11-03,2022-09-23,000069.SH,上证消费80指数,5555.9189,-0.00334465625194469
2022-11-03,2022-09-26,000069.SH,上证消费80指数,5600.7924,0.00807670176755115
2022-11-03,2022-09-27,000069.SH,上证消费80指数,5775.8277,0.0312518814302061
2022-11-03,2022-09-28,000069.SH,上证消费80指数,5722.8487,-0.00917253816279873
2022-11-03,2022-09-29,000069.SH,上证消费80指数,5739.7826,0.00295899837435853
2022-11-03,2022-09-30,000069.SH,上证消费80指数,5701.0773,-0.00674333902472191
2022-11-03,2022-10-10,000069.SH,上证消费80指数,5498.5477,-0.0355247945857531
2022-11-03,2022-10-11,000069.SH,上证消费80指数,5487.8458,-0.0019463139330409
2022-11-03,2022-10-12,000069.SH,上证消费80指数,5502.7199,0.00271037134461749
2022-11-03,2022-10-13,000069.SH,上证消费80指数,5524.4964,0.00395740659087518
2022-11-03,2022-10-14,000069.SH,上证消费80指数,5730.6821,0.037322080615348
2022-11-03,2022-10-17,000069.SH,上证消费80指数,5751.5522,0.00364181778640282
2022-11-03,2022-10-18,000069.SH,上证消费80指数,5757.5154,0.00103679837940107
2022-11-03,2022-10-19,000069.SH,上证消费80指数,5611.1146,-0.0254277739317902
2022-11-03,2022-10-20,000069.SH,上证消费80指数,5573.2537,-0.00674748293324823
2022-11-03,2022-10-21,000069.SH,上证消费80指数,5537.8794,-0.00634715408702824
2022-11-03,2022-10-24,000069.SH,上证消费80指数,5315.0006,-0.0402462357703203
2022-11-03,2022-10-25,000069.SH,上证消费80指数,5305.0527,-0.00187166488748847
2022-11-03,2022-10-26,000069.SH,上证消费80指数,5403.3027,0.0185200799230514
2022-11-03,2022-10-27,000069.SH,上证消费80指数,5336.2085,-0.0124172573193059
2022-11-03,2022-10-28,000069.SH,上证消费80指数,5198.3855,-0.0258278888465471
2022-11-03,2022-10-31,000069.SH,上证消费80指数,5143.9317,-0.0104751369439608
2022-11-03,2022-11-01,000069.SH,上证消费80指数,5413.8995,0.0524827730508164
2022-11-03,2022-11-02,000069.SH,上证消费80指数,5542.7899,0.0238073130097816
2022-11-03,2022-11-03,000069.SH,上证消费80指数,5496.4339,-0.00836329733515606
2022-11-03,2022-08-04,000300.SH,沪深300指数,4101.5367,0.0084980351737558
2022-11-03,2022-08-05,000300.SH,沪深300指数,4156.9111,0.0135008910197001
2022-11-03,2022-08-08,000300.SH,沪深300指数,4148.0746,-0.00212573706471619
2022-11-03,2022-08-09,000300.SH,沪深300指数,4156.2907,0.00198070208284085
2022-11-03,2022-08-10,000300.SH,沪深300指数,4109.7373,-0.0112007083623866
2022-11-03,2022-08-11,000300.SH,沪深300指数,4193.5428,0.0203919360003864
2022-11-03,2022-08-12,000300.SH,沪深300指数,4191.152,-0.000570114605721983
2022-11-03,2022-08-15,000300.SH,沪深300指数,4185.6794,-0.00130575078164663
2022-11-03,2022-08-16,000300.SH,沪深300指数,4177.837,-0.00187362653718759
2022-11-03,2022-08-17,000300.SH,沪深300指数,4216.9586,0.009364080025142
2022-11-03,2022-08-18,000300.SH,沪深300指数,4180.0996,-0.00874065967828097
2022-11-03,2022-08-19,000300.SH,沪深300指数,4151.0738,-0.00694380583658805
2022-11-03,2022-08-22,000300.SH,沪深300指数,4181.3965,0.00730478460778028
2022-11-03,2022-08-23,000300.SH,沪深300指数,4161.0823,-0.00485823336772773
2022-11-03,2022-08-24,000300.SH,沪深300指数,4082.4195,-0.0189044085958118
2022-11-03,2022-08-25,000300.SH,沪深300指数,4116.2396,0.00828432746806151
2022-11-03,2022-08-26,000300.SH,沪深300指数,4107.5455,-0.00211214624143841
2022-11-03,2022-08-29,000300.SH,沪深300指数,4089.5205,-0.00438826544952453
2022-11-03,2022-08-30,000300.SH,沪深300指数,4075.7937,-0.00335657933491218
2022-11-03,2022-08-31,000300.SH,沪深300指数,4078.8402,0.000747461776585912
2022-11-03,2022-09-01,000300.SH,沪深300指数,4043.7395,-0.0086055590017966
2022-11-03,2022-09-02,000300.SH,沪深300指数,4023.6131,-0.00497717521121233
2022-11-03,2022-09-05,000300.SH,沪深300指数,4015.4264,-0.00203466381993844
2022-11-03,2022-09-06,000300.SH,沪深300指数,4052.2802,0.00917805391726279
2022-11-03,2022-09-07,000300.SH,沪深300指数,4054.983,0.000666982505306501
2022-11-03,2022-09-08,000300.SH,沪深300指数,4037.6839,-0.00426613379143637
2022-11-03,2022-09-09,000300.SH,沪深300指数,4093.7874,0.0138949708272111
2022-11-03,2022-09-13,000300.SH,沪深300指数,4111.1145,0.00423253537787516
2022-11-03,2022-09-14,000300.SH,沪深300指数,4065.359,-0.0111297070417279
2022-11-03,2022-09-15,000300.SH,沪深300指数,4027.1186,-0.00940640174705365
2022-11-03,2022-09-16,000300.SH,沪深300指数,3932.6826,-0.0234500170916246
2022-11-03,2022-09-19,000300.SH,沪深300指数,3928.0001,-0.00119066308580307
2022-11-03,2022-09-20,000300.SH,沪深300指数,3932.8361,0.00123116086478703
2022-11-03,2022-09-21,000300.SH,沪深300指数,3903.7348,-0.00739957101187105
2022-11-03,2022-09-22,000300.SH,沪深300指数,3869.344,-0.00880971729944369
2022-11-03,2022-09-23,000300.SH,沪深300指数,3856.0212,-0.00344316762738073
2022-11-03,2022-09-26,000300.SH,沪深300指数,3836.6773,-0.00501654399617935
2022-11-03,2022-09-27,000300.SH,沪深300指数,3892.295,0.0144963195106349
2022-11-03,2022-09-28,000300.SH,沪深300指数,3828.7098,-0.0163361718472007
2022-11-03,2022-09-29,000300.SH,沪深300指数,3827.1434,-0.000409119542045255
2022-11-03,2022-09-30,000300.SH,沪深300指数,3804.8853,-0.00581585210525426
2022-11-03,2022-10-10,000300.SH,沪深300指数,3720.9365,-0.0220634246188709
2022-11-03,2022-10-11,000300.SH,沪深300指数,3727.6867,0.00181411319435321
2022-11-03,2022-10-12,000300.SH,沪深300指数,3784.3064,0.0151889642442322
2022-11-03,2022-10-13,000300.SH,沪深300指数,3752.6729,-0.00835912758015578
2022-11-03,2022-10-14,000300.SH,沪深300指数,3842.4698,0.0239287842007225
2022-11-03,2022-10-17,000300.SH,沪深300指数,3846.4119,0.00102592868784557
2022-11-03,2022-10-18,000300.SH,沪深300指数,3838.2667,-0.0021176099210799
2022-11-03,2022-10-19,000300.SH,沪深300指数,3776.5335,-0.016083613991701
2022-11-03,2022-10-20,000300.SH,沪深300指数,3754.9269,-0.00572127852169191
2022-11-03,2022-10-21,000300.SH,沪深300指数,3742.8929,-0.00320485599866138
2022-11-03,2022-10-24,000300.SH,沪深300指数,3633.3733,-0.0292606822920313
2022-11-03,2022-10-25,000300.SH,沪深300指数,3627.4542,-0.00162909217172924
2022-11-03,2022-10-26,000300.SH,沪深300指数,3656.9027,0.00811822792965922
2022-11-03,2022-10-27,000300.SH,沪深300指数,3631.1448,-0.0070436383226713
2022-11-03,2022-10-28,000300.SH,沪深300指数,3541.3295,-0.0247347062557242
2022-11-03,2022-10-31,000300.SH,沪深300指数,3508.7034,-0.009212952367183
2022-11-03,2022-11-01,000300.SH,沪深300指数,3634.1732,0.0357595914205802
2022-11-03,2022-11-02,000300.SH,沪深300指数,3677.8051,0.012006004556965
2022-11-03,2022-11-03,000300.SH,沪深300指数,3647.8966,-0.00813216012996443
2022-11-03,2022-08-04,000688.SH,上证科创板50成份指数,1110.9172,0.00960495784789628
2022-11-03,2022-08-05,000688.SH,上证科创板50成份指数,1157.3329,0.041781421693714
2022-11-03,2022-08-08,000688.SH,上证科创板50成份指数,1152.5774,-0.00410901651547291
2022-11-03,2022-08-09,000688.SH,上证科创板50成份指数,1162.3201,0.00845296810435459
2022-11-03,2022-08-10,000688.SH,上证科创板50成份指数,1156.1562,-0.00530310023891012
2022-11-03,2022-08-11,000688.SH,上证科创板50成份指数,1173.1444,0.0146936893129146
2022-11-03,2022-08-12,000688.SH,上证科创板50成份指数,1146.1911,-0.0229752620393533
2022-11-03,2022-08-15,000688.SH,上证科创板50成份指数,1143.7473,-0.00213210519607077
2022-11-03,2022-08-16,000688.SH,上证科创板50成份指数,1137.3015,-0.00563568543506066
2022-11-03,2022-08-17,000688.SH,上证科创板50成份指数,1132.3118,-0.00438731506113377
2022-11-03,2022-08-18,000688.SH,上证科创板50成份指数,1146.6341,0.0126487244944371
2022-11-03,2022-08-19,000688.SH,上证科创板50成份指数,1108.4523,-0.0332990271264391
2022-11-03,2022-08-22,000688.SH,上证科创板50成份指数,1107.2808,-0.00105687903755525
2022-11-03,2022-08-23,000688.SH,上证科创板50成份指数,1107.2996,1.69785297461367e-05
2022-11-03,2022-08-24,000688.SH,上证科创板50成份指数,1068.9833,-0.0346033720232537
2022-11-03,2022-08-25,000688.SH,上证科创板50成份指数,1055.8892,-0.012249115584874
2022-11-03,2022-08-26,000688.SH,上证科创板50成份指数,1045.9939,-0.00937153254337686
2022-11-03,2022-08-29,000688.SH,上证科创板50成份指数,1054.2848,0.00792633685531041
2022-11-03,2022-08-30,000688.SH,上证科创板50成份指数,1050.2819,-0.00379679191049698
2022-11-03,2022-08-31,000688.SH,上证科创板50成份指数,1029.6563,-0.0196381561940655
2022-11-03,2022-09-01,000688.SH,上证科创板50成份指数,1025.6604,-0.00388080954780745
2022-11-03,2022-09-02,000688.SH,上证科创板50成份指数,1030.1201,0.00434812536391194
2022-11-03,2022-09-05,000688.SH,上证科创板50成份指数,1024.3926,-0.00556003130120475
2022-11-03,2022-09-06,000688.SH,上证科创板50成份指数,1035.7838,0.0111199553764836
2022-11-03,2022-09-07,000688.SH,上证科创板50成份指数,1049.5791,0.0133187060851889
2022-11-03,2022-09-08,000688.SH,上证科创板50成份指数,1040.773,-0.00839012514635629
2022-11-03,2022-09-09,000688.SH,上证科创板50成份指数,1033.7843,-0.00671491285803905
2022-11-03,2022-09-13,000688.SH,上证科创板50成份指数,1031.1702,-0.0025286706327422
2022-11-03,2022-09-14,000688.SH,上证科创板50成份指数,1031.304,0.00012975549526173
2022-11-03,2022-09-15,000688.SH,上证科创板50成份指数,1000.0806,-0.0302756510204557
2022-11-03,2022-09-16,000688.SH,上证科创板50成份指数,998.5182,-0.00156227408070908
2022-11-03,2022-09-19,000688.SH,上证科创板50成份指数,975.5474,-0.0230048886439926
2022-11-03,2022-09-20,000688.SH,上证科创板50成份指数,985.151,0.00984431919966156
2022-11-03,2022-09-21,000688.SH,上证科创板50成份指数,970.3929,-0.0149805461294765
2022-11-03,2022-09-22,000688.SH,上证科创板50成份指数,975.8694,0.0056435903436638
2022-11-03,2022-09-23,000688.SH,上证科创板50成份指数,960.9396,-0.0152989734077121
2022-11-03,2022-09-26,000688.SH,上证科创板50成份指数,961.8284,0.000924928059994556
2022-11-03,2022-09-27,000688.SH,上证科创板50成份指数,976.4453,0.0151969935593501
2022-11-03,2022-09-28,000688.SH,上证科创板50成份指数,956.1881,-0.0207458625690553
2022-11-03,2022-09-29,000688.SH,上证科创板50成份指数,961.4745,0.00552861931663862
2022-11-03,2022-09-30,000688.SH,上证科创板50成份指数,939.3763,-0.0229836568728552
2022-11-03,2022-10-10,000688.SH,上证科创板50成份指数,897.335,-0.0447544823091661
2022-11-03,2022-10-11,000688.SH,上证科创板50成份指数,892.7394,-0.00512138721882016
2022-11-03,2022-10-12,000688.SH,上证科创板50成份指数,924.9136,0.0360398566479758
2022-11-03,2022-10-13,000688.SH,上证科创板50成份指数,926.5203,0.00173713523079355
2022-11-03,2022-10-14,000688.SH,上证科创板50成份指数,954.9237,0.0306559931822326
2022-11-03,2022-10-17,000688.SH,上证科创板50成份指数,963.2239,0.00869200335063414
2022-11-03,2022-10-18,000688.SH,上证科创板50成份指数,959.9995,-0.00334750829999131
2022-11-03,2022-10-19,000688.SH,上证科创板50成份指数,949.4981,-0.0109389640307104
2022-11-03,2022-10-20,000688.SH,上证科创板50成份指数,963.9516,0.0152222526827595
2022-11-03,2022-10-21,000688.SH,上证科创板50成份指数,967.9801,0.00417915173334427
2022-11-03,2022-10-24,000688.SH,上证科创板50成份指数,969.4924,0.00156232550648516
2022-11-03,2022-10-25,000688.SH,上证科创板50成份指数,971.3335,0.0018990350001713
2022-11-03,2022-10-26,000688.SH,上证科创板50成份指数,1003.2544,0.0328629662211795
2022-11-03,2022-10-27,000688.SH,上证科创板50成份指数,1004.9093,0.00164953176382787
2022-11-03,2022-10-28,000688.SH,上证科创板50成份指数,993.7213,-0.0111333430788231
2022-11-03,2022-10-31,000688.SH,上证科创板50成份指数,1010.3269,0.0167105203440845
2022-11-03,2022-11-01,000688.SH,上证科创板50成份指数,1024.5223,0.014050303916485
2022-11-03,2022-11-02,000688.SH,上证科创板50成份指数,1037.1791,0.0123538550600606
2022-11-03,2022-11-03,000688.SH,上证科创板50成份指数,1048.0697,0.0105002115835153
2022-11-03,2022-08-04,000812.CSI,中证细分机械设备产业主题指数,9257.1967,-0.00299192996359365
2022-11-03,2022-08-05,000812.CSI,中证细分机械设备产业主题指数,9319.0514,0.00668179601282537
2022-11-03,2022-08-08,000812.CSI,中证细分机械设备产业主题指数,9326.0213,0.000747919471717928
2022-11-03,2022-08-09,000812.CSI,中证细分机械设备产业主题指数,9512.385,0.0199831947628084
2022-11-03,2022-08-10,000812.CSI,中证细分机械设备产业主题指数,9410.5335,-0.0107072516513999
2022-11-03,2022-08-11,000812.CSI,中证细分机械设备产业主题指数,9553.8227,0.0152264693601061
2022-11-03,2022-08-12,000812.CSI,中证细分机械设备产业主题指数,9425.6257,-0.0134183984804324
2022-11-03,2022-08-15,000812.CSI,中证细分机械设备产业主题指数,9692.107,0.0282720010831747
2022-11-03,2022-08-16,000812.CSI,中证细分机械设备产业主题指数,9790.5314,0.010155108687925
2022-11-03,2022-08-17,000812.CSI,中证细分机械设备产业主题指数,9911.6559,0.0123715960913011
2022-11-03,2022-08-18,000812.CSI,中证细分机械设备产业主题指数,9967.937,0.00567827420239642
2022-11-03,2022-08-19,000812.CSI,中证细分机械设备产业主题指数,9664.9568,-0.0303954770179626
2022-11-03,2022-08-22,000812.CSI,中证细分机械设备产业主题指数,9762.2929,0.0100710331162577
2022-11-03,2022-08-23,000812.CSI,中证细分机械设备产业主题指数,9817.0906,0.00561319974326935
2022-11-03,2022-08-24,000812.CSI,中证细分机械设备产业主题指数,9438.4966,-0.0385647861903199
2022-11-03,2022-08-25,000812.CSI,中证细分机械设备产业主题指数,9320.3005,-0.0125227676619601
2022-11-03,2022-08-26,000812.CSI,中证细分机械设备产业主题指数,9239.5531,-0.00866360478398742
2022-11-03,2022-08-29,000812.CSI,中证细分机械设备产业主题指数,9274.8463,0.00381979513706132
2022-11-03,2022-08-30,000812.CSI,中证细分机械设备产业主题指数,9167.2564,-0.011600181449907
2022-11-03,2022-08-31,000812.CSI,中证细分机械设备产业主题指数,8858.3704,-0.0336944868259603
2022-11-03,2022-09-01,000812.CSI,中证细分机械设备产业主题指数,8782.3832,-0.0085780111429975
2022-11-03,2022-09-02,000812.CSI,中证细分机械设备产业主题指数,8708.3476,-0.00843001248226116
2022-11-03,2022-09-05,000812.CSI,中证细分机械设备产业主题指数,8772.9055,0.00741333522332077
2022-11-03,2022-09-06,000812.CSI,中证细分机械设备产业主题指数,8961.9077,0.0215438545416908
2022-11-03,2022-09-07,000812.CSI,中证细分机械设备产业主题指数,9082.9681,0.0135083292589591
2022-11-03,2022-09-08,000812.CSI,中证细分机械设备产业主题指数,8954.8705,-0.0141030551455971
2022-11-03,2022-09-09,000812.CSI,中证细分机械设备产业主题指数,8948.1576,-0.000749636747957472
2022-11-03,2022-09-13,000812.CSI,中证细分机械设备产业主题指数,8953.2111,0.000564753128621698
2022-11-03,2022-09-14,000812.CSI,中证细分机械设备产业主题指数,8754.2311,-0.0222244285069967
2022-11-03,2022-09-15,000812.CSI,中证细分机械设备产业主题指数,8327.6128,-0.0487328121826713
2022-11-03,2022-09-16,000812.CSI,中证细分机械设备产业主题指数,8193.1448,-0.01614724450205
2022-11-03,2022-09-19,000812.CSI,中证细分机械设备产业主题指数,8194.053,0.000110848767130189
2022-11-03,2022-09-20,000812.CSI,中证细分机械设备产业主题指数,8349.1368,0.0189263847817436
2022-11-03,2022-09-21,000812.CSI,中证细分机械设备产业主题指数,8303.3586,-0.00548298597766428
2022-11-03,2022-09-22,000812.CSI,中证细分机械设备产业主题指数,8288.8609,-0.00174600432167293
2022-11-03,2022-09-23,000812.CSI,中证细分机械设备产业主题指数,8233.2415,-0.0067101379394604
2022-11-03,2022-09-26,000812.CSI,中证细分机械设备产业主题指数,8298.1731,0.00788651711479615
2022-11-03,2022-09-27,000812.CSI,中证细分机械设备产业主题指数,8349.3629,0.00616880358882854
2022-11-03,2022-09-28,000812.CSI,中证细分机械设备产业主题指数,8058.1996,-0.0348725170395936
2022-11-03,2022-09-29,000812.CSI,中证细分机械设备产业主题指数,8162.7607,0.0129757396428849
2022-11-03,2022-09-30,000812.CSI,中证细分机械设备产业主题指数,7936.2856,-0.0277449147810984
2022-11-03,2022-10-10,000812.CSI,中证细分机械设备产业主题指数,7775.705,-0.0202337224355938
2022-11-03,2022-10-11,000812.CSI,中证细分机械设备产业主题指数,7946.0096,0.0219021426352981
2022-11-03,2022-10-12,000812.CSI,中证细分机械设备产业主题指数,8285.0956,0.0426737465809255
2022-11-03,2022-10-13,000812.CSI,中证细分机械设备产业主题指数,8219.4798,-0.00791973963462789
2022-11-03,2022-10-14,000812.CSI,中证细分机械设备产业主题指数,8473.0272,0.030847134632535
2022-11-03,2022-10-17,000812.CSI,中证细分机械设备产业主题指数,8423.6469,-0.0058279406916103
2022-11-03,2022-10-18,000812.CSI,中证细分机械设备产业主题指数,8436.8901,0.00157214567006614
2022-11-03,2022-10-19,000812.CSI,中证细分机械设备产业主题指数,8389.4613,-0.00562159746516078
2022-11-03,2022-10-20,000812.CSI,中证细分机械设备产业主题指数,8172.8239,-0.0258225638397069
2022-11-03,2022-10-21,000812.CSI,中证细分机械设备产业主题指数,8193.9163,0.00258079707309
2022-11-03,2022-10-24,000812.CSI,中证细分机械设备产业主题指数,8036.1556,-0.0192533941309604
2022-11-03,2022-10-25,000812.CSI,中证细分机械设备产业主题指数,8192.6522,0.0194740629462178
2022-11-03,2022-10-26,000812.CSI,中证细分机械设备产业主题指数,8310.7499,0.014415075498994
2022-11-03,2022-10-27,000812.CSI,中证细分机械设备产业主题指数,8223.0068,-0.0105577837205764
2022-11-03,2022-10-28,000812.CSI,中证细分机械设备产业主题指数,7912.6418,-0.037743493049282
2022-11-03,2022-10-31,000812.CSI,中证细分机械设备产业主题指数,7866.2032,-0.00586891220072672
2022-11-03,2022-11-01,000812.CSI,中证细分机械设备产业主题指数,8191.854,0.0413987271521286
2022-11-03,2022-11-02,000812.CSI,中证细分机械设备产业主题指数,8321.1413,0.0157824223918053
2022-11-03,2022-11-03,000812.CSI,中证细分机械设备产业主题指数,8282.9001,-0.00459566766400166
2022-11-03,2022-08-04,000813.CSI,中证细分化工产业主题指数,4224.2222,0.00462643715679878
2022-11-03,2022-08-05,000813.CSI,中证细分化工产业主题指数,4295.4674,0.0168658741483818
2022-11-03,2022-08-08,000813.CSI,中证细分化工产业主题指数,4341.6285,0.0107464673111008
2022-11-03,2022-08-09,000813.CSI,中证细分化工产业主题指数,4374.9958,0.00768543416370138
2022-11-03,2022-08-10,000813.CSI,中证细分化工产业主题指数,4387.2217,0.00279449411128585
2022-11-03,2022-08-11,000813.CSI,中证细分化工产业主题指数,4456.0662,0.0156920494808821
2022-11-03,2022-08-12,000813.CSI,中证细分化工产业主题指数,4479.2593,0.00520483739671551
2022-11-03,2022-08-15,000813.CSI,中证细分化工产业主题指数,4522.5806,0.00967153207674332
2022-11-03,2022-08-16,000813.CSI,中证细分化工产业主题指数,4502.1526,-0.00451689020202317
2022-11-03,2022-08-17,000813.CSI,中证细分化工产业主题指数,4435.6402,-0.0147734663636236
2022-11-03,2022-08-18,000813.CSI,中证细分化工产业主题指数,4373.808,-0.0139398592338486
2022-11-03,2022-08-19,000813.CSI,中证细分化工产业主题指数,4288.8171,-0.0194317857573995
2022-11-03,2022-08-22,000813.CSI,中证细分化工产业主题指数,4403.9333,0.026841014040911
2022-11-03,2022-08-23,000813.CSI,中证细分化工产业主题指数,4416.9533,0.00295644804611372
2022-11-03,2022-08-24,000813.CSI,中证细分化工产业主题指数,4282.574,-0.0304235274572635
2022-11-03,2022-08-25,000813.CSI,中证细分化工产业主题指数,4269.0464,-0.00315875452473191
2022-11-03,2022-08-26,000813.CSI,中证细分化工产业主题指数,4261.1384,-0.00185240432148981
2022-11-03,2022-08-29,000813.CSI,中证细分化工产业主题指数,4247.683,-0.00315770076841437
2022-11-03,2022-08-30,000813.CSI,中证细分化工产业主题指数,4199.9579,-0.0112355606574218
2022-11-03,2022-08-31,000813.CSI,中证细分化工产业主题指数,4127.3681,-0.0172834589603864
2022-11-03,2022-09-01,000813.CSI,中证细分化工产业主题指数,4087.124,-0.00975054781278173
2022-11-03,2022-09-02,000813.CSI,中证细分化工产业主题指数,4077.8303,-0.00227389724412563
2022-11-03,2022-09-05,000813.CSI,中证细分化工产业主题指数,4105.3997,0.00676080120352229
2022-11-03,2022-09-06,000813.CSI,中证细分化工产业主题指数,4222.3895,0.0284965675814708
2022-11-03,2022-09-07,000813.CSI,中证细分化工产业主题指数,4238.5417,0.00382536949753209
2022-11-03,2022-09-08,000813.CSI,中证细分化工产业主题指数,4190.3345,-0.0113735344399231
2022-11-03,2022-09-09,000813.CSI,中证细分化工产业主题指数,4246.4015,0.0133800774138675
2022-11-03,2022-09-13,000813.CSI,中证细分化工产业主题指数,4213.0696,-0.00784944617224725
2022-11-03,2022-09-14,000813.CSI,中证细分化工产业主题指数,4144.5392,-0.0162661447605802
2022-11-03,2022-09-15,000813.CSI,中证细分化工产业主题指数,4037.8344,-0.0257458778529589
2022-11-03,2022-09-16,000813.CSI,中证细分化工产业主题指数,3955.115,-0.0204860803603041
2022-11-03,2022-09-19,000813.CSI,中证细分化工产业主题指数,3961.2193,0.00154339380776558
2022-11-03,2022-09-20,000813.CSI,中证细分化工产业主题指数,4014.4488,0.0134376554208953
2022-11-03,2022-09-21,000813.CSI,中证细分化工产业主题指数,3994.5775,-0.00494994480935973
2022-11-03,2022-09-22,000813.CSI,中证细分化工产业主题指数,3984.635,-0.00248899914947187
2022-11-03,2022-09-23,000813.CSI,中证细分化工产业主题指数,3950.5516,-0.00855370692673241
2022-11-03,2022-09-26,000813.CSI,中证细分化工产业主题指数,3900.1303,-0.012763103765054
2022-11-03,2022-09-27,000813.CSI,中证细分化工产业主题指数,3925.0458,0.00638837630629929
2022-11-03,2022-09-28,000813.CSI,中证细分化工产业主题指数,3796.5481,-0.0327378855044188
2022-11-03,2022-09-29,000813.CSI,中证细分化工产业主题指数,3846.1822,0.013073481144622
2022-11-03,2022-09-30,000813.CSI,中证细分化工产业主题指数,3816.6016,-0.0076908993026904
2022-11-03,2022-10-10,000813.CSI,中证细分化工产业主题指数,3705.7183,-0.0290528883077552
2022-11-03,2022-10-11,000813.CSI,中证细分化工产业主题指数,3791.0153,0.023017669745701
2022-11-03,2022-10-12,000813.CSI,中证细分化工产业主题指数,3839.8409,0.0128792938398323
2022-11-03,2022-10-13,000813.CSI,中证细分化工产业主题指数,3788.7931,-0.0132942487278576
2022-11-03,2022-10-14,000813.CSI,中证细分化工产业主题指数,3860.9169,0.019036088299464
2022-11-03,2022-10-17,000813.CSI,中证细分化工产业主题指数,3861.7041,0.000203889392180301
2022-11-03,2022-10-18,000813.CSI,中证细分化工产业主题指数,3862.2295,0.000136053925001711
2022-11-03,2022-10-19,000813.CSI,中证细分化工产业主题指数,3787.3338,-0.0193918305476151
2022-11-03,2022-10-20,000813.CSI,中证细分化工产业主题指数,3746.3507,-0.0108210953045649
2022-11-03,2022-10-21,000813.CSI,中证细分化工产业主题指数,3711.9705,-0.00917698388461075
2022-11-03,2022-10-24,000813.CSI,中证细分化工产业主题指数,3659.3518,-0.0141754089909928
2022-11-03,2022-10-25,000813.CSI,中证细分化工产业主题指数,3628.8465,-0.00833625780390934
2022-11-03,2022-10-26,000813.CSI,中证细分化工产业主题指数,3653.0006,0.00665613714991786
2022-11-03,2022-10-27,000813.CSI,中证细分化工产业主题指数,3634.1493,-0.00516049737303625
2022-11-03,2022-10-28,000813.CSI,中证细分化工产业主题指数,3487.678,-0.0403041504101112
2022-11-03,2022-10-31,000813.CSI,中证细分化工产业主题指数,3447.8949,-0.0114067583073897
2022-11-03,2022-11-01,000813.CSI,中证细分化工产业主题指数,3568.7462,0.03505074937174
2022-11-03,2022-11-02,000813.CSI,中证细分化工产业主题指数,3610.0965,0.0115867864181545
2022-11-03,2022-11-03,000813.CSI,中证细分化工产业主题指数,3629.4371,0.00535736371590056
2022-11-03,2022-08-04,000814.SH,中证细分医药产业主题指数,10171.556,0.0280794478927904
2022-11-03,2022-08-05,000814.SH,中证细分医药产业主题指数,10396.5279,0.0221177467832845
2022-11-03,2022-08-08,000814.SH,中证细分医药产业主题指数,10321.2627,-0.00723945539548831
2022-11-03,2022-08-09,000814.SH,中证细分医药产业主题指数,10243.5148,-0.00753278956847003
2022-11-03,2022-08-10,000814.SH,中证细分医药产业主题指数,10070.442,-0.0168958412594866
2022-11-03,2022-08-11,000814.SH,中证细分医药产业主题指数,10368.9359,0.0296405957156598
2022-11-03,2022-08-12,000814.SH,中证细分医药产业主题指数,10394.9864,0.00251236001950783
2022-11-03,2022-08-15,000814.SH,中证细分医药产业主题指数,10257.1714,-0.0132578336033226
2022-11-03,2022-08-16,000814.SH,中证细分医药产业主题指数,10135.2439,-0.0118870490942561
2022-11-03,2022-08-17,000814.SH,中证细分医药产业主题指数,10231.6217,0.00950917421928055
2022-11-03,2022-08-18,000814.SH,中证细分医药产业主题指数,10028.8376,-0.0198193508268586
2022-11-03,2022-08-19,000814.SH,中证细分医药产业主题指数,9977.6033,-0.00510869774180012
2022-11-03,2022-08-22,000814.SH,中证细分医药产业主题指数,9987.1072,0.000952523337944156
2022-11-03,2022-08-23,000814.SH,中证细分医药产业主题指数,9849.2813,-0.0138003825572234
2022-11-03,2022-08-24,000814.SH,中证细分医药产业主题指数,9716.5784,-0.0134733587109549
2022-11-03,2022-08-25,000814.SH,中证细分医药产业主题指数,9816.7124,0.010305479550291
2022-11-03,2022-08-26,000814.SH,中证细分医药产业主题指数,9845.602,0.0029428997023484
2022-11-03,2022-08-29,000814.SH,中证细分医药产业主题指数,9757.0359,-0.00899549870084126
2022-11-03,2022-08-30,000814.SH,中证细分医药产业主题指数,9717.7385,-0.00402759612681158
2022-11-03,2022-08-31,000814.SH,中证细分医药产业主题指数,9857.4011,0.0143719240850122
2022-11-03,2022-09-01,000814.SH,中证细分医药产业主题指数,9813.1113,-0.00449305040453296
2022-11-03,2022-09-02,000814.SH,中证细分医药产业主题指数,9724.5415,-0.00902565937471855
2022-11-03,2022-09-05,000814.SH,中证细分医药产业主题指数,9557.0044,-0.0172282775491266
2022-11-03,2022-09-06,000814.SH,中证细分医药产业主题指数,9582.5087,0.00266865002175787
2022-11-03,2022-09-07,000814.SH,中证细分医药产业主题指数,9526.1153,-0.00588503509524607
2022-11-03,2022-09-08,000814.SH,中证细分医药产业主题指数,9450.1486,-0.00797457280408931
2022-11-03,2022-09-09,000814.SH,中证细分医药产业主题指数,9629.2495,0.0189521781699813
2022-11-03,2022-09-13,000814.SH,中证细分医药产业主题指数,9419.6977,-0.0217620075167851
2022-11-03,2022-09-14,000814.SH,中证细分医药产业主题指数,9356.5696,-0.00670171188190039
2022-11-03,2022-09-15,000814.SH,中证细分医药产业主题指数,9323.1381,-0.00357305096089922
2022-11-03,2022-09-16,000814.SH,中证细分医药产业主题指数,9021.8968,-0.0323111485391383
2022-11-03,2022-09-19,000814.SH,中证细分医药产业主题指数,8952.175,-0.00772806445757623
2022-11-03,2022-09-20,000814.SH,中证细分医药产业主题指数,8967.8203,0.00174765350319905
2022-11-03,2022-09-21,000814.SH,中证细分医药产业主题指数,8773.156,-0.0217069804576703
2022-11-03,2022-09-22,000814.SH,中证细分医药产业主题指数,8604.9671,-0.0191708548212298
2022-11-03,2022-09-23,000814.SH,中证细分医药产业主题指数,8576.7533,-0.00327878069400167
2022-11-03,2022-09-26,000814.SH,中证细分医药产业主题指数,8486.9174,-0.0104743481429039
2022-11-03,2022-09-27,000814.SH,中证细分医药产业主题指数,8876.8231,0.0459419694599597
2022-11-03,2022-09-28,000814.SH,中证细分医药产业主题指数,8768.3549,-0.0122192589373555
2022-11-03,2022-09-29,000814.SH,中证细分医药产业主题指数,8936.0688,0.0191271797176
2022-11-03,2022-09-30,000814.SH,中证细分医药产业主题指数,8923.0019,-0.00146226492795132
2022-11-03,2022-10-10,000814.SH,中证细分医药产业主题指数,8660.831,-0.0293814685840198
2022-11-03,2022-10-11,000814.SH,中证细分医药产业主题指数,8568.0564,-0.0107119744052274
2022-11-03,2022-10-12,000814.SH,中证细分医药产业主题指数,8631.8253,0.0074426330807067
2022-11-03,2022-10-13,000814.SH,中证细分医药产业主题指数,8911.691,0.0324225398769367
2022-11-03,2022-10-14,000814.SH,中证细分医药产业主题指数,9584.5459,0.0755024944199703
2022-11-03,2022-10-17,000814.SH,中证细分医药产业主题指数,9688.0825,0.0108024523102344
2022-11-03,2022-10-18,000814.SH,中证细分医药产业主题指数,9851.7459,0.0168932706755955
2022-11-03,2022-10-19,000814.SH,中证细分医药产业主题指数,9630.3024,-0.0224775894798505
2022-11-03,2022-10-20,000814.SH,中证细分医药产业主题指数,9612.5491,-0.0018434831288372
2022-11-03,2022-10-21,000814.SH,中证细分医药产业主题指数,9606.3145,-0.00064858966494119
2022-11-03,2022-10-24,000814.SH,中证细分医药产业主题指数,9293.843,-0.0325277191372404
2022-11-03,2022-10-25,000814.SH,中证细分医药产业主题指数,9135.0167,-0.0170894106991049
2022-11-03,2022-10-26,000814.SH,中证细分医药产业主题指数,9646.7398,0.0560177519981981
2022-11-03,2022-10-27,000814.SH,中证细分医药产业主题指数,9640.1743,-0.000680592628817367
2022-11-03,2022-10-28,000814.SH,中证细分医药产业主题指数,9469.3953,-0.0177153435908312
2022-11-03,2022-10-31,000814.SH,中证细分医药产业主题指数,9401.5583,-0.0071638154127962
2022-11-03,2022-11-01,000814.SH,中证细分医药产业主题指数,9797.6916,0.0421348554526326
2022-11-03,2022-11-02,000814.SH,中证细分医药产业主题指数,9940.3456,0.0145599602257331
2022-11-03,2022-11-03,000814.SH,中证细分医药产业主题指数,9862.8051,-0.00780058391531191
2022-11-03,2022-08-04,000815.CSI,中证细分食品饮料产业主题指数,28577.1573,0.0175554137182279
2022-11-03,2022-08-05,000815.CSI,中证细分食品饮料产业主题指数,28813.4156,0.0082673828442692
2022-11-03,2022-08-08,000815.CSI,中证细分食品饮料产业主题指数,28637.3974,-0.00610889741235676
2022-11-03,2022-08-09,000815.CSI,中证细分食品饮料产业主题指数,28575.6297,-0.00215688943856329
2022-11-03,2022-08-10,000815.CSI,中证细分食品饮料产业主题指数,28119.0403,-0.0159782795617625
2022-11-03,2022-08-11,000815.CSI,中证细分食品饮料产业主题指数,28644.1603,0.0186748905509411
2022-11-03,2022-08-12,000815.CSI,中证细分食品饮料产业主题指数,28897.1069,0.00883065160056384
2022-11-03,2022-08-15,000815.CSI,中证细分食品饮料产业主题指数,28572.9999,-0.0112158978793825
2022-11-03,2022-08-16,000815.CSI,中证细分食品饮料产业主题指数,28463.6442,-0.00382723901524951
2022-11-03,2022-08-17,000815.CSI,中证细分食品饮料产业主题指数,28630.4926,0.00586180739288489
2022-11-03,2022-08-18,000815.CSI,中证细分食品饮料产业主题指数,28187.6676,-0.0154669011877219
2022-11-03,2022-08-19,000815.CSI,中证细分食品饮料产业主题指数,28081.9458,-0.00375064022679195
2022-11-03,2022-08-22,000815.CSI,中证细分食品饮料产业主题指数,28166.0997,0.00299672610293267
2022-11-03,2022-08-23,000815.CSI,中证细分食品饮料产业主题指数,27746.8033,-0.0148865623734193
2022-11-03,2022-08-24,000815.CSI,中证细分食品饮料产业主题指数,27543.4107,-0.00733030748807018
2022-11-03,2022-08-25,000815.CSI,中证细分食品饮料产业主题指数,28106.8418,0.0204561122127114
2022-11-03,2022-08-26,000815.CSI,中证细分食品饮料产业主题指数,28421.1623,0.0111830600619101
2022-11-03,2022-08-29,000815.CSI,中证细分食品饮料产业主题指数,28089.8263,-0.0116580735334669
2022-11-03,2022-08-30,000815.CSI,中证细分食品饮料产业主题指数,27990.6771,-0.00352971922791845
2022-11-03,2022-08-31,000815.CSI,中证细分食品饮料产业主题指数,28486.8612,0.017726763029966
2022-11-03,2022-09-01,000815.CSI,中证细分食品饮料产业主题指数,27931.8354,-0.0194835716052845
2022-11-03,2022-09-02,000815.CSI,中证细分食品饮料产业主题指数,27528.3465,-0.0144454846672911
2022-11-03,2022-09-05,000815.CSI,中证细分食品饮料产业主题指数,26958.4177,-0.0207033430068165
2022-11-03,2022-09-06,000815.CSI,中证细分食品饮料产业主题指数,27141.2972,0.00678376238676637
2022-11-03,2022-09-07,000815.CSI,中证细分食品饮料产业主题指数,26761.8753,-0.0139795050031728
2022-11-03,2022-09-08,000815.CSI,中证细分食品饮料产业主题指数,26804.4716,0.00159167844265395
2022-11-03,2022-09-09,000815.CSI,中证细分食品饮料产业主题指数,27208.6983,0.0150805696166008
2022-11-03,2022-09-13,000815.CSI,中证细分食品饮料产业主题指数,27540.0328,0.012177521186304
2022-11-03,2022-09-14,000815.CSI,中证细分食品饮料产业主题指数,27337.9727,-0.00733695930819667
2022-11-03,2022-09-15,000815.CSI,中证细分食品饮料产业主题指数,27476.3138,0.00506040083945214
2022-11-03,2022-09-16,000815.CSI,中证细分食品饮料产业主题指数,26865.3909,-0.0222345291456091
2022-11-03,2022-09-19,000815.CSI,中证细分食品饮料产业主题指数,27113.1342,0.00922165253139884
2022-11-03,2022-09-20,000815.CSI,中证细分食品饮料产业主题指数,27406.3432,0.0108142790810219
2022-11-03,2022-09-21,000815.CSI,中证细分食品饮料产业主题指数,27083.6526,-0.0117743034028706
2022-11-03,2022-09-22,000815.CSI,中证细分食品饮料产业主题指数,26671.905,-0.015202809092301
2022-11-03,2022-09-23,000815.CSI,中证细分食品饮料产业主题指数,26766.2306,0.0035365152957767
2022-11-03,2022-09-26,000815.CSI,中证细分食品饮料产业主题指数,27142.3926,0.0140536037973162
2022-11-03,2022-09-27,000815.CSI,中证细分食品饮料产业主题指数,28071.9179,0.0342462550630116
2022-11-03,2022-09-28,000815.CSI,中证细分食品饮料产业主题指数,27935.4724,-0.0048605692167546
2022-11-03,2022-09-29,000815.CSI,中证细分食品饮料产业主题指数,27874.0588,-0.00219840921680636
2022-11-03,2022-09-30,000815.CSI,中证细分食品饮料产业主题指数,27762.4916,-0.00400254590838411
2022-11-03,2022-10-10,000815.CSI,中证细分食品饮料产业主题指数,26367.0556,-0.0502633560454639
2022-11-03,2022-10-11,000815.CSI,中证细分食品饮料产业主题指数,26383.223,0.000613166682138067
2022-11-03,2022-10-12,000815.CSI,中证细分食品饮料产业主题指数,26227.8652,-0.00588850725326473
2022-11-03,2022-10-13,000815.CSI,中证细分食品饮料产业主题指数,25963.6691,-0.0100731072843855
2022-11-03,2022-10-14,000815.CSI,中证细分食品饮料产业主题指数,26492.6033,0.0203720898599806
2022-11-03,2022-10-17,000815.CSI,中证细分食品饮料产业主题指数,26241.8316,-0.00946572509920152
2022-11-03,2022-10-18,000815.CSI,中证细分食品饮料产业主题指数,26108.4544,-0.00508261778495689
2022-11-03,2022-10-19,000815.CSI,中证细分食品饮料产业主题指数,25320.3435,-0.0301860419588836
2022-11-03,2022-10-20,000815.CSI,中证细分食品饮料产业主题指数,25277.5191,-0.00169130406939377
2022-11-03,2022-10-21,000815.CSI,中证细分食品饮料产业主题指数,24925.5325,-0.0139248871144162
2022-11-03,2022-10-24,000815.CSI,中证细分食品饮料产业主题指数,23555.1975,-0.0549771604678858
2022-11-03,2022-10-25,000815.CSI,中证细分食品饮料产业主题指数,23543.196,-0.000509505386231623
2022-11-03,2022-10-26,000815.CSI,中证细分食品饮料产业主题指数,23576.3574,0.00140853433832855
2022-11-03,2022-10-27,000815.CSI,中证细分食品饮料产业主题指数,22670.5828,-0.0384187677779265
2022-11-03,2022-10-28,000815.CSI,中证细分食品饮料产业主题指数,22158.3927,-0.0225927187015236
2022-11-03,2022-10-31,000815.CSI,中证细分食品饮料产业主题指数,21782.022,-0.0169854693476932
2022-11-03,2022-11-01,000815.CSI,中证细分食品饮料产业主题指数,23231.4882,0.0665441527880193
2022-11-03,2022-11-02,000815.CSI,中证细分食品饮料产业主题指数,23748.2551,0.0222442443441915
2022-11-03,2022-11-03,000815.CSI,中证细分食品饮料产业主题指数,23428.4121,-0.0134680631757235
2022-11-03,2022-08-04,000819.SH,中证申万有色金属指数,6144.0612,0.010473808653132
2022-11-03,2022-08-05,000819.SH,中证申万有色金属指数,6294.6936,0.0245167479777055
2022-11-03,2022-08-08,000819.SH,中证申万有色金属指数,6342.9657,0.00766869732944597
2022-11-03,2022-08-09,000819.SH,中证申万有色金属指数,6405.9026,0.00992231441516389
2022-11-03,2022-08-10,000819.SH,中证申万有色金属指数,6394.2357,-0.00182127339869331
2022-11-03,2022-08-11,000819.SH,中证申万有色金属指数,6413.8712,0.00307081266960485
2022-11-03,2022-08-12,000819.SH,中证申万有色金属指数,6424.5149,0.00165948140648675
2022-11-03,2022-08-15,000819.SH,中证申万有色金属指数,6529.0426,0.0162701311502911
2022-11-03,2022-08-16,000819.SH,中证申万有色金属指数,6447.4015,-0.0125042988691787
2022-11-03,2022-08-17,000819.SH,中证申万有色金属指数,6371.7561,-0.0117326957224551
2022-11-03,2022-08-18,000819.SH,中证申万有色金属指数,6326.7113,-0.00706944824834077
2022-11-03,2022-08-19,000819.SH,中证申万有色金属指数,6189.6077,-0.0216705952743569
2022-11-03,2022-08-22,000819.SH,中证申万有色金属指数,6417.4301,0.0368072438581204
2022-11-03,2022-08-23,000819.SH,中证申万有色金属指数,6392.1718,-0.00393589016263685
2022-11-03,2022-08-24,000819.SH,中证申万有色金属指数,6225.1483,-0.026129382192137
2022-11-03,2022-08-25,000819.SH,中证申万有色金属指数,6200.6502,-0.00393534399815021
2022-11-03,2022-08-26,000819.SH,中证申万有色金属指数,6252.7951,0.00840958582053219
2022-11-03,2022-08-29,000819.SH,中证申万有色金属指数,6205.4311,-0.00757485240480704
2022-11-03,2022-08-30,000819.SH,中证申万有色金属指数,6158.9799,-0.00748557179210319
2022-11-03,2022-08-31,000819.SH,中证申万有色金属指数,5956.7788,-0.0328302906135479
2022-11-03,2022-09-01,000819.SH,中证申万有色金属指数,5888.6002,-0.011445548389341
2022-11-03,2022-09-02,000819.SH,中证申万有色金属指数,5833.6599,-0.00932994228407635
2022-11-03,2022-09-05,000819.SH,中证申万有色金属指数,5856.2618,0.00387439452889615
2022-11-03,2022-09-06,000819.SH,中证申万有色金属指数,6043.8498,0.0320320379119663
2022-11-03,2022-09-07,000819.SH,中证申万有色金属指数,6122.2973,0.0129797236192071
2022-11-03,2022-09-08,000819.SH,中证申万有色金属指数,6078.2153,-0.00720023838110584
2022-11-03,2022-09-09,000819.SH,中证申万有色金属指数,6214.5677,0.0224329664663243
2022-11-03,2022-09-13,000819.SH,中证申万有色金属指数,6257.5476,0.00691599192008163
2022-11-03,2022-09-14,000819.SH,中证申万有色金属指数,6175.8403,-0.0130573996752338
2022-11-03,2022-09-15,000819.SH,中证申万有色金属指数,5976.7848,-0.0322313224323497
2022-11-03,2022-09-16,000819.SH,中证申万有色金属指数,5762.0893,-0.0359215710761412
2022-11-03,2022-09-19,000819.SH,中证申万有色金属指数,5771.7511,0.00167678761937973
2022-11-03,2022-09-20,000819.SH,中证申万有色金属指数,5944.3251,0.0298997647351771
2022-11-03,2022-09-21,000819.SH,中证申万有色金属指数,5985.4636,0.00692063427015466
2022-11-03,2022-09-22,000819.SH,中证申万有色金属指数,5961.6641,-0.00397621664594205
2022-11-03,2022-09-23,000819.SH,中证申万有色金属指数,5844.4274,-0.0196650965290044
2022-11-03,2022-09-26,000819.SH,中证申万有色金属指数,5695.0135,-0.0255651905266202
2022-11-03,2022-09-27,000819.SH,中证申万有色金属指数,5688.4684,-0.00114926856626418
2022-11-03,2022-09-28,000819.SH,中证申万有色金属指数,5394.7387,-0.0516359904539506
2022-11-03,2022-09-29,000819.SH,中证申万有色金属指数,5475.3598,0.0149443938776868
2022-11-03,2022-09-30,000819.SH,中证申万有色金属指数,5421.5873,-0.00982081579369454
2022-11-03,2022-10-10,000819.SH,中证申万有色金属指数,5308.4502,-0.0208678923237111
2022-11-03,2022-10-11,000819.SH,中证申万有色金属指数,5389.1282,0.0151980327516306
2022-11-03,2022-10-12,000819.SH,中证申万有色金属指数,5484.2524,0.0176511295463337
2022-11-03,2022-10-13,000819.SH,中证申万有色金属指数,5417.4636,-0.0121782870533093
2022-11-03,2022-10-14,000819.SH,中证申万有色金属指数,5564.0883,0.0270651933868093
2022-11-03,2022-10-17,000819.SH,中证申万有色金属指数,5552.6684,-0.00205242968556063
2022-11-03,2022-10-18,000819.SH,中证申万有色金属指数,5528.2318,-0.00440087508196962
2022-11-03,2022-10-19,000819.SH,中证申万有色金属指数,5467.6328,-0.0109617328274837
2022-11-03,2022-10-20,000819.SH,中证申万有色金属指数,5405.8871,-0.0112929492997409
2022-11-03,2022-10-21,000819.SH,中证申万有色金属指数,5346.9884,-0.0108952885827008
2022-11-03,2022-10-24,000819.SH,中证申万有色金属指数,5341.8504,-0.000960914745953056
2022-11-03,2022-10-25,000819.SH,中证申万有色金属指数,5340.9349,-0.000171382560619882
2022-11-03,2022-10-26,000819.SH,中证申万有色金属指数,5385.9105,0.00842092271148998
2022-11-03,2022-10-27,000819.SH,中证申万有色金属指数,5425.1398,0.00728368954515668
2022-11-03,2022-10-28,000819.SH,中证申万有色金属指数,5233.2122,-0.0353774477848479
2022-11-03,2022-10-31,000819.SH,中证申万有色金属指数,5198.5172,-0.0066297712903749
2022-11-03,2022-11-01,000819.SH,中证申万有色金属指数,5410.3543,0.0407495237295743
2022-11-03,2022-11-02,000819.SH,中证申万有色金属指数,5486.2692,0.0140314101056191
2022-11-03,2022-11-03,000819.SH,中证申万有色金属指数,5450.4811,-0.00652321253211563
2022-11-03,2022-08-04,000827.SH,中证环保产业指数,2615.6016,-0.000765890547944958
2022-11-03,2022-08-05,000827.SH,中证环保产业指数,2633.5787,0.00687302684017332
2022-11-03,2022-08-08,000827.SH,中证环保产业指数,2647.6758,0.00535283035209844
2022-11-03,2022-08-09,000827.SH,中证环保产业指数,2698.3366,0.0191340646766496
2022-11-03,2022-08-10,000827.SH,中证环保产业指数,2678.7756,-0.00724928090883847
2022-11-03,2022-08-11,000827.SH,中证环保产业指数,2704.9366,0.0097660289275443
2022-11-03,2022-08-12,000827.SH,中证环保产业指数,2670.3963,-0.0127693565904651
2022-11-03,2022-08-15,000827.SH,中证环保产业指数,2747.1452,0.0287406404809654
2022-11-03,2022-08-16,000827.SH,中证环保产业指数,2774.5025,0.00995844704531823
2022-11-03,2022-08-17,000827.SH,中证环保产业指数,2790.6866,0.00583315387173022
2022-11-03,2022-08-18,000827.SH,中证环保产业指数,2806.9612,0.00583175480901366
2022-11-03,2022-08-19,000827.SH,中证环保产业指数,2736.3056,-0.0251715627561935
2022-11-03,2022-08-22,000827.SH,中证环保产业指数,2754.9497,0.0068136029835264
2022-11-03,2022-08-23,000827.SH,中证环保产业指数,2774.1631,0.00697413822110793
2022-11-03,2022-08-24,000827.SH,中证环保产业指数,2679.334,-0.0341829577359747
2022-11-03,2022-08-25,000827.SH,中证环保产业指数,2641.2899,-0.0141990882808936
2022-11-03,2022-08-26,000827.SH,中证环保产业指数,2614.5415,-0.0101270216495358
2022-11-03,2022-08-29,000827.SH,中证环保产业指数,2623.0408,0.00325078029933756
2022-11-03,2022-08-30,000827.SH,中证环保产业指数,2594.2768,-0.0109658988148412
2022-11-03,2022-08-31,000827.SH,中证环保产业指数,2497.4007,-0.0373422373433706
2022-11-03,2022-09-01,000827.SH,中证环保产业指数,2481.4317,-0.00639424822776735
2022-11-03,2022-09-02,000827.SH,中证环保产业指数,2460.3763,-0.00848518216318439
2022-11-03,2022-09-05,000827.SH,中证环保产业指数,2480.8631,0.00832669376631534
2022-11-03,2022-09-06,000827.SH,中证环保产业指数,2542.488,0.0248401050424749
2022-11-03,2022-09-07,000827.SH,中证环保产业指数,2580.3051,0.0148740525029027
2022-11-03,2022-09-08,000827.SH,中证环保产业指数,2550.3941,-0.0115920400265844
2022-11-03,2022-09-09,000827.SH,中证环保产业指数,2541.7097,-0.00340512080074218
2022-11-03,2022-09-13,000827.SH,中证环保产业指数,2531.6809,-0.00394569057198002
2022-11-03,2022-09-14,000827.SH,中证环保产业指数,2480.9162,-0.0200517766674306
2022-11-03,2022-09-15,000827.SH,中证环保产业指数,2354.8434,-0.0508170328364981
2022-11-03,2022-09-16,000827.SH,中证环保产业指数,2319.0489,-0.0152003738337761
2022-11-03,2022-09-19,000827.SH,中证环保产业指数,2314.9917,-0.00174951032727244
2022-11-03,2022-09-20,000827.SH,中证环保产业指数,2365.699,0.0219038798281652
2022-11-03,2022-09-21,000827.SH,中证环保产业指数,2353.9845,-0.00495181339637885
2022-11-03,2022-09-22,000827.SH,中证环保产业指数,2354.9055,0.000391251514187951
2022-11-03,2022-09-23,000827.SH,中证环保产业指数,2337.437,-0.007417919742427
2022-11-03,2022-09-26,000827.SH,中证环保产业指数,2363.0873,0.0109736861357119
2022-11-03,2022-09-27,000827.SH,中证环保产业指数,2374.0003,0.00461811123101552
2022-11-03,2022-09-28,000827.SH,中证环保产业指数,2298.509,-0.0317991956445836
2022-11-03,2022-09-29,000827.SH,中证环保产业指数,2324.6639,0.0113790722594516
2022-11-03,2022-09-30,000827.SH,中证环保产业指数,2262.9754,-0.0265365242691643
2022-11-03,2022-10-10,000827.SH,中证环保产业指数,2222.8212,-0.017743984313749
2022-11-03,2022-10-11,000827.SH,中证环保产业指数,2271.7059,0.0219921872258553
2022-11-03,2022-10-12,000827.SH,中证环保产业指数,2351.643,0.0351881376898304
2022-11-03,2022-10-13,000827.SH,中证环保产业指数,2339.0442,-0.00535744583680442
2022-11-03,2022-10-14,000827.SH,中证环保产业指数,2400.5856,0.0263104904131355
2022-11-03,2022-10-17,000827.SH,中证环保产业指数,2371.9124,-0.0119442522691129
2022-11-03,2022-10-18,000827.SH,中证环保产业指数,2378.4569,0.00275916597931691
2022-11-03,2022-10-19,000827.SH,中证环保产业指数,2363.2751,-0.00638304608336615
2022-11-03,2022-10-20,000827.SH,中证环保产业指数,2302.082,-0.0258933460603041
2022-11-03,2022-10-21,000827.SH,中证环保产业指数,2308.6835,0.00286762157038734
2022-11-03,2022-10-24,000827.SH,中证环保产业指数,2264.0749,-0.0193220941718516
2022-11-03,2022-10-25,000827.SH,中证环保产业指数,2301.5205,0.0165390288103984
2022-11-03,2022-10-26,000827.SH,中证环保产业指数,2326.9377,0.0110436557050002
2022-11-03,2022-10-27,000827.SH,中证环保产业指数,2289.4062,-0.0161291383091177
2022-11-03,2022-10-28,000827.SH,中证环保产业指数,2203.1429,-0.0376793336193464
2022-11-03,2022-10-31,000827.SH,中证环保产业指数,2181.3171,-0.00990666560938902
2022-11-03,2022-11-01,000827.SH,中证环保产业指数,2255.9098,0.0341961744122392
2022-11-03,2022-11-02,000827.SH,中证环保产业指数,2292.3733,0.0161635451913904
2022-11-03,2022-11-03,000827.SH,中证环保产业指数,2288.3399,-0.0017594865548296
2022-11-03,2022-08-04,000852.SH,中证1000指数,6960.3118,0.00630959659433827
2022-11-03,2022-08-05,000852.SH,中证1000指数,7090.0027,0.0186329152668132
2022-11-03,2022-08-08,000852.SH,中证1000指数,7176.105,0.0121441843738648
2022-11-03,2022-08-09,000852.SH,中证1000指数,7207.3961,0.0043604573790379
2022-11-03,2022-08-10,000852.SH,中证1000指数,7212.0752,0.00064920810998581
2022-11-03,2022-08-11,000852.SH,中证1000指数,7294.4863,0.011426822060868
2022-11-03,2022-08-12,000852.SH,中证1000指数,7228.8345,-0.00900019511997707
2022-11-03,2022-08-15,000852.SH,中证1000指数,7283.5,0.0075621457373245
2022-11-03,2022-08-16,000852.SH,中证1000指数,7324.6198,0.00564560994027596
2022-11-03,2022-08-17,000852.SH,中证1000指数,7328.6735,0.000553434869069891
2022-11-03,2022-08-18,000852.SH,中证1000指数,7351.4373,0.0031061282781939
2022-11-03,2022-08-19,000852.SH,中证1000指数,7234.4052,-0.01591962159563
2022-11-03,2022-08-22,000852.SH,中证1000指数,7288.5766,0.00748802403271531
2022-11-03,2022-08-23,000852.SH,中证1000指数,7306.0209,0.00239337540885565
2022-11-03,2022-08-24,000852.SH,中证1000指数,7039.4103,-0.0364919021789276
2022-11-03,2022-08-25,000852.SH,中证1000指数,7016.3057,-0.00328217833814848
2022-11-03,2022-08-26,000852.SH,中证1000指数,6980.1803,-0.00514877793879476
2022-11-03,2022-08-29,000852.SH,中证1000指数,7021.3148,0.00589304261954382
2022-11-03,2022-08-30,000852.SH,中证1000指数,6976.7218,-0.00635108968479803
2022-11-03,2022-08-31,000852.SH,中证1000指数,6750.7429,-0.0323904129300383
2022-11-03,2022-09-01,000852.SH,中证1000指数,6717.1001,-0.00498357003049255
2022-11-03,2022-09-02,000852.SH,中证1000指数,6776.8268,0.0088917388621319
2022-11-03,2022-09-05,000852.SH,中证1000指数,6791.0921,0.00210501174384459
2022-11-03,2022-09-06,000852.SH,中证1000指数,6919.6464,0.0189298419321982
2022-11-03,2022-09-07,000852.SH,中证1000指数,6963.5196,0.00634038178598262
2022-11-03,2022-09-08,000852.SH,中证1000指数,6897.0996,-0.00953828003873214
2022-11-03,2022-09-09,000852.SH,中证1000指数,6913.579,0.00238932318738727
2022-11-03,2022-09-13,000852.SH,中证1000指数,6904.0775,-0.00137432435501195
2022-11-03,2022-09-14,000852.SH,中证1000指数,6829.5579,-0.0107935636585772
2022-11-03,2022-09-15,000852.SH,中证1000指数,6619.1888,-0.0308027405404968
2022-11-03,2022-09-16,000852.SH,中证1000指数,6481.2442,-0.0208401065701586
2022-11-03,2022-09-19,000852.SH,中证1000指数,6399.8014,-0.0125659205990108
2022-11-03,2022-09-20,000852.SH,中证1000指数,6482.1313,0.0128644460748422
2022-11-03,2022-09-21,000852.SH,中证1000指数,6480.6023,-0.000235879208432599
2022-11-03,2022-09-22,000852.SH,中证1000指数,6487.2748,0.00102961109031496
2022-11-03,2022-09-23,000852.SH,中证1000指数,6363.6835,-0.0190513434084834
2022-11-03,2022-09-26,000852.SH,中证1000指数,6283.5925,-0.0125856353478296
2022-11-03,2022-09-27,000852.SH,中证1000指数,6409.776,0.0200814263496558
2022-11-03,2022-09-28,000852.SH,中证1000指数,6211.1091,-0.030994359241259
2022-11-03,2022-09-29,000852.SH,中证1000指数,6228.7788,0.00284485423062364
2022-11-03,2022-09-30,000852.SH,中证1000指数,6124.8639,-0.0166830294246442
2022-11-03,2022-10-10,000852.SH,中证1000指数,5984.5008,-0.022916933713417
2022-11-03,2022-10-11,000852.SH,中证1000指数,6017.7194,0.00555077208779053
2022-11-03,2022-10-12,000852.SH,中证1000指数,6192.6534,0.0290698167149501
2022-11-03,2022-10-13,000852.SH,中证1000指数,6252.2225,0.00961931762562385
2022-11-03,2022-10-14,000852.SH,中证1000指数,6406.4573,0.0246687957762219
2022-11-03,2022-10-17,000852.SH,中证1000指数,6472.4511,0.0103011378847402
2022-11-03,2022-10-18,000852.SH,中证1000指数,6508.5038,0.00557017727024633
2022-11-03,2022-10-19,000852.SH,中证1000指数,6461.1462,-0.00727626524547786
2022-11-03,2022-10-20,000852.SH,中证1000指数,6429.7042,-0.00486631922986047
2022-11-03,2022-10-21,000852.SH,中证1000指数,6432.3255,0.000407685939891156
2022-11-03,2022-10-24,000852.SH,中证1000指数,6378.4323,-0.00837849390550893
2022-11-03,2022-10-25,000852.SH,中证1000指数,6355.7784,-0.00355164073780323
2022-11-03,2022-10-26,000852.SH,中证1000指数,6491.6916,0.0213841942632864
2022-11-03,2022-10-27,000852.SH,中证1000指数,6461.6098,-0.00463389234325307
2022-11-03,2022-10-28,000852.SH,中证1000指数,6239.9316,-0.0343069617109966
2022-11-03,2022-10-31,000852.SH,中证1000指数,6292.6191,0.00844360217025453
2022-11-03,2022-11-01,000852.SH,中证1000指数,6439.8223,0.0233929938648281
2022-11-03,2022-11-02,000852.SH,中证1000指数,6524.5136,0.0131511858642435
2022-11-03,2022-11-03,000852.SH,中证1000指数,6566.8413,0.00648748743507865
2022-11-03,2022-08-04,000905.SH,中证小盘500指数,6158.7346,0.00562022075090662
2022-11-03,2022-08-05,000905.SH,中证小盘500指数,6270.5113,0.0181492964480074
2022-11-03,2022-08-08,000905.SH,中证小盘500指数,6323.0746,0.00838261785765382
2022-11-03,2022-08-09,000905.SH,中证小盘500指数,6341.4806,0.00291092564367346
2022-11-03,2022-08-10,000905.SH,中证小盘500指数,6322.0558,-0.0030631332373704
2022-11-03,2022-08-11,000905.SH,中证小盘500指数,6439.3586,0.0185545341121474
2022-11-03,2022-08-12,000905.SH,中证小盘500指数,6420.853,-0.00287382659508972
2022-11-03,2022-08-15,000905.SH,中证小盘500指数,6442.8093,0.00341953008424278
2022-11-03,2022-08-16,000905.SH,中证小盘500指数,6465.1866,0.00347322091311941
2022-11-03,2022-08-17,000905.SH,中证小盘500指数,6493.5047,0.00438009012763851
2022-11-03,2022-08-18,000905.SH,中证小盘500指数,6468.8056,-0.00380366245057173
2022-11-03,2022-08-19,000905.SH,中证小盘500指数,6391.7159,-0.0119171458792948
2022-11-03,2022-08-22,000905.SH,中证小盘500指数,6472.6799,0.012667021073324
2022-11-03,2022-08-23,000905.SH,中证小盘500指数,6466.4045,-0.000969521140694818
2022-11-03,2022-08-24,000905.SH,中证小盘500指数,6284.5769,-0.0281188100744393
2022-11-03,2022-08-25,000905.SH,中证小盘500指数,6322.6961,0.0060655157231031
2022-11-03,2022-08-26,000905.SH,中证小盘500指数,6298.3739,-0.00384680832596085
2022-11-03,2022-08-29,000905.SH,中证小盘500指数,6310.402,0.00190971514091931
2022-11-03,2022-08-30,000905.SH,中证小盘500指数,6285.9273,-0.00387846923222956
2022-11-03,2022-08-31,000905.SH,中证小盘500指数,6155.7455,-0.0207100390741077
2022-11-03,2022-09-01,000905.SH,中证小盘500指数,6126.7685,-0.00470730961830701
2022-11-03,2022-09-02,000905.SH,中证小盘500指数,6149.4273,0.00369832808274051
2022-11-03,2022-09-05,000905.SH,中证小盘500指数,6182.6465,0.00540199897964477
2022-11-03,2022-09-06,000905.SH,中证小盘500指数,6291.5707,0.0176177305301217
2022-11-03,2022-09-07,000905.SH,中证小盘500指数,6301.5644,0.00158842687725014
2022-11-03,2022-09-08,000905.SH,中证小盘500指数,6272.5752,-0.00460031797818328
2022-11-03,2022-09-09,000905.SH,中证小盘500指数,6316.9724,0.00707798608775545
2022-11-03,2022-09-13,000905.SH,中证小盘500指数,6300.422,-0.00261998928474028
2022-11-03,2022-09-14,000905.SH,中证小盘500指数,6249.963,-0.0080088286149721
2022-11-03,2022-09-15,000905.SH,中证小盘500指数,6107.7964,-0.0227467906610006
2022-11-03,2022-09-16,000905.SH,中证小盘500指数,5954.5037,-0.025097873268991
2022-11-03,2022-09-19,000905.SH,中证小盘500指数,5913.1493,-0.00694506244072035
2022-11-03,2022-09-20,000905.SH,中证小盘500指数,5958.2922,0.00763432440307232
2022-11-03,2022-09-21,000905.SH,中证小盘500指数,5978.581,0.00340513679406329
2022-11-03,2022-09-22,000905.SH,中证小盘500指数,5965.8854,-0.00212351392412347
2022-11-03,2022-09-23,000905.SH,中证小盘500指数,5889.6019,-0.0127866183953182
2022-11-03,2022-09-26,000905.SH,中证小盘500指数,5806.3181,-0.0141408199423461
2022-11-03,2022-09-27,000905.SH,中证小盘500指数,5920.0531,0.0195881448520707
2022-11-03,2022-09-28,000905.SH,中证小盘500指数,5769.5198,-0.0254276942211886
2022-11-03,2022-09-29,000905.SH,中证小盘500指数,5771.8812,0.000409288828508769
2022-11-03,2022-09-30,000905.SH,中证小盘500指数,5714.0629,-0.0100172366680035
2022-11-03,2022-10-10,000905.SH,中证小盘500指数,5635.7109,-0.0137121346704111
2022-11-03,2022-10-11,000905.SH,中证小盘500指数,5684.5063,0.00865825108239671
2022-11-03,2022-10-12,000905.SH,中证小盘500指数,5820.4537,0.0239154278006517
2022-11-03,2022-10-13,000905.SH,中证小盘500指数,5830.3355,0.00169777142974259
2022-11-03,2022-10-14,000905.SH,中证小盘500指数,5973.4389,0.0245446252621311
2022-11-03,2022-10-17,000905.SH,中证小盘500指数,6015.5963,0.00705747571972326
2022-11-03,2022-10-18,000905.SH,中证小盘500指数,6035.6737,0.00333755774136635
2022-11-03,2022-10-19,000905.SH,中证小盘500指数,5972.7226,-0.0104298381802846
2022-11-03,2022-10-20,000905.SH,中证小盘500指数,5948.8621,-0.00399491180119427
2022-11-03,2022-10-21,000905.SH,中证小盘500指数,5956.8811,0.00134798888681575
2022-11-03,2022-10-24,000905.SH,中证小盘500指数,5896.9031,-0.0100686918192809
2022-11-03,2022-10-25,000905.SH,中证小盘500指数,5869.781,-0.00459938030862339
2022-11-03,2022-10-26,000905.SH,中证小盘500指数,5971.6009,0.0173464563669412
2022-11-03,2022-10-27,000905.SH,中证小盘500指数,5963.0037,-0.00143968094049962
2022-11-03,2022-10-28,000905.SH,中证小盘500指数,5781.7972,-0.0303884600977189
2022-11-03,2022-10-31,000905.SH,中证小盘500指数,5807.1063,0.00437737594808763
2022-11-03,2022-11-01,000905.SH,中证小盘500指数,5941.1451,0.023081857482099
2022-11-03,2022-11-02,000905.SH,中证小盘500指数,5997.8038,0.0095366632267575
2022-11-03,2022-11-03,000905.SH,中证小盘500指数,5996.7187,-0.0001809162213674
2022-11-03,2022-08-04,000906.SH,中证800指数,4443.2642,0.00778627945297439
2022-11-03,2022-08-05,000906.SH,中证800指数,4508.3497,0.0146481273834673
2022-11-03,2022-08-08,000906.SH,中证800指数,4510.4989,0.000476715459761134
2022-11-03,2022-08-09,000906.SH,中证800指数,4520.4802,0.00221290376547922
2022-11-03,2022-08-10,000906.SH,中证800指数,4479.0361,-0.00916807466604974
2022-11-03,2022-08-11,000906.SH,中证800指数,4568.304,0.0199301586339078
2022-11-03,2022-08-12,000906.SH,中证800指数,4563.0582,-0.0011483036155211
2022-11-03,2022-08-15,000906.SH,中证800指数,4562.5023,-0.000121826191040064
2022-11-03,2022-08-16,000906.SH,中证800指数,4560.0877,-0.000529227130471766
2022-11-03,2022-08-17,000906.SH,中证800指数,4597.0513,0.00810589673527562
2022-11-03,2022-08-18,000906.SH,中证800指数,4562.5783,-0.00749893741668706
2022-11-03,2022-08-19,000906.SH,中证800指数,4525.1675,-0.00819948668059034
2022-11-03,2022-08-22,000906.SH,中证800指数,4564.3264,0.00865358022658835
2022-11-03,2022-08-23,000906.SH,中证800指数,4546.6342,-0.00387619080002677
2022-11-03,2022-08-24,000906.SH,中证800指数,4450.0689,-0.0212388540076526
2022-11-03,2022-08-25,000906.SH,中证800指数,4484.4517,0.00772635228187135
2022-11-03,2022-08-26,000906.SH,中证800指数,4473.0268,-0.00254766931707617
2022-11-03,2022-08-29,000906.SH,中证800指数,4460.4616,-0.00280910456427397
2022-11-03,2022-08-30,000906.SH,中证800指数,4444.9032,-0.00348806948590252
2022-11-03,2022-08-31,000906.SH,中证800指数,4424.209,-0.00465571443715573
2022-11-03,2022-09-01,000906.SH,中证800指数,4390.409,-0.00763978374439367
2022-11-03,2022-09-02,000906.SH,中证800指数,4378.0162,-0.00282269829530679
2022-11-03,2022-09-05,000906.SH,中证800指数,4377.2467,-0.000175764539199319
2022-11-03,2022-09-06,000906.SH,中证800指数,4426.7071,0.0112994316724255
2022-11-03,2022-09-07,000906.SH,中证800指数,4430.6913,0.000900036959752937
2022-11-03,2022-09-08,000906.SH,中证800指数,4411.4146,-0.00435072062005326
2022-11-03,2022-09-09,000906.SH,中证800指数,4465.1011,0.012169905771269
2022-11-03,2022-09-13,000906.SH,中证800指数,4476.2961,0.00250722206491583
2022-11-03,2022-09-14,000906.SH,中证800指数,4429.9756,-0.0103479526298539
2022-11-03,2022-09-15,000906.SH,中证800指数,4373.467,-0.0127559619064268
2022-11-03,2022-09-16,000906.SH,中证800指数,4269.118,-0.0238595603899605
2022-11-03,2022-09-19,000906.SH,中证800指数,4257.9369,-0.00261906557748015
2022-11-03,2022-09-20,000906.SH,中证800指数,4269.9174,0.00281368660019377
2022-11-03,2022-09-21,000906.SH,中证800指数,4249.779,-0.00471634416159894
2022-11-03,2022-09-22,000906.SH,中证800指数,4219.4538,-0.00713571223350673
2022-11-03,2022-09-23,000906.SH,中证800指数,4195.0052,-0.00579425706711156
2022-11-03,2022-09-26,000906.SH,中证800指数,4164.3971,-0.00729631991874513
2022-11-03,2022-09-27,000906.SH,中证800指数,4230.0271,0.0157597842914645
2022-11-03,2022-09-28,000906.SH,中证800指数,4151.3467,-0.0186004482098945
2022-11-03,2022-09-29,000906.SH,中证800指数,4150.4886,-0.000206704007641778
2022-11-03,2022-09-30,000906.SH,中证800指数,4122.0351,-0.0068554579333141
2022-11-03,2022-10-10,000906.SH,中证800指数,4039.5806,-0.020003347375669
2022-11-03,2022-10-11,000906.SH,中证800指数,4053.7726,0.00351323600276721
2022-11-03,2022-10-12,000906.SH,中证800指数,4124.1724,0.0173664896743346
2022-11-03,2022-10-13,000906.SH,中证800指数,4100.1144,-0.00583341278361693
2022-11-03,2022-10-14,000906.SH,中证800指数,4198.864,0.0240845962737037
2022-11-03,2022-10-17,000906.SH,中证800指数,4209.5831,0.00255285715374454
2022-11-03,2022-10-18,000906.SH,中证800指数,4206.5086,-0.000730357360090972
2022-11-03,2022-10-19,000906.SH,中证800指数,4144.9251,-0.0146400508963657
2022-11-03,2022-10-20,000906.SH,中证800指数,4123.0457,-0.00527859960605814
2022-11-03,2022-10-21,000906.SH,中证800指数,4114.6516,-0.00203589788005487
2022-11-03,2022-10-24,000906.SH,中证800指数,4014.5981,-0.0243163965571228
2022-11-03,2022-10-25,000906.SH,中证800指数,4004.9411,-0.00240547117281809
2022-11-03,2022-10-26,000906.SH,中证800指数,4047.0933,0.0105250486705035
2022-11-03,2022-10-27,000906.SH,中证800指数,4024.542,-0.00557222142617764
2022-11-03,2022-10-28,000906.SH,中证800指数,3918.9968,-0.026225394094533
2022-11-03,2022-10-31,000906.SH,中证800指数,3896.8741,-0.00564499057513901
2022-11-03,2022-11-01,000906.SH,中证800指数,4023.1238,0.0323976851086876
2022-11-03,2022-11-02,000906.SH,中证800指数,4068.8147,0.0113570703441936
2022-11-03,2022-11-03,000906.SH,中证800指数,4044.213,-0.00604640461999895
2022-11-03,2022-08-04,000913.SH,沪深300医药卫生指数,11029.8937,0.024017679524609
2022-11-03,2022-08-05,000913.SH,沪深300医药卫生指数,11261.4051,0.0209894497895295
2022-11-03,2022-08-08,000913.SH,沪深300医药卫生指数,11159.4072,-0.00905729783222164
2022-11-03,2022-08-09,000913.SH,沪深300医药卫生指数,11081.5328,-0.00697836351020498
2022-11-03,2022-08-10,000913.SH,沪深300医药卫生指数,10884.8532,-0.0177484111223315
2022-11-03,2022-08-11,000913.SH,沪深300医药卫生指数,11190.1767,0.0280503093969151
2022-11-03,2022-08-12,000913.SH,沪深300医药卫生指数,11234.5715,0.0039673010704111
2022-11-03,2022-08-15,000913.SH,沪深300医药卫生指数,11046.7081,-0.0167219016764458
2022-11-03,2022-08-16,000913.SH,沪深300医药卫生指数,10892.5905,-0.0139514503872877
2022-11-03,2022-08-17,000913.SH,沪深300医药卫生指数,11004.0583,0.0102333600074289
2022-11-03,2022-08-18,000913.SH,沪深300医药卫生指数,10765.0479,-0.0217202048084388
2022-11-03,2022-08-19,000913.SH,沪深300医药卫生指数,10693.4524,-0.00665073677935046
2022-11-03,2022-08-22,000913.SH,沪深300医药卫生指数,10728.5362,0.0032808674586704
2022-11-03,2022-08-23,000913.SH,沪深300医药卫生指数,10584.0734,-0.0134652852268887
2022-11-03,2022-08-24,000913.SH,沪深300医药卫生指数,10482.6414,-0.00958345583657794
2022-11-03,2022-08-25,000913.SH,沪深300医药卫生指数,10610.7985,0.012225649539056
2022-11-03,2022-08-26,000913.SH,沪深300医药卫生指数,10615.5635,0.000449070821578523
2022-11-03,2022-08-29,000913.SH,沪深300医药卫生指数,10503.855,-0.0105230871634842
2022-11-03,2022-08-30,000913.SH,沪深300医药卫生指数,10464.2506,-0.00377046332037145
2022-11-03,2022-08-31,000913.SH,沪深300医药卫生指数,10678.4199,0.0204667594638839
2022-11-03,2022-09-01,000913.SH,沪深300医药卫生指数,10604.5209,-0.00692040589263598
2022-11-03,2022-09-02,000913.SH,沪深300医药卫生指数,10509.9898,-0.00891422638433392
2022-11-03,2022-09-05,000913.SH,沪深300医药卫生指数,10321.8629,-0.0178998175621444
2022-11-03,2022-09-06,000913.SH,沪深300医药卫生指数,10308.4065,-0.0013036793968656
2022-11-03,2022-09-07,000913.SH,沪深300医药卫生指数,10283.7676,-0.00239017543594156
2022-11-03,2022-09-08,000913.SH,沪深300医药卫生指数,10226.4896,-0.00556974858124937
2022-11-03,2022-09-09,000913.SH,沪深300医药卫生指数,10517.6461,0.028470815635504
2022-11-03,2022-09-13,000913.SH,沪深300医药卫生指数,10367.7162,-0.014255081277169
2022-11-03,2022-09-14,000913.SH,沪深300医药卫生指数,10300.2452,-0.00650779773466426
2022-11-03,2022-09-15,000913.SH,沪深300医药卫生指数,10248.7392,-0.00500046348411198
2022-11-03,2022-09-16,000913.SH,沪深300医药卫生指数,9929.2711,-0.0311714537530626
2022-11-03,2022-09-19,000913.SH,沪深300医药卫生指数,9801.0999,-0.0129084198335566
2022-11-03,2022-09-20,000913.SH,沪深300医药卫生指数,9784.1344,-0.00173097919346765
2022-11-03,2022-09-21,000913.SH,沪深300医药卫生指数,9514.1798,-0.0275910559854943
2022-11-03,2022-09-22,000913.SH,沪深300医药卫生指数,9326.8269,-0.0196919654598077
2022-11-03,2022-09-23,000913.SH,沪深300医药卫生指数,9291.6144,-0.00377539975573038
2022-11-03,2022-09-26,000913.SH,沪深300医药卫生指数,9247.9472,-0.00469963540458584
2022-11-03,2022-09-27,000913.SH,沪深300医药卫生指数,9734.0252,0.0525606374569265
2022-11-03,2022-09-28,000913.SH,沪深300医药卫生指数,9647.4777,-0.00889123442992534
2022-11-03,2022-09-29,000913.SH,沪深300医药卫生指数,9842.1302,0.0201765172258443
2022-11-03,2022-09-30,000913.SH,沪深300医药卫生指数,9832.2573,-0.00100312633539434
2022-11-03,2022-10-10,000913.SH,沪深300医药卫生指数,9536.075,-0.0301235302294214
2022-11-03,2022-10-11,000913.SH,沪深300医药卫生指数,9435.9729,-0.0104972014167254
2022-11-03,2022-10-12,000913.SH,沪深300医药卫生指数,9482.5023,0.00493106545484023
2022-11-03,2022-10-13,000913.SH,沪深300医药卫生指数,9736.9928,0.0268379054334635
2022-11-03,2022-10-14,000913.SH,沪深300医药卫生指数,10559.4817,0.0844705256431946
2022-11-03,2022-10-17,000913.SH,沪深300医药卫生指数,10641.9908,0.00781374525228817
2022-11-03,2022-10-18,000913.SH,沪深300医药卫生指数,10751.1062,0.0102532883227076
2022-11-03,2022-10-19,000913.SH,沪深300医药卫生指数,10525.7841,-0.0209580387179135
2022-11-03,2022-10-20,000913.SH,沪深300医药卫生指数,10541.0788,0.00145306989528682
2022-11-03,2022-10-21,000913.SH,沪深300医药卫生指数,10495.3497,-0.00433818026291566
2022-11-03,2022-10-24,000913.SH,沪深300医药卫生指数,10077.9689,-0.0397681651331733
2022-11-03,2022-10-25,000913.SH,沪深300医药卫生指数,9869.1467,-0.0207206632677742
2022-11-03,2022-10-26,000913.SH,沪深300医药卫生指数,10399.5675,0.0537453557155048
2022-11-03,2022-10-27,000913.SH,沪深300医药卫生指数,10201.2367,-0.0190710623302363
2022-11-03,2022-10-28,000913.SH,沪深300医药卫生指数,10000.8195,-0.0196463630728223
2022-11-03,2022-10-31,000913.SH,沪深300医药卫生指数,9881.9332,-0.0118876558066067
2022-11-03,2022-11-01,000913.SH,沪深300医药卫生指数,10303.1937,0.0426293612266071
2022-11-03,2022-11-02,000913.SH,沪深300医药卫生指数,10472.8341,0.0164648365292792
2022-11-03,2022-11-03,000913.SH,沪深300医药卫生指数,10401.7342,-0.00678898370021919
2022-11-03,2022-08-04,000922.CSI,中证红利指数,4762.2823,0.00552649958461671
2022-11-03,2022-08-05,000922.CSI,中证红利指数,4797.1442,0.0073204186152509
2022-11-03,2022-08-08,000922.CSI,中证红利指数,4873.2309,0.0158608323677241
2022-11-03,2022-08-09,000922.CSI,中证红利指数,4883.649,0.00213782195298817
2022-11-03,2022-08-10,000922.CSI,中证红利指数,4862.6151,-0.00430700486460034
2022-11-03,2022-08-11,000922.CSI,中证红利指数,4923.7214,0.0125665508668371
2022-11-03,2022-08-12,000922.CSI,中证红利指数,4957.3534,0.00683060580966255
2022-11-03,2022-08-15,000922.CSI,中证红利指数,4969.8452,0.00251985262942922
2022-11-03,2022-08-16,000922.CSI,中证红利指数,4996.1046,0.00528374606114501
2022-11-03,2022-08-17,000922.CSI,中证红利指数,5012.0491,0.00319138634527394
2022-11-03,2022-08-18,000922.CSI,中证红利指数,4969.3372,-0.00852184389015664
2022-11-03,2022-08-19,000922.CSI,中证红利指数,5006.9979,0.00757861631929524
2022-11-03,2022-08-22,000922.CSI,中证红利指数,5050.9213,0.00877240232115928
2022-11-03,2022-08-23,000922.CSI,中证红利指数,5075.6273,0.00489138486477714
2022-11-03,2022-08-24,000922.CSI,中证红利指数,4984.4626,-0.017961267565883
2022-11-03,2022-08-25,000922.CSI,中证红利指数,5073.6245,0.0178879664981337
2022-11-03,2022-08-26,000922.CSI,中证红利指数,5051.2158,-0.00441670446837361
2022-11-03,2022-08-29,000922.CSI,中证红利指数,5090.8457,0.00784561609899925
2022-11-03,2022-08-30,000922.CSI,中证红利指数,5060.863,-0.0058895322637651
2022-11-03,2022-08-31,000922.CSI,中证红利指数,5009.623,-0.010124755402389
2022-11-03,2022-09-01,000922.CSI,中证红利指数,5043.0279,0.00666814648527447
2022-11-03,2022-09-02,000922.CSI,中证红利指数,5040.1258,-0.000575467766101401
2022-11-03,2022-09-05,000922.CSI,中证红利指数,5115.8301,0.0150203195325007
2022-11-03,2022-09-06,000922.CSI,中证红利指数,5201.739,0.0167927586180001
2022-11-03,2022-09-07,000922.CSI,中证红利指数,5187.116,-0.00281117526273422
2022-11-03,2022-09-08,000922.CSI,中证红利指数,5168.4662,-0.0035954083155264
2022-11-03,2022-09-09,000922.CSI,中证红利指数,5222.8554,0.0105232767121513
2022-11-03,2022-09-13,000922.CSI,中证红利指数,5187.6275,-0.00674495028141131
2022-11-03,2022-09-14,000922.CSI,中证红利指数,5144.5946,-0.0082952949108237
2022-11-03,2022-09-15,000922.CSI,中证红利指数,5134.2684,-0.00200719411399308
2022-11-03,2022-09-16,000922.CSI,中证红利指数,4975.1508,-0.0309912898203762
2022-11-03,2022-09-19,000922.CSI,中证红利指数,4975.774,0.000125262534755644
2022-11-03,2022-09-20,000922.CSI,中证红利指数,4980.3913,0.000927956133055963
2022-11-03,2022-09-21,000922.CSI,中证红利指数,5020.6196,0.00807733721645532
2022-11-03,2022-09-22,000922.CSI,中证红利指数,5015.0548,-0.00110838909205546
2022-11-03,2022-09-23,000922.CSI,中证红利指数,4962.2136,-0.0105365149748712
2022-11-03,2022-09-26,000922.CSI,中证红利指数,4872.4905,-0.0180812651837479
2022-11-03,2022-09-27,000922.CSI,中证红利指数,4930.363,0.0118773961693719
2022-11-03,2022-09-28,000922.CSI,中证红利指数,4869.6435,-0.0123154218056561
2022-11-03,2022-09-29,000922.CSI,中证红利指数,4846.587,-0.00473474084909908
2022-11-03,2022-09-30,000922.CSI,中证红利指数,4869.9909,0.00482894457481087
2022-11-03,2022-10-10,000922.CSI,中证红利指数,4856.0239,-0.00286797250483561
2022-11-03,2022-10-11,000922.CSI,中证红利指数,4856.6655,0.000132124555647151
2022-11-03,2022-10-12,000922.CSI,中证红利指数,4924.6696,0.0140022202476164
2022-11-03,2022-10-13,000922.CSI,中证红利指数,4878.2975,-0.00941628652610538
2022-11-03,2022-10-14,000922.CSI,中证红利指数,4934.5125,0.0115234874461838
2022-11-03,2022-10-17,000922.CSI,中证红利指数,4935.9049,0.000282175797508
2022-11-03,2022-10-18,000922.CSI,中证红利指数,4941.3127,0.00109560457698454
2022-11-03,2022-10-19,000922.CSI,中证红利指数,4901.7465,-0.00800722447700997
2022-11-03,2022-10-20,000922.CSI,中证红利指数,4855.4973,-0.00943524925248584
2022-11-03,2022-10-21,000922.CSI,中证红利指数,4878.474,0.00473210025263526
2022-11-03,2022-10-24,000922.CSI,中证红利指数,4772.9081,-0.0216391232176292
2022-11-03,2022-10-25,000922.CSI,中证红利指数,4753.564,-0.00405289596923086
2022-11-03,2022-10-26,000922.CSI,中证红利指数,4741.7555,-0.00248413611345089
2022-11-03,2022-10-27,000922.CSI,中证红利指数,4754.4951,0.00268668428812924
2022-11-03,2022-10-28,000922.CSI,中证红利指数,4628.8304,-0.0264307139574085
2022-11-03,2022-10-31,000922.CSI,中证红利指数,4561.9989,-0.0144380965005761
2022-11-03,2022-11-01,000922.CSI,中证红利指数,4622.1442,0.0131839795051245
2022-11-03,2022-11-02,000922.CSI,中证红利指数,4679.5331,0.0124160773694597
2022-11-03,2022-11-03,000922.CSI,中证红利指数,4654.3345,-0.00538485345899142
2022-11-03,2022-08-04,000928.SH,中证能源指数,2421.2548,-0.00765195651505679
2022-11-03,2022-08-05,000928.SH,中证能源指数,2399.8443,-0.00884272898498739
2022-11-03,2022-08-08,000928.SH,中证能源指数,2466.6041,0.0278183880512581
2022-11-03,2022-08-09,000928.SH,中证能源指数,2539.0758,0.0293811641681776
2022-11-03,2022-08-10,000928.SH,中证能源指数,2515.8674,-0.00914049119762395
2022-11-03,2022-08-11,000928.SH,中证能源指数,2534.3217,0.00733516400745127
2022-11-03,2022-08-12,000928.SH,中证能源指数,2595.3455,0.0240789478304984
2022-11-03,2022-08-15,000928.SH,中证能源指数,2629.7449,0.0132542661468387
2022-11-03,2022-08-16,000928.SH,中证能源指数,2626.1427,-0.00136979065916254
2022-11-03,2022-08-17,000928.SH,中证能源指数,2631.5333,0.00205266834890594
2022-11-03,2022-08-18,000928.SH,中证能源指数,2606.0165,-0.00969655219639431
2022-11-03,2022-08-19,000928.SH,中证能源指数,2664.6489,0.0224988598498896
2022-11-03,2022-08-22,000928.SH,中证能源指数,2712.9529,0.0181277165633342
2022-11-03,2022-08-23,000928.SH,中证能源指数,2782.9724,0.0258093312272394
2022-11-03,2022-08-24,000928.SH,中证能源指数,2763.698,-0.00692583225043852
2022-11-03,2022-08-25,000928.SH,中证能源指数,2907.2631,0.0519467394773236
2022-11-03,2022-08-26,000928.SH,中证能源指数,2848.8012,-0.0201089127433978
2022-11-03,2022-08-29,000928.SH,中证能源指数,2895.8095,0.0165010812267279
2022-11-03,2022-08-30,000928.SH,中证能源指数,2776.6367,-0.041153535824784
2022-11-03,2022-08-31,000928.SH,中证能源指数,2721.3504,-0.0199112473014565
2022-11-03,2022-09-01,000928.SH,中证能源指数,2773.4176,0.0191328540418758
2022-11-03,2022-09-02,000928.SH,中证能源指数,2759.0698,-0.00517332838732976
2022-11-03,2022-09-05,000928.SH,中证能源指数,2904.2361,0.0526142180237701
2022-11-03,2022-09-06,000928.SH,中证能源指数,2957.4218,0.0183131460971786
2022-11-03,2022-09-07,000928.SH,中证能源指数,2961.6278,0.00142218468802802
2022-11-03,2022-09-08,000928.SH,中证能源指数,2915.5374,-0.0155625227450931
2022-11-03,2022-09-09,000928.SH,中证能源指数,2936.2446,0.00710236130052722
2022-11-03,2022-09-13,000928.SH,中证能源指数,2897.4923,-0.0131979127351993
2022-11-03,2022-09-14,000928.SH,中证能源指数,2873.8601,-0.00815608724827332
2022-11-03,2022-09-15,000928.SH,中证能源指数,2862.0721,-0.00410180022333029
2022-11-03,2022-09-16,000928.SH,中证能源指数,2739.1108,-0.0429623348761898
2022-11-03,2022-09-19,000928.SH,中证能源指数,2754.2018,0.00550945219156529
2022-11-03,2022-09-20,000928.SH,中证能源指数,2761.8227,0.00276700857576961
2022-11-03,2022-09-21,000928.SH,中证能源指数,2805.3693,0.015767340894113
2022-11-03,2022-09-22,000928.SH,中证能源指数,2883.7043,0.0279232399099827
2022-11-03,2022-09-23,000928.SH,中证能源指数,2835.9061,-0.0165752778466224
2022-11-03,2022-09-26,000928.SH,中证能源指数,2735.5016,-0.0354047336052488
2022-11-03,2022-09-27,000928.SH,中证能源指数,2720.3284,-0.00554677065442044
2022-11-03,2022-09-28,000928.SH,中证能源指数,2705.6467,-0.00539703221125809
2022-11-03,2022-09-29,000928.SH,中证能源指数,2746.5392,0.0151137618965553
2022-11-03,2022-09-30,000928.SH,中证能源指数,2750.8801,0.0015804981046692
2022-11-03,2022-10-10,000928.SH,中证能源指数,2802.0888,0.0186153878535091
2022-11-03,2022-10-11,000928.SH,中证能源指数,2785.6539,-0.00586523168002395
2022-11-03,2022-10-12,000928.SH,中证能源指数,2803.2821,0.00632820897097086
2022-11-03,2022-10-13,000928.SH,中证能源指数,2696.5334,-0.0380798992723566
2022-11-03,2022-10-14,000928.SH,中证能源指数,2724.6176,0.010414927551055
2022-11-03,2022-10-17,000928.SH,中证能源指数,2695.9363,-0.010526724924628
2022-11-03,2022-10-18,000928.SH,中证能源指数,2693.4438,-0.000924539648803901
2022-11-03,2022-10-19,000928.SH,中证能源指数,2679.668,-0.00511456745449812
2022-11-03,2022-10-20,000928.SH,中证能源指数,2646.3354,-0.0124390782738758
2022-11-03,2022-10-21,000928.SH,中证能源指数,2670.7878,0.00924009859067754
2022-11-03,2022-10-24,000928.SH,中证能源指数,2627.7683,-0.0161074196909241
2022-11-03,2022-10-25,000928.SH,中证能源指数,2597.1311,-0.0116590187955309
2022-11-03,2022-10-26,000928.SH,中证能源指数,2558.9894,-0.0146860895855431
2022-11-03,2022-10-27,000928.SH,中证能源指数,2576.9944,0.00703598068831401
2022-11-03,2022-10-28,000928.SH,中证能源指数,2571.1383,-0.0022724535218237
2022-11-03,2022-10-31,000928.SH,中证能源指数,2457.8597,-0.0440577622759538
2022-11-03,2022-11-01,000928.SH,中证能源指数,2468.5806,0.00436188444767605
2022-11-03,2022-11-02,000928.SH,中证能源指数,2513.0148,0.0179998984031553
2022-11-03,2022-11-03,000928.SH,中证能源指数,2505.3283,-0.00305867677341165
2022-11-03,2022-08-04,000932.SH,中证主要消费指数,22229.7451,0.0145738518691865
2022-11-03,2022-08-05,000932.SH,中证主要消费指数,22433.5421,0.00916776144230269
2022-11-03,2022-08-08,000932.SH,中证主要消费指数,22281.8576,-0.00676150468454106
2022-11-03,2022-08-09,000932.SH,中证主要消费指数,22125.4481,-0.00701958978500961
2022-11-03,2022-08-10,000932.SH,中证主要消费指数,21789.2558,-0.0151948244609791
2022-11-03,2022-08-11,000932.SH,中证主要消费指数,22148.2282,0.0164747434834376
2022-11-03,2022-08-12,000932.SH,中证主要消费指数,22295.6736,0.00665720971756989
2022-11-03,2022-08-15,000932.SH,中证主要消费指数,22084.415,-0.00947531811732283
2022-11-03,2022-08-16,000932.SH,中证主要消费指数,22093.2153,0.000398484632714968
2022-11-03,2022-08-17,000932.SH,中证主要消费指数,22218.0388,0.00564985667794571
2022-11-03,2022-08-18,000932.SH,中证主要消费指数,21849.3697,-0.0165932332425308
2022-11-03,2022-08-19,000932.SH,中证主要消费指数,21984.3512,0.00617782123023902
2022-11-03,2022-08-22,000932.SH,中证主要消费指数,22107.6623,0.00560903976097316
2022-11-03,2022-08-23,000932.SH,中证主要消费指数,21913.4176,-0.00878630663722413
2022-11-03,2022-08-24,000932.SH,中证主要消费指数,21787.6523,-0.00573919149881941
2022-11-03,2022-08-25,000932.SH,中证主要消费指数,22185.5862,0.0182641936139214
2022-11-03,2022-08-26,000932.SH,中证主要消费指数,22425.5794,0.0108175280038352
2022-11-03,2022-08-29,000932.SH,中证主要消费指数,22200.9194,-0.0100180243280582
2022-11-03,2022-08-30,000932.SH,中证主要消费指数,22180.9943,-0.000897489858010081
2022-11-03,2022-08-31,000932.SH,中证主要消费指数,22369.3683,0.0084925859252396
2022-11-03,2022-09-01,000932.SH,中证主要消费指数,22061.2853,-0.0137725391199357
2022-11-03,2022-09-02,000932.SH,中证主要消费指数,21826.3099,-0.0106510294756036
2022-11-03,2022-09-05,000932.SH,中证主要消费指数,21521.2371,-0.0139772962721473
2022-11-03,2022-09-06,000932.SH,中证主要消费指数,21581.6948,0.00280921118609867
2022-11-03,2022-09-07,000932.SH,中证主要消费指数,21285.4977,-0.0137244596749649
2022-11-03,2022-09-08,000932.SH,中证主要消费指数,21256.6597,-0.00135481915463975
2022-11-03,2022-09-09,000932.SH,中证主要消费指数,21505.5969,0.0117110215581049
2022-11-03,2022-09-13,000932.SH,中证主要消费指数,21842.4449,0.0156632713598384
2022-11-03,2022-09-14,000932.SH,中证主要消费指数,21691.3807,-0.00691608474653849
2022-11-03,2022-09-15,000932.SH,中证主要消费指数,21680.9342,-0.00048159682154314
2022-11-03,2022-09-16,000932.SH,中证主要消费指数,21267.169,-0.0190842883513754
2022-11-03,2022-09-19,000932.SH,中证主要消费指数,21454.9448,0.00882937451618493
2022-11-03,2022-09-20,000932.SH,中证主要消费指数,21556.0916,0.00471438174010119
2022-11-03,2022-09-21,000932.SH,中证主要消费指数,21236.3073,-0.0148349852066875
2022-11-03,2022-09-22,000932.SH,中证主要消费指数,20956.8645,-0.0131587284009589
2022-11-03,2022-09-23,000932.SH,中证主要消费指数,20992.9283,0.00172085857595738
2022-11-03,2022-09-26,000932.SH,中证主要消费指数,21115.1802,0.00582348009067402
2022-11-03,2022-09-27,000932.SH,中证主要消费指数,21770.3068,0.0310263324203124
2022-11-03,2022-09-28,000932.SH,中证主要消费指数,21687.7329,-0.00379295986770378
2022-11-03,2022-09-29,000932.SH,中证主要消费指数,21646.3931,-0.00190613745524304
2022-11-03,2022-09-30,000932.SH,中证主要消费指数,21594.8756,-0.0023799577029765
2022-11-03,2022-10-10,000932.SH,中证主要消费指数,20997.6681,-0.0276550562764066
2022-11-03,2022-10-11,000932.SH,中证主要消费指数,21021.1481,0.0011182194083732
2022-11-03,2022-10-12,000932.SH,中证主要消费指数,21012.986,-0.000388280409860053
2022-11-03,2022-10-13,000932.SH,中证主要消费指数,20920.6075,-0.00439625762849705
2022-11-03,2022-10-14,000932.SH,中证主要消费指数,21201.7534,0.0134387063090784
2022-11-03,2022-10-17,000932.SH,中证主要消费指数,21065.5961,-0.00642198300448127
2022-11-03,2022-10-18,000932.SH,中证主要消费指数,20968.5453,-0.00460707589470954
2022-11-03,2022-10-19,000932.SH,中证主要消费指数,20305.2042,-0.0316350557708932
2022-11-03,2022-10-20,000932.SH,中证主要消费指数,20247.7468,-0.00282968836137087
2022-11-03,2022-10-21,000932.SH,中证主要消费指数,20036.3111,-0.0104424310560819
2022-11-03,2022-10-24,000932.SH,中证主要消费指数,19091.4009,-0.0471598886284011
2022-11-03,2022-10-25,000932.SH,中证主要消费指数,19060.6884,-0.0016087085573695
2022-11-03,2022-10-26,000932.SH,中证主要消费指数,18915.1079,-0.00763773568639836
2022-11-03,2022-10-27,000932.SH,中证主要消费指数,18368.6051,-0.0288923966434259
2022-11-03,2022-10-28,000932.SH,中证主要消费指数,17907.9861,-0.0250764278230361
2022-11-03,2022-10-31,000932.SH,中证主要消费指数,17692.6609,-0.0120239762750318
2022-11-03,2022-11-01,000932.SH,中证主要消费指数,18707.6078,0.0573654186748136
2022-11-03,2022-11-02,000932.SH,中证主要消费指数,19029.8226,0.017223730764764
2022-11-03,2022-11-03,000932.SH,中证主要消费指数,18794.3853,-0.0123720175930593
2022-11-03,2022-08-04,000933.SH,中证医药卫生指数,10347.0354,0.0213611822542465
2022-11-03,2022-08-05,000933.SH,中证医药卫生指数,10571.0018,0.0216454657147496
2022-11-03,2022-08-08,000933.SH,中证医药卫生指数,10515.6592,-0.00523532216218148
2022-11-03,2022-08-09,000933.SH,中证医药卫生指数,10439.9941,-0.00719546902014478
2022-11-03,2022-08-10,000933.SH,中证医药卫生指数,10269.9141,-0.0162911969461745
2022-11-03,2022-08-11,000933.SH,中证医药卫生指数,10554.426,0.0277034352215273
2022-11-03,2022-08-12,000933.SH,中证医药卫生指数,10577.2165,0.00215933107115451
2022-11-03,2022-08-15,000933.SH,中证医药卫生指数,10427.0423,-0.0141978941246027
2022-11-03,2022-08-16,000933.SH,中证医药卫生指数,10316.3189,-0.0106188693604896
2022-11-03,2022-08-17,000933.SH,中证医药卫生指数,10404.0259,0.00850177285620757
2022-11-03,2022-08-18,000933.SH,中证医药卫生指数,10215.0216,-0.0181664580439002
2022-11-03,2022-08-19,000933.SH,中证医药卫生指数,10141.2285,-0.00722397885091119
2022-11-03,2022-08-22,000933.SH,中证医药卫生指数,10188.1811,0.00462987299812845
2022-11-03,2022-08-23,000933.SH,中证医药卫生指数,10057.4122,-0.0128353529169205
2022-11-03,2022-08-24,000933.SH,中证医药卫生指数,9932.3851,-0.0124313389482039
2022-11-03,2022-08-25,000933.SH,中证医药卫生指数,10034.0842,0.010239141855263
2022-11-03,2022-08-26,000933.SH,中证医药卫生指数,10041.2262,0.00071177397534683
2022-11-03,2022-08-29,000933.SH,中证医药卫生指数,9954.7522,-0.00861189642356608
2022-11-03,2022-08-30,000933.SH,中证医药卫生指数,9936.6019,-0.00182327994060982
2022-11-03,2022-08-31,000933.SH,中证医药卫生指数,10068.6835,0.0132924314900851
2022-11-03,2022-09-01,000933.SH,中证医药卫生指数,10031.2999,-0.00371285878635463
2022-11-03,2022-09-02,000933.SH,中证医药卫生指数,9970.7998,-0.00603113261522559
2022-11-03,2022-09-05,000933.SH,中证医药卫生指数,9827.6646,-0.0143554381665552
2022-11-03,2022-09-06,000933.SH,中证医药卫生指数,9839.2013,0.00117390046054289
2022-11-03,2022-09-07,000933.SH,中证医药卫生指数,9796.9251,-0.00429671054702374
2022-11-03,2022-09-08,000933.SH,中证医药卫生指数,9737.3564,-0.00608034657731538
2022-11-03,2022-09-09,000933.SH,中证医药卫生指数,9966.8426,0.0235676081446499
2022-11-03,2022-09-13,000933.SH,中证医药卫生指数,9837.7102,-0.0129561993885606
2022-11-03,2022-09-14,000933.SH,中证医药卫生指数,9787.8245,-0.00507086496611775
2022-11-03,2022-09-15,000933.SH,中证医药卫生指数,9711.3638,-0.00781181763118055
2022-11-03,2022-09-16,000933.SH,中证医药卫生指数,9413.5356,-0.0306680097804595
2022-11-03,2022-09-19,000933.SH,中证医药卫生指数,9303.2969,-0.0117106584267871
2022-11-03,2022-09-20,000933.SH,中证医药卫生指数,9305.2355,0.000208377741873544
2022-11-03,2022-09-21,000933.SH,中证医药卫生指数,9087.9884,-0.023346760004086
2022-11-03,2022-09-22,000933.SH,中证医药卫生指数,8917.1302,-0.0188004421308461
2022-11-03,2022-09-23,000933.SH,中证医药卫生指数,8864.1251,-0.00594418818736098
2022-11-03,2022-09-26,000933.SH,中证医药卫生指数,8812.4188,-0.00583320964186296
2022-11-03,2022-09-27,000933.SH,中证医药卫生指数,9262.7021,0.0510964481170597
2022-11-03,2022-09-28,000933.SH,中证医药卫生指数,9189.4807,-0.00790497191958706
2022-11-03,2022-09-29,000933.SH,中证医药卫生指数,9359.2816,0.0184777470613764
2022-11-03,2022-09-30,000933.SH,中证医药卫生指数,9366.4425,0.000765112142795177
2022-11-03,2022-10-10,000933.SH,中证医药卫生指数,9131.4569,-0.025088031021383
2022-11-03,2022-10-11,000933.SH,中证医药卫生指数,9036.7641,-0.0103699553134833
2022-11-03,2022-10-12,000933.SH,中证医药卫生指数,9103.4885,0.00738366070660179
2022-11-03,2022-10-13,000933.SH,中证医药卫生指数,9340.1165,0.0259931124205848
2022-11-03,2022-10-14,000933.SH,中证医药卫生指数,10078.8177,0.0790890777433022
2022-11-03,2022-10-17,000933.SH,中证医药卫生指数,10163.4092,0.00839299831764984
2022-11-03,2022-10-18,000933.SH,中证医药卫生指数,10334.8031,0.0168638196718478
2022-11-03,2022-10-19,000933.SH,中证医药卫生指数,10120.6251,-0.0207239555439619
2022-11-03,2022-10-20,000933.SH,中证医药卫生指数,10155.2919,0.00342536154214446
2022-11-03,2022-10-21,000933.SH,中证医药卫生指数,10148.936,-0.000625870734449308
2022-11-03,2022-10-24,000933.SH,中证医药卫生指数,9809.0528,-0.0334895401843109
2022-11-03,2022-10-25,000933.SH,中证医药卫生指数,9618.2625,-0.0194504305247494
2022-11-03,2022-10-26,000933.SH,中证医药卫生指数,10111.2143,0.0512516475818787
2022-11-03,2022-10-27,000933.SH,中证医药卫生指数,10030.3853,-0.00799399534040135
2022-11-03,2022-10-28,000933.SH,中证医药卫生指数,9821.2315,-0.0208520205101194
2022-11-03,2022-10-31,000933.SH,中证医药卫生指数,9767.59,-0.0054617895932908
2022-11-03,2022-11-01,000933.SH,中证医药卫生指数,10119.6969,0.0360484930264273
2022-11-03,2022-11-02,000933.SH,中证医药卫生指数,10267.9149,0.0146464861017723
2022-11-03,2022-11-03,000933.SH,中证医药卫生指数,10191.9559,-0.00739770447454713
2022-11-03,2022-08-04,000949.CSI,中证农业主题指数,6910.469,0.0102145051490179
2022-11-03,2022-08-05,000949.CSI,中证农业主题指数,6984.5113,0.0107145115620952
2022-11-03,2022-08-08,000949.CSI,中证农业主题指数,6988.0755,0.000510300556031629
2022-11-03,2022-08-09,000949.CSI,中证农业主题指数,6939.8903,-0.0068953462222896
2022-11-03,2022-08-10,000949.CSI,中证农业主题指数,6897.3678,-0.00612725823634419
2022-11-03,2022-08-11,000949.CSI,中证农业主题指数,6989.5596,0.0133662293607135
2022-11-03,2022-08-12,000949.CSI,中证农业主题指数,6995.1808,0.000804228066100254
2022-11-03,2022-08-15,000949.CSI,中证农业主题指数,7014.0727,0.00270070217484575
2022-11-03,2022-08-16,000949.CSI,中证农业主题指数,7079.2479,0.00929206222798351
2022-11-03,2022-08-17,000949.CSI,中证农业主题指数,7059.4483,-0.00279685077845637
2022-11-03,2022-08-18,000949.CSI,中证农业主题指数,6959.8849,-0.0141035667050639
2022-11-03,2022-08-19,000949.CSI,中证农业主题指数,7064.2344,0.014992992197328
2022-11-03,2022-08-22,000949.CSI,中证农业主题指数,7190.2523,0.0178388616323377
2022-11-03,2022-08-23,000949.CSI,中证农业主题指数,7205.4932,0.00211966136431685
2022-11-03,2022-08-24,000949.CSI,中证农业主题指数,7123.7601,-0.0113431652395425
2022-11-03,2022-08-25,000949.CSI,中证农业主题指数,7205.538,0.0114795976916739
2022-11-03,2022-08-26,000949.CSI,中证农业主题指数,7275.7047,0.0097378849434977
2022-11-03,2022-08-29,000949.CSI,中证农业主题指数,7282.9789,0.000999793188417808
2022-11-03,2022-08-30,000949.CSI,中证农业主题指数,7243.1018,-0.00547538315674645
2022-11-03,2022-08-31,000949.CSI,中证农业主题指数,7105.178,-0.0190420905032703
2022-11-03,2022-09-01,000949.CSI,中证农业主题指数,7068.2695,-0.00519459188777527
2022-11-03,2022-09-02,000949.CSI,中证农业主题指数,7049.9728,-0.00258856853151979
2022-11-03,2022-09-05,000949.CSI,中证农业主题指数,7041.628,-0.00118366414122906
2022-11-03,2022-09-06,000949.CSI,中证农业主题指数,7131.1358,0.0127112366628854
2022-11-03,2022-09-07,000949.CSI,中证农业主题指数,7070.1307,-0.00855475224577829
2022-11-03,2022-09-08,000949.CSI,中证农业主题指数,6967.1501,-0.0145655864607991
2022-11-03,2022-09-09,000949.CSI,中证农业主题指数,6983.8173,0.0023922550484452
2022-11-03,2022-09-13,000949.CSI,中证农业主题指数,7061.7585,0.0111602575857763
2022-11-03,2022-09-14,000949.CSI,中证农业主题指数,6957.6804,-0.0147382695117654
2022-11-03,2022-09-15,000949.CSI,中证农业主题指数,6809.3652,-0.0213167595338239
2022-11-03,2022-09-16,000949.CSI,中证农业主题指数,6686.0409,-0.0181109833850592
2022-11-03,2022-09-19,000949.CSI,中证农业主题指数,6721.0222,0.00523199013036257
2022-11-03,2022-09-20,000949.CSI,中证农业主题指数,6700.1616,-0.00310378382621623
2022-11-03,2022-09-21,000949.CSI,中证农业主题指数,6615.0849,-0.0126977086642209
2022-11-03,2022-09-22,000949.CSI,中证农业主题指数,6581.2781,-0.00511056177071878
2022-11-03,2022-09-23,000949.CSI,中证农业主题指数,6512.9856,-0.0103767838043496
2022-11-03,2022-09-26,000949.CSI,中证农业主题指数,6339.7007,-0.0266060622028704
2022-11-03,2022-09-27,000949.CSI,中证农业主题指数,6463.2566,0.0194892323544547
2022-11-03,2022-09-28,000949.CSI,中证农业主题指数,6348.5469,-0.0177479724385381
2022-11-03,2022-09-29,000949.CSI,中证农业主题指数,6388.4645,0.00628767505836647
2022-11-03,2022-09-30,000949.CSI,中证农业主题指数,6366.3045,-0.00346875215476272
2022-11-03,2022-10-10,000949.CSI,中证农业主题指数,6456.65,0.0141911999339648
2022-11-03,2022-10-11,000949.CSI,中证农业主题指数,6488.5428,0.00493952746393256
2022-11-03,2022-10-12,000949.CSI,中证农业主题指数,6585.4238,0.0149310874546438
2022-11-03,2022-10-13,000949.CSI,中证农业主题指数,6624.7848,0.00597698814767256
2022-11-03,2022-10-14,000949.CSI,中证农业主题指数,6685.3586,0.00914351210321573
2022-11-03,2022-10-17,000949.CSI,中证农业主题指数,6700.3271,0.00223899732169963
2022-11-03,2022-10-18,000949.CSI,中证农业主题指数,6696.4869,-0.00057313619808208
2022-11-03,2022-10-19,000949.CSI,中证农业主题指数,6523.3569,-0.0258538548025832
2022-11-03,2022-10-20,000949.CSI,中证农业主题指数,6450.323,-0.0111957541369535
2022-11-03,2022-10-21,000949.CSI,中证农业主题指数,6412.8828,-0.00580439150101475
2022-11-03,2022-10-24,000949.CSI,中证农业主题指数,6278.3837,-0.0209732665003639
2022-11-03,2022-10-25,000949.CSI,中证农业主题指数,6245.7161,-0.00520318629140182
2022-11-03,2022-10-26,000949.CSI,中证农业主题指数,6165.8219,-0.0127918398340263
2022-11-03,2022-10-27,000949.CSI,中证农业主题指数,6170.8018,0.000807661992312969
2022-11-03,2022-10-28,000949.CSI,中证农业主题指数,5890.9959,-0.0453435240781839
2022-11-03,2022-10-31,000949.CSI,中证农业主题指数,5898.4726,0.00126917419854267
2022-11-03,2022-11-01,000949.CSI,中证农业主题指数,6101.9989,0.034504915730218
2022-11-03,2022-11-02,000949.CSI,中证农业主题指数,6146.4313,0.00728161389868509
2022-11-03,2022-11-03,000949.CSI,中证农业主题指数,6142.235,-0.000682721370366624
2022-11-03,2022-08-04,000977.CSI,中证内地低碳经济主题指数,2776.823,-0.00146941146192725
2022-11-03,2022-08-05,000977.CSI,中证内地低碳经济主题指数,2797.6587,0.00750343107933071
2022-11-03,2022-08-08,000977.CSI,中证内地低碳经济主题指数,2804.3115,0.00237798842296244
2022-11-03,2022-08-09,000977.CSI,中证内地低碳经济主题指数,2858.4328,0.0192993182105483
2022-11-03,2022-08-10,000977.CSI,中证内地低碳经济主题指数,2827.0591,-0.0109758396279248
2022-11-03,2022-08-11,000977.CSI,中证内地低碳经济主题指数,2858.6554,0.0111763846748023
2022-11-03,2022-08-12,000977.CSI,中证内地低碳经济主题指数,2826.1948,-0.0113551986713754
2022-11-03,2022-08-15,000977.CSI,中证内地低碳经济主题指数,2909.2182,0.0293763897661972
2022-11-03,2022-08-16,000977.CSI,中证内地低碳经济主题指数,2934.7558,0.00877816590037828
2022-11-03,2022-08-17,000977.CSI,中证内地低碳经济主题指数,2954.4903,0.00672440957438436
2022-11-03,2022-08-18,000977.CSI,中证内地低碳经济主题指数,2964.0365,0.00323108185530341
2022-11-03,2022-08-19,000977.CSI,中证内地低碳经济主题指数,2883.7087,-0.0271008133671768
2022-11-03,2022-08-22,000977.CSI,中证内地低碳经济主题指数,2914.9932,0.0108487032688149
2022-11-03,2022-08-23,000977.CSI,中证内地低碳经济主题指数,2932.2606,0.00592365018210006
2022-11-03,2022-08-24,000977.CSI,中证内地低碳经济主题指数,2829.8139,-0.0349377882716154
2022-11-03,2022-08-25,000977.CSI,中证内地低碳经济主题指数,2793.8064,-0.0127243349818871
2022-11-03,2022-08-26,000977.CSI,中证内地低碳经济主题指数,2763.0456,-0.01101035490505
2022-11-03,2022-08-29,000977.CSI,中证内地低碳经济主题指数,2765.6099,0.000928070097721223
2022-11-03,2022-08-30,000977.CSI,中证内地低碳经济主题指数,2732.4871,-0.0119766710409881
2022-11-03,2022-08-31,000977.CSI,中证内地低碳经济主题指数,2642.5283,-0.0329219486525664
2022-11-03,2022-09-01,000977.CSI,中证内地低碳经济主题指数,2625.03,-0.00662180230955323
2022-11-03,2022-09-02,000977.CSI,中证内地低碳经济主题指数,2602.2574,-0.00867517704559573
2022-11-03,2022-09-05,000977.CSI,中证内地低碳经济主题指数,2620.9366,0.00717807546632399
2022-11-03,2022-09-06,000977.CSI,中证内地低碳经济主题指数,2675.52,0.0208259139118436
2022-11-03,2022-09-07,000977.CSI,中证内地低碳经济主题指数,2713.4258,0.0141676384403779
2022-11-03,2022-09-08,000977.CSI,中证内地低碳经济主题指数,2676.1029,-0.013754899802309
2022-11-03,2022-09-09,000977.CSI,中证内地低碳经济主题指数,2673.1086,-0.00111890316325269
2022-11-03,2022-09-13,000977.CSI,中证内地低碳经济主题指数,2670.0511,-0.00114379939520592
2022-11-03,2022-09-14,000977.CSI,中证内地低碳经济主题指数,2611.2571,-0.0220198032914053
2022-11-03,2022-09-15,000977.CSI,中证内地低碳经济主题指数,2483.5842,-0.0488932706013514
2022-11-03,2022-09-16,000977.CSI,中证内地低碳经济主题指数,2448.1159,-0.0142810942346951
2022-11-03,2022-09-19,000977.CSI,中证内地低碳经济主题指数,2448.4821,0.000149584421228033
2022-11-03,2022-09-20,000977.CSI,中证内地低碳经济主题指数,2498.8815,0.0205839364723148
2022-11-03,2022-09-21,000977.CSI,中证内地低碳经济主题指数,2485.2632,-0.00544975822182847
2022-11-03,2022-09-22,000977.CSI,中证内地低碳经济主题指数,2481.7045,-0.00143192077201326
2022-11-03,2022-09-23,000977.CSI,中证内地低碳经济主题指数,2467.6862,-0.00564865800904168
2022-11-03,2022-09-26,000977.CSI,中证内地低碳经济主题指数,2496.6379,0.0117323264197855
2022-11-03,2022-09-27,000977.CSI,中证内地低碳经济主题指数,2504.7533,0.00325053144470799
2022-11-03,2022-09-28,000977.CSI,中证内地低碳经济主题指数,2426.7548,-0.0311401925291404
2022-11-03,2022-09-29,000977.CSI,中证内地低碳经济主题指数,2457.5883,0.0127056511848662
2022-11-03,2022-09-30,000977.CSI,中证内地低碳经济主题指数,2389.5259,-0.0276947933061041
2022-11-03,2022-10-10,000977.CSI,中证内地低碳经济主题指数,2349.6013,-0.0167081679256962
2022-11-03,2022-10-11,000977.CSI,中证内地低碳经济主题指数,2406.6683,0.0242879504705755
2022-11-03,2022-10-12,000977.CSI,中证内地低碳经济主题指数,2492.7449,0.0357658760037685
2022-11-03,2022-10-13,000977.CSI,中证内地低碳经济主题指数,2471.5384,-0.00850728849149396
2022-11-03,2022-10-14,000977.CSI,中证内地低碳经济主题指数,2540.8903,0.0280602154512348
2022-11-03,2022-10-17,000977.CSI,中证内地低碳经济主题指数,2508.4207,-0.0127788279564843
2022-11-03,2022-10-18,000977.CSI,中证内地低碳经济主题指数,2510.0473,0.000648455819233229
2022-11-03,2022-10-19,000977.CSI,中证内地低碳经济主题指数,2495.516,-0.00578925345351067
2022-11-03,2022-10-20,000977.CSI,中证内地低碳经济主题指数,2426.9067,-0.0274930315013008
2022-11-03,2022-10-21,000977.CSI,中证内地低碳经济主题指数,2430.7121,0.00156800424177828
2022-11-03,2022-10-24,000977.CSI,中证内地低碳经济主题指数,2378.5084,-0.0214767104668628
2022-11-03,2022-10-25,000977.CSI,中证内地低碳经济主题指数,2419.2348,0.0171226639350948
2022-11-03,2022-10-26,000977.CSI,中证内地低碳经济主题指数,2451.5755,0.0133681526075931
2022-11-03,2022-10-27,000977.CSI,中证内地低碳经济主题指数,2415.4524,-0.0147346471687287
2022-11-03,2022-10-28,000977.CSI,中证内地低碳经济主题指数,2325.0991,-0.0374063674365929
2022-11-03,2022-10-31,000977.CSI,中证内地低碳经济主题指数,2304.885,-0.00869386599478694
2022-11-03,2022-11-01,000977.CSI,中证内地低碳经济主题指数,2386.0241,0.0352031012393244
2022-11-03,2022-11-02,000977.CSI,中证内地低碳经济主题指数,2424.069,0.0159448934317135
2022-11-03,2022-11-03,000977.CSI,中证内地低碳经济主题指数,2410.3306,-0.00566749543845502
2022-11-03,2022-08-04,000991.SH,中证全指医药卫生指数,10864.8754,0.0198308452460612
2022-11-03,2022-08-05,000991.SH,中证全指医药卫生指数,11093.9606,0.0210849357738607
2022-11-03,2022-08-08,000991.SH,中证全指医药卫生指数,11079.8662,-0.0012704570088341
2022-11-03,2022-08-09,000991.SH,中证全指医药卫生指数,10992.9644,-0.00784321745690386
2022-11-03,2022-08-10,000991.SH,中证全指医药卫生指数,10850.306,-0.0129772457008958
2022-11-03,2022-08-11,000991.SH,中证全指医药卫生指数,11126.1926,0.0254266193045616
2022-11-03,2022-08-12,000991.SH,中证全指医药卫生指数,11147.5436,0.0019189852960122
2022-11-03,2022-08-15,000991.SH,中证全指医药卫生指数,11018.5455,-0.0115718856663634
2022-11-03,2022-08-16,000991.SH,中证全指医药卫生指数,10931.1272,-0.00793374225300425
2022-11-03,2022-08-17,000991.SH,中证全指医药卫生指数,10994.7713,0.00582228153012432
2022-11-03,2022-08-18,000991.SH,中证全指医药卫生指数,10829.7453,-0.0150094981966564
2022-11-03,2022-08-19,000991.SH,中证全指医药卫生指数,10745.2702,-0.00780028501685992
2022-11-03,2022-08-22,000991.SH,中证全指医药卫生指数,10807.208,0.00576419195117128
2022-11-03,2022-08-23,000991.SH,中证全指医药卫生指数,10685.2405,-0.0112857548406583
2022-11-03,2022-08-24,000991.SH,中证全指医药卫生指数,10520.2654,-0.0154395308182347
2022-11-03,2022-08-25,000991.SH,中证全指医药卫生指数,10603.9495,0.00795456167864361
2022-11-03,2022-08-26,000991.SH,中证全指医药卫生指数,10618.2893,0.00135230745865011
2022-11-03,2022-08-29,000991.SH,中证全指医药卫生指数,10570.1407,-0.00453449690808483
2022-11-03,2022-08-30,000991.SH,中证全指医药卫生指数,10564.009,-0.000580096346304959
2022-11-03,2022-08-31,000991.SH,中证全指医药卫生指数,10626.4321,0.00590903510210938
2022-11-03,2022-09-01,000991.SH,中证全指医药卫生指数,10619.8998,-0.000614721850055511
2022-11-03,2022-09-02,000991.SH,中证全指医药卫生指数,10579.098,-0.00384201365063719
2022-11-03,2022-09-05,000991.SH,中证全指医药卫生指数,10456.172,-0.0116197051960384
2022-11-03,2022-09-06,000991.SH,中证全指医药卫生指数,10475.6979,0.00186740424698439
2022-11-03,2022-09-07,000991.SH,中证全指医药卫生指数,10428.1744,-0.00453654739318121
2022-11-03,2022-09-08,000991.SH,中证全指医药卫生指数,10356.7162,-0.00685241704434858
2022-11-03,2022-09-09,000991.SH,中证全指医药卫生指数,10560.6072,0.019686838575339
2022-11-03,2022-09-13,000991.SH,中证全指医药卫生指数,10453.7718,-0.0101164069429645
2022-11-03,2022-09-14,000991.SH,中证全指医药卫生指数,10399.4154,-0.00519969261238329
2022-11-03,2022-09-15,000991.SH,中证全指医药卫生指数,10289.1321,-0.010604759571389
2022-11-03,2022-09-16,000991.SH,中证全指医药卫生指数,9984.9277,-0.0295656034973057
2022-11-03,2022-09-19,000991.SH,中证全指医药卫生指数,9858.7913,-0.0126326803548111
2022-11-03,2022-09-20,000991.SH,中证全指医药卫生指数,9881.3814,0.0022913660825743
2022-11-03,2022-09-21,000991.SH,中证全指医药卫生指数,9699.7242,-0.0183837858945511
2022-11-03,2022-09-22,000991.SH,中证全指医药卫生指数,9533.2708,-0.017160632257977
2022-11-03,2022-09-23,000991.SH,中证全指医药卫生指数,9447.6742,-0.00897872323106574
2022-11-03,2022-09-26,000991.SH,中证全指医药卫生指数,9369.1521,-0.00831126246923297
2022-11-03,2022-09-27,000991.SH,中证全指医药卫生指数,9828.725,0.0490517066106761
2022-11-03,2022-09-28,000991.SH,中证全指医药卫生指数,9743.8181,-0.00863864845135054
2022-11-03,2022-09-29,000991.SH,中证全指医药卫生指数,9905.1159,0.0165538599288917
2022-11-03,2022-09-30,000991.SH,中证全指医药卫生指数,9920.4722,0.00155034026406486
2022-11-03,2022-10-10,000991.SH,中证全指医药卫生指数,9706.5418,-0.0215645380267281
2022-11-03,2022-10-11,000991.SH,中证全指医药卫生指数,9612.578,-0.00968046106801923
2022-11-03,2022-10-12,000991.SH,中证全指医药卫生指数,9695.1828,0.00859340751253201
2022-11-03,2022-10-13,000991.SH,中证全指医药卫生指数,9951.9299,0.0264819246110553
2022-11-03,2022-10-14,000991.SH,中证全指医药卫生指数,10673.741,0.0725297612878082
2022-11-03,2022-10-17,000991.SH,中证全指医药卫生指数,10788.4692,0.0107486400503816
2022-11-03,2022-10-18,000991.SH,中证全指医药卫生指数,11001.5132,0.0197473799155861
2022-11-03,2022-10-19,000991.SH,中证全指医药卫生指数,10785.8496,-0.0196030851465051
2022-11-03,2022-10-20,000991.SH,中证全指医药卫生指数,10813.1923,0.00253505296420986
2022-11-03,2022-10-21,000991.SH,中证全指医药卫生指数,10839.2488,0.0024096954236168
2022-11-03,2022-10-24,000991.SH,中证全指医药卫生指数,10519.4085,-0.029507607575167
2022-11-03,2022-10-25,000991.SH,中证全指医药卫生指数,10297.5388,-0.021091461558889
2022-11-03,2022-10-26,000991.SH,中证全指医药卫生指数,10823.3854,0.0510652700818179
2022-11-03,2022-10-27,000991.SH,中证全指医药卫生指数,10786.763,-0.00338363632510008
2022-11-03,2022-10-28,000991.SH,中证全指医药卫生指数,10533.8723,-0.0234445403129744
2022-11-03,2022-10-31,000991.SH,中证全指医药卫生指数,10541.425,0.000716991794176058
2022-11-03,2022-11-01,000991.SH,中证全指医药卫生指数,10863.2471,0.0305292785368203
2022-11-03,2022-11-02,000991.SH,中证全指医药卫生指数,11027.3592,0.0151070944524496
2022-11-03,2022-11-03,000991.SH,中证全指医药卫生指数,10970.1525,-0.00518770622797893
2022-11-03,2022-08-04,000993.SH,中证全指信息技术指数,5457.3639,0.0141159164793627
2022-11-03,2022-08-05,000993.SH,中证全指信息技术指数,5698.3867,0.0441646927741066
2022-11-03,2022-08-08,000993.SH,中证全指信息技术指数,5718.7731,0.00357757398247482
2022-11-03,2022-08-09,000993.SH,中证全指信息技术指数,5732.1088,0.00233191626364748
2022-11-03,2022-08-10,000993.SH,中证全指信息技术指数,5695.0203,-0.00647030635566437
2022-11-03,2022-08-11,000993.SH,中证全指信息技术指数,5835.9707,0.0247497625249904
2022-11-03,2022-08-12,000993.SH,中证全指信息技术指数,5742.6347,-0.015993226285389
2022-11-03,2022-08-15,000993.SH,中证全指信息技术指数,5713.5959,-0.00505670332817776
2022-11-03,2022-08-16,000993.SH,中证全指信息技术指数,5683.2476,-0.00531159370231282
2022-11-03,2022-08-17,000993.SH,中证全指信息技术指数,5738.1341,0.00965759436558788
2022-11-03,2022-08-18,000993.SH,中证全指信息技术指数,5782.6016,0.00774947033740458
2022-11-03,2022-08-19,000993.SH,中证全指信息技术指数,5655.1893,-0.022033733051919
2022-11-03,2022-08-22,000993.SH,中证全指信息技术指数,5683.7768,0.00505509161293682
2022-11-03,2022-08-23,000993.SH,中证全指信息技术指数,5666.7935,-0.00298803077559273
2022-11-03,2022-08-24,000993.SH,中证全指信息技术指数,5419.9458,-0.043560383839644
2022-11-03,2022-08-25,000993.SH,中证全指信息技术指数,5381.4647,-0.00709990494738899
2022-11-03,2022-08-26,000993.SH,中证全指信息技术指数,5333.3516,-0.00894052134170842
2022-11-03,2022-08-29,000993.SH,中证全指信息技术指数,5326.6163,-0.00126286442468937
2022-11-03,2022-08-30,000993.SH,中证全指信息技术指数,5321.2414,-0.00100906461011652
2022-11-03,2022-08-31,000993.SH,中证全指信息技术指数,5234.8885,-0.0162279613926178
2022-11-03,2022-09-01,000993.SH,中证全指信息技术指数,5190.1606,-0.00854419344366164
2022-11-03,2022-09-02,000993.SH,中证全指信息技术指数,5276.1056,0.0165592178400029
2022-11-03,2022-09-05,000993.SH,中证全指信息技术指数,5234.1675,-0.00794868472685617
2022-11-03,2022-09-06,000993.SH,中证全指信息技术指数,5271.9125,0.00721127094232288
2022-11-03,2022-09-07,000993.SH,中证全指信息技术指数,5327.0916,0.0104666190874751
2022-11-03,2022-09-08,000993.SH,中证全指信息技术指数,5257.3766,-0.0130868784009647
2022-11-03,2022-09-09,000993.SH,中证全指信息技术指数,5266.7829,0.00178916229816983
2022-11-03,2022-09-13,000993.SH,中证全指信息技术指数,5288.0102,0.00403041105035862
2022-11-03,2022-09-14,000993.SH,中证全指信息技术指数,5254.4779,-0.0063411942737932
2022-11-03,2022-09-15,000993.SH,中证全指信息技术指数,5131.1219,-0.0234763571847928
2022-11-03,2022-09-16,000993.SH,中证全指信息技术指数,5079.7637,-0.0100091560872876
2022-11-03,2022-09-19,000993.SH,中证全指信息技术指数,4984.0737,-0.0188374904131861
2022-11-03,2022-09-20,000993.SH,中证全指信息技术指数,4983.0046,-0.000214503248617604
2022-11-03,2022-09-21,000993.SH,中证全指信息技术指数,4946.6689,-0.00729192583928184
2022-11-03,2022-09-22,000993.SH,中证全指信息技术指数,4933.1043,-0.00274216857327958
2022-11-03,2022-09-23,000993.SH,中证全指信息技术指数,4821.916,-0.0225392153172191
2022-11-03,2022-09-26,000993.SH,中证全指信息技术指数,4765.615,-0.011676064037615
2022-11-03,2022-09-27,000993.SH,中证全指信息技术指数,4870.0156,0.0219070571164477
2022-11-03,2022-09-28,000993.SH,中证全指信息技术指数,4730.3054,-0.0286878341827077
2022-11-03,2022-09-29,000993.SH,中证全指信息技术指数,4723.6943,-0.00139760532163524
2022-11-03,2022-09-30,000993.SH,中证全指信息技术指数,4646.7845,-0.0162817056133375
2022-11-03,2022-10-10,000993.SH,中证全指信息技术指数,4462.0836,-0.0397481096874623
2022-11-03,2022-10-11,000993.SH,中证全指信息技术指数,4444.3685,-0.00397014076562807
2022-11-03,2022-10-12,000993.SH,中证全指信息技术指数,4636.339,0.0431941005791938
2022-11-03,2022-10-13,000993.SH,中证全指信息技术指数,4680.9563,0.00962339035174087
2022-11-03,2022-10-14,000993.SH,中证全指信息技术指数,4793.1399,0.0239659575544424
2022-11-03,2022-10-17,000993.SH,中证全指信息技术指数,4908.8669,0.0241442983961306
2022-11-03,2022-10-18,000993.SH,中证全指信息技术指数,4878.6732,-0.00615084919087938
2022-11-03,2022-10-19,000993.SH,中证全指信息技术指数,4843.5128,-0.00720695946594652
2022-11-03,2022-10-20,000993.SH,中证全指信息技术指数,4936.3928,0.0191761648694309
2022-11-03,2022-10-21,000993.SH,中证全指信息技术指数,4908.4513,-0.00566030725917921
2022-11-03,2022-10-24,000993.SH,中证全指信息技术指数,4893.9386,-0.00295667596824267
2022-11-03,2022-10-25,000993.SH,中证全指信息技术指数,4844.4449,-0.0101132654177557
2022-11-03,2022-10-26,000993.SH,中证全指信息技术指数,5013.1454,0.0348234944317356
2022-11-03,2022-10-27,000993.SH,中证全指信息技术指数,5042.5194,0.00585939518131662
2022-11-03,2022-10-28,000993.SH,中证全指信息技术指数,4907.391,-0.0267977947690198
2022-11-03,2022-10-31,000993.SH,中证全指信息技术指数,5039.1766,0.026854513936224
2022-11-03,2022-11-01,000993.SH,中证全指信息技术指数,5121.046,0.0162465828246623
2022-11-03,2022-11-02,000993.SH,中证全指信息技术指数,5168.2119,0.00921020822699115
2022-11-03,2022-11-03,000993.SH,中证全指信息技术指数,5184.9386,0.00323645785498861
2022-11-03,2022-08-04,399006.SZ,创业板指数,2640.7763,0.00454907940360716
2022-11-03,2022-08-05,399006.SZ,创业板指数,2683.602,0.0162170873769201
2022-11-03,2022-08-08,399006.SZ,创业板指数,2675.6859,-0.00294980403204348
2022-11-03,2022-08-09,399006.SZ,创业板指数,2694.8004,0.00714377573242064
2022-11-03,2022-08-10,399006.SZ,创业板指数,2658.5847,-0.0134391029480329
2022-11-03,2022-08-11,399006.SZ,创业板指数,2721.4925,0.0236621387311828
2022-11-03,2022-08-12,399006.SZ,创业板指数,2690.8312,-0.0112663547667318
2022-11-03,2022-08-15,399006.SZ,创业板指数,2718.593,0.0103171837757789
2022-11-03,2022-08-16,399006.SZ,创业板指数,2731.3932,0.00470839143630553
2022-11-03,2022-08-17,399006.SZ,创业板指数,2777.9096,0.0170302833001121
2022-11-03,2022-08-18,399006.SZ,创业板指数,2775.8209,-0.000751896318008205
2022-11-03,2022-08-19,399006.SZ,创业板指数,2734.2181,-0.0149875663808138
2022-11-03,2022-08-22,399006.SZ,创业板指数,2779.0155,0.0163839892655235
2022-11-03,2022-08-23,399006.SZ,创业板指数,2780.3064,0.000464517020505983
2022-11-03,2022-08-24,399006.SZ,创业板指数,2679.0479,-0.0364199068131483
2022-11-03,2022-08-25,399006.SZ,创业板指数,2667.3009,-0.00438476669267462
2022-11-03,2022-08-26,399006.SZ,创业板指数,2640.291,-0.0101263040851521
2022-11-03,2022-08-29,399006.SZ,创业板指数,2630.5054,-0.00370625813594039
2022-11-03,2022-08-30,399006.SZ,创业板指数,2612.1417,-0.00698105390697923
2022-11-03,2022-08-31,399006.SZ,创业板指数,2570.4149,-0.0159741716921405
2022-11-03,2022-09-01,399006.SZ,创业板指数,2533.8543,-0.0142236181404023
2022-11-03,2022-09-02,399006.SZ,创业板指数,2533.0231,-0.000328037803910108
2022-11-03,2022-09-05,399006.SZ,创业板指数,2538.2039,0.00204530310047324
2022-11-03,2022-09-06,399006.SZ,创业板指数,2540.6353,0.000957921465647438
2022-11-03,2022-09-07,399006.SZ,创业板指数,2570.8014,0.0118734475585693
2022-11-03,2022-09-08,399006.SZ,创业板指数,2523.006,-0.0185916344996545
2022-11-03,2022-09-09,399006.SZ,创业板指数,2548.2159,0.0099920095314876
2022-11-03,2022-09-13,399006.SZ,创业板指数,2550.6256,0.000945642007806224
2022-11-03,2022-09-14,399006.SZ,创业板指数,2503.8245,-0.0183488709593441
2022-11-03,2022-09-15,399006.SZ,创业板指数,2424.1924,-0.0318041859563242
2022-11-03,2022-09-16,399006.SZ,创业板指数,2367.3977,-0.0234282971929125
2022-11-03,2022-09-19,399006.SZ,创业板指数,2350.3762,-0.00718996221040502
2022-11-03,2022-09-20,399006.SZ,创业板指数,2366.904,0.00703198066760535
2022-11-03,2022-09-21,399006.SZ,创业板指数,2331.5164,-0.0149510077299291
2022-11-03,2022-09-22,399006.SZ,创业板指数,2319.4192,-0.00518855453901168
2022-11-03,2022-09-23,399006.SZ,创业板指数,2303.9052,-0.00668874345784487
2022-11-03,2022-09-26,399006.SZ,创业板指数,2323.0521,0.00831062840606456
2022-11-03,2022-09-27,399006.SZ,创业板指数,2374.7374,0.0222488768116738
2022-11-03,2022-09-28,399006.SZ,创业板指数,2313.7696,-0.0256734913089759
2022-11-03,2022-09-29,399006.SZ,创业板指数,2332.995,0.00830912464231526
2022-11-03,2022-09-30,399006.SZ,创业板指数,2288.9688,-0.0188711077391935
2022-11-03,2022-10-10,399006.SZ,创业板指数,2236.2448,-0.0230339531058703
2022-11-03,2022-10-11,399006.SZ,创业板指数,2261.8917,0.0114687354443486
2022-11-03,2022-10-12,399006.SZ,创业板指数,2343.3004,0.0359914225778359
2022-11-03,2022-10-13,399006.SZ,创业板指数,2350.6864,0.00315196463927547
2022-11-03,2022-10-14,399006.SZ,创业板指数,2434.2185,0.0355351951668244
2022-11-03,2022-10-17,399006.SZ,创业板指数,2435.0228,0.000330414052805983
2022-11-03,2022-10-18,399006.SZ,创业板指数,2446.9279,0.00488911233192568
2022-11-03,2022-10-19,399006.SZ,创业板指数,2425.9573,-0.00857017487111089
2022-11-03,2022-10-20,399006.SZ,创业板指数,2401.7162,-0.00999238527405255
2022-11-03,2022-10-21,399006.SZ,创业板指数,2395.1573,-0.00273092216307658
2022-11-03,2022-10-24,399006.SZ,创业板指数,2336.8385,-0.0243486304636443
2022-11-03,2022-10-25,399006.SZ,创业板指数,2314.5509,-0.00953750120087449
2022-11-03,2022-10-26,399006.SZ,创业板指数,2372.8758,0.0251992297944277
2022-11-03,2022-10-27,399006.SZ,创业板指数,2337.2531,-0.0150124587220283
2022-11-03,2022-10-28,399006.SZ,创业板指数,2250.5104,-0.0371130965662212
2022-11-03,2022-10-31,399006.SZ,创业板指数,2265.0784,0.00647319825760406
2022-11-03,2022-11-01,399006.SZ,创业板指数,2337.6529,0.0320406128105766
2022-11-03,2022-11-02,399006.SZ,创业板指数,2375.8618,0.0163449843216672
2022-11-03,2022-11-03,399006.SZ,创业板指数,2376.0609,8.38011705899255e-05
2022-11-03,2022-08-04,399293.SZ,创业板大盘指数,5108.7795,0.00492343250553229
2022-11-03,2022-08-05,399293.SZ,创业板大盘指数,5189.7746,0.0158540997903707
2022-11-03,2022-08-08,399293.SZ,创业板大盘指数,5167.0794,-0.00437306082618694
2022-11-03,2022-08-09,399293.SZ,创业板大盘指数,5212.1746,0.00872740604682809
2022-11-03,2022-08-10,399293.SZ,创业板大盘指数,5128.5804,-0.0160382578127756
2022-11-03,2022-08-11,399293.SZ,创业板大盘指数,5260.5649,0.0257350942572725
2022-11-03,2022-08-12,399293.SZ,创业板大盘指数,5209.2185,-0.0097606247572386
2022-11-03,2022-08-15,399293.SZ,创业板大盘指数,5258.5169,0.00946368442790413
2022-11-03,2022-08-16,399293.SZ,创业板大盘指数,5268.6466,0.0019263416268569
2022-11-03,2022-08-17,399293.SZ,创业板大盘指数,5360.4678,0.0174278532934815
2022-11-03,2022-08-18,399293.SZ,创业板大盘指数,5357.1103,-0.000626344588806282
2022-11-03,2022-08-19,399293.SZ,创业板大盘指数,5268.6804,-0.0165070149852991
2022-11-03,2022-08-22,399293.SZ,创业板大盘指数,5354.3596,0.0162619846897525
2022-11-03,2022-08-23,399293.SZ,创业板大盘指数,5357.6867,0.000621381500039764
2022-11-03,2022-08-24,399293.SZ,创业板大盘指数,5170.1083,-0.0350110804351438
2022-11-03,2022-08-25,399293.SZ,创业板大盘指数,5153.8572,-0.00314328038350753
2022-11-03,2022-08-26,399293.SZ,创业板大盘指数,5098.3242,-0.0107750366075335
2022-11-03,2022-08-29,399293.SZ,创业板大盘指数,5074.6389,-0.00464570299393674
2022-11-03,2022-08-30,399293.SZ,创业板大盘指数,5040.7989,-0.00666845477419098
2022-11-03,2022-08-31,399293.SZ,创业板大盘指数,4974.0664,-0.0132384769406294
2022-11-03,2022-09-01,399293.SZ,创业板大盘指数,4900.1348,-0.0148634123581463
2022-11-03,2022-09-02,399293.SZ,创业板大盘指数,4888.5194,-0.00237042458505421
2022-11-03,2022-09-05,399293.SZ,创业板大盘指数,4901.5277,0.00266098974671136
2022-11-03,2022-09-06,399293.SZ,创业板大盘指数,4906.9767,0.00111169421729485
2022-11-03,2022-09-07,399293.SZ,创业板大盘指数,4964.3094,0.0116839152710875
2022-11-03,2022-09-08,399293.SZ,创业板大盘指数,4884.6216,-0.0160521421166859
2022-11-03,2022-09-09,399293.SZ,创业板大盘指数,4948.5926,0.0130964085324439
2022-11-03,2022-09-13,399293.SZ,创业板大盘指数,4947.6966,-0.000181061581024045
2022-11-03,2022-09-14,399293.SZ,创业板大盘指数,4864.3122,-0.0168531756777487
2022-11-03,2022-09-15,399293.SZ,创业板大盘指数,4715.6873,-0.0305541449416016
2022-11-03,2022-09-16,399293.SZ,创业板大盘指数,4594.1017,-0.0257832193411127
2022-11-03,2022-09-19,399293.SZ,创业板大盘指数,4556.9986,-0.00807624698425813
2022-11-03,2022-09-20,399293.SZ,创业板大盘指数,4590.8561,0.00742978064553279
2022-11-03,2022-09-21,399293.SZ,创业板大盘指数,4513.9168,-0.0167592488904194
2022-11-03,2022-09-22,399293.SZ,创业板大盘指数,4489.7632,-0.00535091829782941
2022-11-03,2022-09-23,399293.SZ,创业板大盘指数,4462.7481,-0.0060170433932909
2022-11-03,2022-09-26,399293.SZ,创业板大盘指数,4513.9589,0.0114751715428436
2022-11-03,2022-09-27,399293.SZ,创业板大盘指数,4611.6049,0.0216320090995956
2022-11-03,2022-09-28,399293.SZ,创业板大盘指数,4493.27,-0.0256602424895506
2022-11-03,2022-09-29,399293.SZ,创业板大盘指数,4535.2806,0.00934967184255564
2022-11-03,2022-09-30,399293.SZ,创业板大盘指数,4452.2117,-0.0183161544624163
2022-11-03,2022-10-10,399293.SZ,创业板大盘指数,4342.5447,-0.0246320272686044
2022-11-03,2022-10-11,399293.SZ,创业板大盘指数,4387.4926,0.0103505900584049
2022-11-03,2022-10-12,399293.SZ,创业板大盘指数,4544.0448,0.0356814732861317
2022-11-03,2022-10-13,399293.SZ,创业板大盘指数,4556.2306,0.00268170771555787
2022-11-03,2022-10-14,399293.SZ,创业板大盘指数,4739.7299,0.0402743662711014
2022-11-03,2022-10-17,399293.SZ,创业板大盘指数,4741.4806,0.000369367039248392
2022-11-03,2022-10-18,399293.SZ,创业板大盘指数,4766.6088,0.00529965260218512
2022-11-03,2022-10-19,399293.SZ,创业板大盘指数,4729.6418,-0.00775540883489323
2022-11-03,2022-10-20,399293.SZ,创业板大盘指数,4678.6326,-0.0107850027881605
2022-11-03,2022-10-21,399293.SZ,创业板大盘指数,4667.2425,-0.00243449336030355
2022-11-03,2022-10-24,399293.SZ,创业板大盘指数,4542.2839,-0.0267735391936459
2022-11-03,2022-10-25,399293.SZ,创业板大盘指数,4485.8925,-0.0124147678219761
2022-11-03,2022-10-26,399293.SZ,创业板大盘指数,4623.1032,0.0305871574051317
2022-11-03,2022-10-27,399293.SZ,创业板大盘指数,4539.7322,-0.0180335580655001
2022-11-03,2022-10-28,399293.SZ,创业板大盘指数,4369.9957,-0.0373890997358831
2022-11-03,2022-10-31,399293.SZ,创业板大盘指数,4396.3552,0.00603192813210307
2022-11-03,2022-11-01,399293.SZ,创业板大盘指数,4535.72,0.0317000773731841
2022-11-03,2022-11-02,399293.SZ,创业板大盘指数,4613.351,0.0171154745001896
2022-11-03,2022-11-03,399293.SZ,创业板大盘指数,4619.3324,0.00129654127769618
2022-11-03,2022-08-04,399296.SZ,创业板动量成长指数,6579.4632,0.00611897165334341
2022-11-03,2022-08-05,399296.SZ,创业板动量成长指数,6691.9212,0.0170922758561822
2022-11-03,2022-08-08,399296.SZ,创业板动量成长指数,6711.6985,0.00295539941504397
2022-11-03,2022-08-09,399296.SZ,创业板动量成长指数,6766.1774,0.00811700644777158
2022-11-03,2022-08-10,399296.SZ,创业板动量成长指数,6698.2998,-0.0100318977743622
2022-11-03,2022-08-11,399296.SZ,创业板动量成长指数,6827.9468,0.0193552101086905
2022-11-03,2022-08-12,399296.SZ,创业板动量成长指数,6728.8461,-0.0145139824463776
2022-11-03,2022-08-15,399296.SZ,创业板动量成长指数,6802.8214,0.0109937571614247
2022-11-03,2022-08-16,399296.SZ,创业板动量成长指数,6845.7646,0.00631255731629232
2022-11-03,2022-08-17,399296.SZ,创业板动量成长指数,6878.9684,0.00485026902619468
2022-11-03,2022-08-18,399296.SZ,创业板动量成长指数,6922.5465,0.0063349760408844
2022-11-03,2022-08-19,399296.SZ,创业板动量成长指数,6797.776,-0.0180237864779963
2022-11-03,2022-08-22,399296.SZ,创业板动量成长指数,6874.4875,0.0112847937325384
2022-11-03,2022-08-23,399296.SZ,创业板动量成长指数,6895.7681,0.00309559076222055
2022-11-03,2022-08-24,399296.SZ,创业板动量成长指数,6670.0024,-0.0327397465700738
2022-11-03,2022-08-25,399296.SZ,创业板动量成长指数,6631.574,-0.00576137723728565
2022-11-03,2022-08-26,399296.SZ,创业板动量成长指数,6538.4107,-0.0140484446075697
2022-11-03,2022-08-29,399296.SZ,创业板动量成长指数,6530.557,-0.00120116345704635
2022-11-03,2022-08-30,399296.SZ,创业板动量成长指数,6533.1252,0.00039325895172504
2022-11-03,2022-08-31,399296.SZ,创业板动量成长指数,6395.1063,-0.0211260148512078
2022-11-03,2022-09-01,399296.SZ,创业板动量成长指数,6304.5685,-0.0141573565399531
2022-11-03,2022-09-02,399296.SZ,创业板动量成长指数,6296.6673,-0.00125324992503451
2022-11-03,2022-09-05,399296.SZ,创业板动量成长指数,6346.327,0.00788666410880556
2022-11-03,2022-09-06,399296.SZ,创业板动量成长指数,6425.1981,0.012427834241759
2022-11-03,2022-09-07,399296.SZ,创业板动量成长指数,6523.8308,0.0153509196860404
2022-11-03,2022-09-08,399296.SZ,创业板动量成长指数,6455.1167,-0.010532783897461
2022-11-03,2022-09-09,399296.SZ,创业板动量成长指数,6474.5011,0.0030029511317744
2022-11-03,2022-09-13,399296.SZ,创业板动量成长指数,6486.0573,0.00178487883800038
2022-11-03,2022-09-14,399296.SZ,创业板动量成长指数,6379.1643,-0.0164804279481158
2022-11-03,2022-09-15,399296.SZ,创业板动量成长指数,6089.6373,-0.0453863525665893
2022-11-03,2022-09-16,399296.SZ,创业板动量成长指数,5993.2219,-0.0158326999212253
2022-11-03,2022-09-19,399296.SZ,创业板动量成长指数,5939.956,-0.00888769027557601
2022-11-03,2022-09-20,399296.SZ,创业板动量成长指数,6003.8726,0.0107604500774079
2022-11-03,2022-09-21,399296.SZ,创业板动量成长指数,5904.8124,-0.016499384080868
2022-11-03,2022-09-22,399296.SZ,创业板动量成长指数,5909.8855,0.000859146685168177
2022-11-03,2022-09-23,399296.SZ,创业板动量成长指数,5839.4102,-0.011924985687117
2022-11-03,2022-09-26,399296.SZ,创业板动量成长指数,5929.7631,0.0154729496482366
2022-11-03,2022-09-27,399296.SZ,创业板动量成长指数,5999.3297,0.0117317671594672
2022-11-03,2022-09-28,399296.SZ,创业板动量成长指数,5826.4261,-0.0288204863953385
2022-11-03,2022-09-29,399296.SZ,创业板动量成长指数,5882.8343,0.00968144090937684
2022-11-03,2022-09-30,399296.SZ,创业板动量成长指数,5725.5796,-0.0267311115664095
2022-11-03,2022-10-10,399296.SZ,创业板动量成长指数,5587.5517,-0.0241072362350879
2022-11-03,2022-10-11,399296.SZ,创业板动量成长指数,5642.1093,0.00976413336810822
2022-11-03,2022-10-12,399296.SZ,创业板动量成长指数,5812.1679,0.0301409616435471
2022-11-03,2022-10-13,399296.SZ,创业板动量成长指数,5821.741,0.00164707905289507
2022-11-03,2022-10-14,399296.SZ,创业板动量成长指数,5940.9939,0.0204840613830124
2022-11-03,2022-10-17,399296.SZ,创业板动量成长指数,5931.522,-0.00159432919128233
2022-11-03,2022-10-18,399296.SZ,创业板动量成长指数,5960.3717,0.00486379381211099
2022-11-03,2022-10-19,399296.SZ,创业板动量成长指数,5918.3986,-0.00704202726148762
2022-11-03,2022-10-20,399296.SZ,创业板动量成长指数,5834.4151,-0.0141902405829848
2022-11-03,2022-10-21,399296.SZ,创业板动量成长指数,5808.8171,-0.00438741494413042
2022-11-03,2022-10-24,399296.SZ,创业板动量成长指数,5735.8924,-0.0125541394649868
2022-11-03,2022-10-25,399296.SZ,创业板动量成长指数,5699.9625,-0.00626404707312855
2022-11-03,2022-10-26,399296.SZ,创业板动量成长指数,5769.9917,0.0122859053897284
2022-11-03,2022-10-27,399296.SZ,创业板动量成长指数,5689.0017,-0.0140364153383444
2022-11-03,2022-10-28,399296.SZ,创业板动量成长指数,5472.4246,-0.0380694384394364
2022-11-03,2022-10-31,399296.SZ,创业板动量成长指数,5484.3188,0.00217347900965126
2022-11-03,2022-11-01,399296.SZ,创业板动量成长指数,5621.0087,0.0249237699310989
2022-11-03,2022-11-02,399296.SZ,创业板动量成长指数,5716.2437,0.0169426885960877
2022-11-03,2022-11-03,399296.SZ,创业板动量成长指数,5755.0301,0.00678529503561931
2022-11-03,2022-08-04,399324.SZ,深证红利指数,9093.2032,0.0105852353584635
2022-11-03,2022-08-05,399324.SZ,深证红利指数,9181.1384,0.00967043164723291
2022-11-03,2022-08-08,399324.SZ,深证红利指数,9128.6998,-0.00571155751230146
2022-11-03,2022-08-09,399324.SZ,深证红利指数,9095.3422,-0.00365414579631607
2022-11-03,2022-08-10,399324.SZ,深证红利指数,9006.0407,-0.00981837714693123
2022-11-03,2022-08-11,399324.SZ,深证红利指数,9192.8116,0.0207384028366651
2022-11-03,2022-08-12,399324.SZ,深证红利指数,9265.5012,0.00790722176880032
2022-11-03,2022-08-15,399324.SZ,深证红利指数,9154.497,-0.0119803772730612
2022-11-03,2022-08-16,399324.SZ,深证红利指数,9157.6815,0.000347861821354156
2022-11-03,2022-08-17,399324.SZ,深证红利指数,9262.2566,0.0114193860094391
2022-11-03,2022-08-18,399324.SZ,深证红利指数,9099.7897,-0.0175407470356631
2022-11-03,2022-08-19,399324.SZ,深证红利指数,9149.3138,0.00544233456296261
2022-11-03,2022-08-22,399324.SZ,深证红利指数,9185.0849,0.00390970304242932
2022-11-03,2022-08-23,399324.SZ,深证红利指数,9083.3911,-0.0110716233009451
2022-11-03,2022-08-24,399324.SZ,深证红利指数,8983.7918,-0.010964990817141
2022-11-03,2022-08-25,399324.SZ,深证红利指数,9076.9924,0.0103743054241303
2022-11-03,2022-08-26,399324.SZ,深证红利指数,9099.1541,0.00244152457371238
2022-11-03,2022-08-29,399324.SZ,深证红利指数,9030.1085,-0.0075881339343401
2022-11-03,2022-08-30,399324.SZ,深证红利指数,9015.7224,-0.00159312592977146
2022-11-03,2022-08-31,399324.SZ,深证红利指数,9132.0234,0.0128997982457844
2022-11-03,2022-09-01,399324.SZ,深证红利指数,9116.5638,-0.00169289973567088
2022-11-03,2022-09-02,399324.SZ,深证红利指数,9029.295,-0.00957255408008006
2022-11-03,2022-09-05,399324.SZ,深证红利指数,8994.0784,-0.00390026020857659
2022-11-03,2022-09-06,399324.SZ,深证红利指数,9049.5798,0.00617088238857244
2022-11-03,2022-09-07,399324.SZ,深证红利指数,8977.3527,-0.00798126560528256
2022-11-03,2022-09-08,399324.SZ,深证红利指数,8986.1366,0.000978451030446914
2022-11-03,2022-09-09,399324.SZ,深证红利指数,9163.3234,0.0197177950755834
2022-11-03,2022-09-13,399324.SZ,深证红利指数,9251.4217,0.00961423013837992
2022-11-03,2022-09-14,399324.SZ,深证红利指数,9144.6379,-0.0115424205557511
2022-11-03,2022-09-15,399324.SZ,深证红利指数,9164.1033,0.00212861353427685
2022-11-03,2022-09-16,399324.SZ,深证红利指数,8959.3674,-0.0223410729121748
2022-11-03,2022-09-19,399324.SZ,深证红利指数,8975.8938,0.00184459451902819
2022-11-03,2022-09-20,399324.SZ,深证红利指数,8953.2895,-0.00251833416299996
2022-11-03,2022-09-21,399324.SZ,深证红利指数,8911.0197,-0.00472114746205854
2022-11-03,2022-09-22,399324.SZ,深证红利指数,8749.4098,-0.0181359603547955
2022-11-03,2022-09-23,399324.SZ,深证红利指数,8727.3113,-0.00252571322010775
2022-11-03,2022-09-26,399324.SZ,深证红利指数,8694.4103,-0.00376988958787339
2022-11-03,2022-09-27,399324.SZ,深证红利指数,8904.5672,0.0241714955642247
2022-11-03,2022-09-28,399324.SZ,深证红利指数,8832.436,-0.00810047230594202
2022-11-03,2022-09-29,399324.SZ,深证红利指数,8775.3148,-0.00646720791410205
2022-11-03,2022-09-30,399324.SZ,深证红利指数,8791.6582,0.00186242891252175
2022-11-03,2022-10-10,399324.SZ,深证红利指数,8591.9197,-0.0227190929692875
2022-11-03,2022-10-11,399324.SZ,深证红利指数,8572.9569,-0.00220705042203795
2022-11-03,2022-10-12,399324.SZ,深证红利指数,8632.5021,0.00694570154668583
2022-11-03,2022-10-13,399324.SZ,深证红利指数,8522.1191,-0.0127869068227623
2022-11-03,2022-10-14,399324.SZ,深证红利指数,8666.1918,0.0169057365086578
2022-11-03,2022-10-17,399324.SZ,深证红利指数,8653.1515,-0.00150473244776339
2022-11-03,2022-10-18,399324.SZ,深证红利指数,8631.3362,-0.00252108148112284
2022-11-03,2022-10-19,399324.SZ,深证红利指数,8362.6878,-0.0311247753273706
2022-11-03,2022-10-20,399324.SZ,深证红利指数,8322.4063,-0.00481681260419631
2022-11-03,2022-10-21,399324.SZ,深证红利指数,8260.436,-0.00744619978479066
2022-11-03,2022-10-24,399324.SZ,深证红利指数,7933.6794,-0.0395568224243853
2022-11-03,2022-10-25,399324.SZ,深证红利指数,7862.5856,-0.00896101246541414
2022-11-03,2022-10-26,399324.SZ,深证红利指数,7850.9252,-0.0014830235997686
2022-11-03,2022-10-27,399324.SZ,深证红利指数,7769.499,-0.010371541942598
2022-11-03,2022-10-28,399324.SZ,深证红利指数,7603.8366,-0.0213221470264685
2022-11-03,2022-10-31,399324.SZ,深证红利指数,7439.3749,-0.021628778819366
2022-11-03,2022-11-01,399324.SZ,深证红利指数,7750.3509,0.0418013615633217
2022-11-03,2022-11-02,399324.SZ,深证红利指数,7845.7664,0.0123111200036117
2022-11-03,2022-11-03,399324.SZ,深证红利指数,7757.2038,-0.0112879475993576
2022-11-03,2022-08-04,399330.SZ,深证100指数,5575.1917,0.00709414268716468
2022-11-03,2022-08-05,399330.SZ,深证100指数,5653.7817,0.0140963762734829
2022-11-03,2022-08-08,399330.SZ,深证100指数,5644.3717,-0.00166437271534547
2022-11-03,2022-08-09,399330.SZ,深证100指数,5655.389,0.00195190901407161
2022-11-03,2022-08-10,399330.SZ,深证100指数,5588.5492,-0.0118187802819576
2022-11-03,2022-08-11,399330.SZ,深证100指数,5715.0998,0.0226446248339371
2022-11-03,2022-08-12,399330.SZ,深证100指数,5693.7319,-0.00373884984475692
2022-11-03,2022-08-15,399330.SZ,深证100指数,5710.6301,0.00296786014810446
2022-11-03,2022-08-16,399330.SZ,深证100指数,5704.9065,-0.00100227118545115
2022-11-03,2022-08-17,399330.SZ,深证100指数,5788.1413,0.0145900375404926
2022-11-03,2022-08-18,399330.SZ,深证100指数,5732.635,-0.00958965877353413
2022-11-03,2022-08-19,399330.SZ,深证100指数,5677.5673,-0.00960600142866253
2022-11-03,2022-08-22,399330.SZ,深证100指数,5745.5885,0.0119806946189789
2022-11-03,2022-08-23,399330.SZ,深证100指数,5720.0499,-0.00444490586125335
2022-11-03,2022-08-24,399330.SZ,深证100指数,5567.0096,-0.0267550637976077
2022-11-03,2022-08-25,399330.SZ,深证100指数,5573.7226,0.00120585385733829
2022-11-03,2022-08-26,399330.SZ,深证100指数,5550.8959,-0.00409541371865185
2022-11-03,2022-08-29,399330.SZ,深证100指数,5513.1853,-0.0067936060555559
2022-11-03,2022-08-30,399330.SZ,深证100指数,5488.3101,-0.00451194702271307
2022-11-03,2022-08-31,399330.SZ,深证100指数,5461.0879,-0.0049600331438997
2022-11-03,2022-09-01,399330.SZ,深证100指数,5409.4033,-0.0094641582311833
2022-11-03,2022-09-02,399330.SZ,深证100指数,5386.8807,-0.00416360155657103
2022-11-03,2022-09-05,399330.SZ,深证100指数,5359.5597,-0.00507176630067196
2022-11-03,2022-09-06,399330.SZ,深证100指数,5389.7641,0.00563561219403907
2022-11-03,2022-09-07,399330.SZ,深证100指数,5408.4546,0.00346777700344991
2022-11-03,2022-09-08,399330.SZ,深证100指数,5360.4339,-0.00887882094822434
2022-11-03,2022-09-09,399330.SZ,深证100指数,5435.5268,0.0140087353749478
2022-11-03,2022-09-13,399330.SZ,深证100指数,5472.335,0.00677178153182889
2022-11-03,2022-09-14,399330.SZ,深证100指数,5396.2064,-0.0139115386759034
2022-11-03,2022-09-15,399330.SZ,深证100指数,5310.777,-0.015831381097654
2022-11-03,2022-09-16,399330.SZ,深证100指数,5188.1997,-0.0230808599193677
2022-11-03,2022-09-19,399330.SZ,深证100指数,5177.8438,-0.00199604884137372
2022-11-03,2022-09-20,399330.SZ,深证100指数,5201.1415,0.00449949842055886
2022-11-03,2022-09-21,399330.SZ,深证100指数,5141.2251,-0.0115198557855041
2022-11-03,2022-09-22,399330.SZ,深证100指数,5075.9613,-0.0126942117356424
2022-11-03,2022-09-23,399330.SZ,深证100指数,5047.0707,-0.00569165095880453
2022-11-03,2022-09-26,399330.SZ,深证100指数,5053.2107,0.00121654725383569
2022-11-03,2022-09-27,399330.SZ,深证100指数,5149.655,0.0190857468104388
2022-11-03,2022-09-28,399330.SZ,深证100指数,5043.4892,-0.0206160995251138
2022-11-03,2022-09-29,399330.SZ,深证100指数,5049.1389,0.00112019670826302
2022-11-03,2022-09-30,399330.SZ,深证100指数,4987.6879,-0.0121705901178516
2022-11-03,2022-10-10,399330.SZ,深证100指数,4862.6048,-0.0250783734884454
2022-11-03,2022-10-11,399330.SZ,深证100指数,4893.1479,0.00628122194919056
2022-11-03,2022-10-12,399330.SZ,深证100指数,5007.5458,0.0233792033958344
2022-11-03,2022-10-13,399330.SZ,深证100指数,4971.9037,-0.00711767828463994
2022-11-03,2022-10-14,399330.SZ,深证100指数,5109.8339,0.0277419291125851
2022-11-03,2022-10-17,399330.SZ,深证100指数,5112.1513,0.000453517676964221
2022-11-03,2022-10-18,399330.SZ,深证100指数,5116.5847,0.000867227853760921
2022-11-03,2022-10-19,399330.SZ,深证100指数,5027.5118,-0.0174086632436672
2022-11-03,2022-10-20,399330.SZ,深证100指数,4988.6001,-0.00773975309217589
2022-11-03,2022-10-21,399330.SZ,深证100指数,4963.5052,-0.00503044932384944
2022-11-03,2022-10-24,399330.SZ,深证100指数,4824.6031,-0.0279846790530207
2022-11-03,2022-10-25,399330.SZ,深证100指数,4798.1515,-0.00548264788869379
2022-11-03,2022-10-26,399330.SZ,深证100指数,4861.8583,0.0132773631678782
2022-11-03,2022-10-27,399330.SZ,深证100指数,4811.2227,-0.010414865443528
2022-11-03,2022-10-28,399330.SZ,深证100指数,4664.9478,-0.0304028537278062
2022-11-03,2022-10-31,399330.SZ,深证100指数,4641.6364,-0.0049971405896545
2022-11-03,2022-11-01,399330.SZ,深证100指数,4814.7391,0.0372934640033415
2022-11-03,2022-11-02,399330.SZ,深证100指数,4883.9896,0.0143830223324042
2022-11-03,2022-11-03,399330.SZ,深证100指数,4841.4636,-0.00870722574839222
2022-11-03,2022-08-04,399437.SZ,国证证券龙头指数,5067.2897,0.00827502323605778
2022-11-03,2022-08-05,399437.SZ,国证证券龙头指数,5177.8858,0.0218254938137836
2022-11-03,2022-08-08,399437.SZ,国证证券龙头指数,5173.2132,-0.000902414649623928
2022-11-03,2022-08-09,399437.SZ,国证证券龙头指数,5148.3843,-0.00479951222578656
2022-11-03,2022-08-10,399437.SZ,国证证券龙头指数,5135.5695,-0.00248909157772081
2022-11-03,2022-08-11,399437.SZ,国证证券龙头指数,5398.3206,0.0511629917577789
2022-11-03,2022-08-12,399437.SZ,国证证券龙头指数,5380.9483,-0.00321809341964607
2022-11-03,2022-08-15,399437.SZ,国证证券龙头指数,5342.1556,-0.00720926829941848
2022-11-03,2022-08-16,399437.SZ,国证证券龙头指数,5333.0831,-0.00169828449025333
2022-11-03,2022-08-17,399437.SZ,国证证券龙头指数,5412.784,0.0149446199328864
2022-11-03,2022-08-18,399437.SZ,国证证券龙头指数,5369.0269,-0.00808402847776668
2022-11-03,2022-08-19,399437.SZ,国证证券龙头指数,5343.3564,-0.00478122022446936
2022-11-03,2022-08-22,399437.SZ,国证证券龙头指数,5316.5931,-0.00500870576403989
2022-11-03,2022-08-23,399437.SZ,国证证券龙头指数,5330.7079,0.00265485805186039
2022-11-03,2022-08-24,399437.SZ,国证证券龙头指数,5250.0069,-0.0151388899024086
2022-11-03,2022-08-25,399437.SZ,国证证券龙头指数,5352.2316,0.0194713458376596
2022-11-03,2022-08-26,399437.SZ,国证证券龙头指数,5288.3868,-0.0119286317879069
2022-11-03,2022-08-29,399437.SZ,国证证券龙头指数,5255.184,-0.0062784363655094
2022-11-03,2022-08-30,399437.SZ,国证证券龙头指数,5256.3278,0.000217651751108994
2022-11-03,2022-08-31,399437.SZ,国证证券龙头指数,5301.3075,0.0085572478946232
2022-11-03,2022-09-01,399437.SZ,国证证券龙头指数,5239.3361,-0.0116898331213572
2022-11-03,2022-09-02,399437.SZ,国证证券龙头指数,5219.6614,-0.00375518951723686
2022-11-03,2022-09-05,399437.SZ,国证证券龙头指数,5259.9391,0.0077165350227506
2022-11-03,2022-09-06,399437.SZ,国证证券龙头指数,5330.1277,0.0133439948002441
2022-11-03,2022-09-07,399437.SZ,国证证券龙头指数,5295.6736,-0.00646402899502763
2022-11-03,2022-09-08,399437.SZ,国证证券龙头指数,5285.0269,-0.00201045245688858
2022-11-03,2022-09-09,399437.SZ,国证证券龙头指数,5373.3661,0.016714995339002
2022-11-03,2022-09-13,399437.SZ,国证证券龙头指数,5377.8333,0.000831359694624112
2022-11-03,2022-09-14,399437.SZ,国证证券龙头指数,5297.2831,-0.0149781883346962
2022-11-03,2022-09-15,399437.SZ,国证证券龙头指数,5292.7758,-0.000850870137561466
2022-11-03,2022-09-16,399437.SZ,国证证券龙头指数,4969.8539,-0.0610118229455328
2022-11-03,2022-09-19,399437.SZ,国证证券龙头指数,4908.978,-0.0122490321093744
2022-11-03,2022-09-20,399437.SZ,国证证券龙头指数,4914.2094,0.00106568006619701
2022-11-03,2022-09-21,399437.SZ,国证证券龙头指数,4902.1373,-0.0024565701249929
2022-11-03,2022-09-22,399437.SZ,国证证券龙头指数,4885.7928,-0.00333415793963998
2022-11-03,2022-09-23,399437.SZ,国证证券龙头指数,4882.207,-0.000733923878229126
2022-11-03,2022-09-26,399437.SZ,国证证券龙头指数,4778.4738,-0.0212471941480565
2022-11-03,2022-09-27,399437.SZ,国证证券龙头指数,4823.9851,0.00952423344876352
2022-11-03,2022-09-28,399437.SZ,国证证券龙头指数,4733.2911,-0.0188006385011429
2022-11-03,2022-09-29,399437.SZ,国证证券龙头指数,4676.1879,-0.0120641639809562
2022-11-03,2022-09-30,399437.SZ,国证证券龙头指数,4668.5674,-0.00162963939066696
2022-11-03,2022-10-10,399437.SZ,国证证券龙头指数,4617.7616,-0.0108825246905507
2022-11-03,2022-10-11,399437.SZ,国证证券龙头指数,4647.6783,0.00647861509351189
2022-11-03,2022-10-12,399437.SZ,国证证券龙头指数,4760.7045,0.0243188518448019
2022-11-03,2022-10-13,399437.SZ,国证证券龙头指数,4736.2841,-0.00512957693551452
2022-11-03,2022-10-14,399437.SZ,国证证券龙头指数,4811.5502,0.0158913820224593
2022-11-03,2022-10-17,399437.SZ,国证证券龙头指数,4838.0479,0.00550710247188113
2022-11-03,2022-10-18,399437.SZ,国证证券龙头指数,4821.5821,-0.00340339747359675
2022-11-03,2022-10-19,399437.SZ,国证证券龙头指数,4764.137,-0.0119141598771075
2022-11-03,2022-10-20,399437.SZ,国证证券龙头指数,4782.0854,0.00376739795685976
2022-11-03,2022-10-21,399437.SZ,国证证券龙头指数,4792.0035,0.00207401147624831
2022-11-03,2022-10-24,399437.SZ,国证证券龙头指数,4688.6172,-0.0215747546928963
2022-11-03,2022-10-25,399437.SZ,国证证券龙头指数,4602.5361,-0.0183595922482218
2022-11-03,2022-10-26,399437.SZ,国证证券龙头指数,4634.8615,0.00702338869216024
2022-11-03,2022-10-27,399437.SZ,国证证券龙头指数,4671.5142,0.00790804644324306
2022-11-03,2022-10-28,399437.SZ,国证证券龙头指数,4571.8994,-0.0213238782405926
2022-11-03,2022-10-31,399437.SZ,国证证券龙头指数,4590.7092,0.00411422001105266
2022-11-03,2022-11-01,399437.SZ,国证证券龙头指数,4741.6318,0.0328756611287859
2022-11-03,2022-11-02,399437.SZ,国证证券龙头指数,4749.3698,0.00163192764145048
2022-11-03,2022-11-03,399437.SZ,国证证券龙头指数,4713.4481,-0.00756346663087826
2022-11-03,2022-08-04,399441.SZ,国证生物医药指数,3698.0074,0.0235204132822127
2022-11-03,2022-08-05,399441.SZ,国证生物医药指数,3799.1926,0.0273620869444446
2022-11-03,2022-08-08,399441.SZ,国证生物医药指数,3754.3299,-0.0118084826760295
2022-11-03,2022-08-09,399441.SZ,国证生物医药指数,3737.5344,-0.00447363456258865
2022-11-03,2022-08-10,399441.SZ,国证生物医药指数,3665.5412,-0.0192622173591231
2022-11-03,2022-08-11,399441.SZ,国证生物医药指数,3794.1164,0.0350767302792832
2022-11-03,2022-08-12,399441.SZ,国证生物医药指数,3807.7212,0.0035857624188862
2022-11-03,2022-08-15,399441.SZ,国证生物医药指数,3743.1278,-0.0169637945131066
2022-11-03,2022-08-16,399441.SZ,国证生物医药指数,3693.8463,-0.0131658609145004
2022-11-03,2022-08-17,399441.SZ,国证生物医药指数,3737.6462,0.0118575318090524
2022-11-03,2022-08-18,399441.SZ,国证生物医药指数,3642.8461,-0.0253635831021138
2022-11-03,2022-08-19,399441.SZ,国证生物医药指数,3632.539,-0.00282940857699143
2022-11-03,2022-08-22,399441.SZ,国证生物医药指数,3622.8176,-0.00267619976000266
2022-11-03,2022-08-23,399441.SZ,国证生物医药指数,3554.3188,-0.0189076038495561
2022-11-03,2022-08-24,399441.SZ,国证生物医药指数,3504.7713,-0.0139400832587105
2022-11-03,2022-08-25,399441.SZ,国证生物医药指数,3556.293,0.0147004456467674
2022-11-03,2022-08-26,399441.SZ,国证生物医药指数,3557.1615,0.000244214973288193
2022-11-03,2022-08-29,399441.SZ,国证生物医药指数,3519.5211,-0.0105815830965224
2022-11-03,2022-08-30,399441.SZ,国证生物医药指数,3516.5136,-0.000854519667462639
2022-11-03,2022-08-31,399441.SZ,国证生物医药指数,3564.7525,0.0137178198315513
2022-11-03,2022-09-01,399441.SZ,国证生物医药指数,3558.969,-0.00162241277620256
2022-11-03,2022-09-02,399441.SZ,国证生物医药指数,3529.0405,-0.00840931741748807
2022-11-03,2022-09-05,399441.SZ,国证生物医药指数,3449.8273,-0.0224461011427894
2022-11-03,2022-09-06,399441.SZ,国证生物医药指数,3419.9993,-0.00864622991417574
2022-11-03,2022-09-07,399441.SZ,国证生物医药指数,3412.8142,-0.00210090686275877
2022-11-03,2022-09-08,399441.SZ,国证生物医药指数,3367.0418,-0.0134119226297171
2022-11-03,2022-09-09,399441.SZ,国证生物医药指数,3434.3702,0.0199963065501592
2022-11-03,2022-09-13,399441.SZ,国证生物医药指数,3346.977,-0.0254466452102339
2022-11-03,2022-09-14,399441.SZ,国证生物医药指数,3315.108,-0.00952172662076844
2022-11-03,2022-09-15,399441.SZ,国证生物医药指数,3300.5155,-0.00440181737668888
2022-11-03,2022-09-16,399441.SZ,国证生物医药指数,3186.8579,-0.0344363175994781
2022-11-03,2022-09-19,399441.SZ,国证生物医药指数,3150.9351,-0.0112721687402504
2022-11-03,2022-09-20,399441.SZ,国证生物医药指数,3159.0993,0.00259104035497271
2022-11-03,2022-09-21,399441.SZ,国证生物医药指数,3086.8126,-0.0228820600859237
2022-11-03,2022-09-22,399441.SZ,国证生物医药指数,3054.6986,-0.0104036118033211
2022-11-03,2022-09-23,399441.SZ,国证生物医药指数,3037.2549,-0.0057104488148193
2022-11-03,2022-09-26,399441.SZ,国证生物医药指数,3008.9544,-0.00931778890207724
2022-11-03,2022-09-27,399441.SZ,国证生物医药指数,3149.5216,0.046716294537398
2022-11-03,2022-09-28,399441.SZ,国证生物医药指数,3098.1074,-0.0163244474970421
2022-11-03,2022-09-29,399441.SZ,国证生物医药指数,3139.9292,0.0134991446713566
2022-11-03,2022-09-30,399441.SZ,国证生物医药指数,3128.7112,-0.00357269202120858
2022-11-03,2022-10-10,399441.SZ,国证生物医药指数,3019.131,-0.0350240699748831
2022-11-03,2022-10-11,399441.SZ,国证生物医药指数,2970.0427,-0.0162590824975796
2022-11-03,2022-10-12,399441.SZ,国证生物医药指数,3009.9393,0.0134330055254761
2022-11-03,2022-10-13,399441.SZ,国证生物医药指数,3104.5134,0.0314206004087856
2022-11-03,2022-10-14,399441.SZ,国证生物医药指数,3349.3013,0.0788490395950618
2022-11-03,2022-10-17,399441.SZ,国证生物医药指数,3378.3117,0.00866162742659204
2022-11-03,2022-10-18,399441.SZ,国证生物医药指数,3420.6423,0.0125301049041744
2022-11-03,2022-10-19,399441.SZ,国证生物医药指数,3352.9815,-0.0197801447991215
2022-11-03,2022-10-20,399441.SZ,国证生物医药指数,3350.9439,-0.000607697954790321
2022-11-03,2022-10-21,399441.SZ,国证生物医药指数,3334.4197,-0.00493120759198629
2022-11-03,2022-10-24,399441.SZ,国证生物医药指数,3218.0316,-0.0349050540938203
2022-11-03,2022-10-25,399441.SZ,国证生物医药指数,3169.2552,-0.01515721598259
2022-11-03,2022-10-26,399441.SZ,国证生物医药指数,3373.474,0.0644374741421896
2022-11-03,2022-10-27,399441.SZ,国证生物医药指数,3329.9949,-0.0128885238184732
2022-11-03,2022-10-28,399441.SZ,国证生物医药指数,3271.4319,-0.0175865134207863
2022-11-03,2022-10-31,399441.SZ,国证生物医药指数,3195.8223,-0.0231120812877078
2022-11-03,2022-11-01,399441.SZ,国证生物医药指数,3350.9246,0.0485328298760541
2022-11-03,2022-11-02,399441.SZ,国证生物医药指数,3426.829,0.0226517779600295
2022-11-03,2022-11-03,399441.SZ,国证生物医药指数,3394.8528,-0.00933113382663686
2022-11-03,2022-08-04,399673.SZ,创业板50指数,2642.6429,0.00519233167780664
2022-11-03,2022-08-05,399673.SZ,创业板50指数,2679.5997,0.0139847877289816
2022-11-03,2022-08-08,399673.SZ,创业板50指数,2669.0134,-0.00395070203956227
2022-11-03,2022-08-09,399673.SZ,创业板50指数,2697.3228,0.0106066908468876
2022-11-03,2022-08-10,399673.SZ,创业板50指数,2656.5488,-0.0151164703015894
2022-11-03,2022-08-11,399673.SZ,创业板50指数,2723.0736,0.0250418136493484
2022-11-03,2022-08-12,399673.SZ,创业板50指数,2691.9892,-0.0114151890716432
2022-11-03,2022-08-15,399673.SZ,创业板50指数,2728.9089,0.0137146538329351
2022-11-03,2022-08-16,399673.SZ,创业板50指数,2741.2421,0.00451946197251218
2022-11-03,2022-08-17,399673.SZ,创业板50指数,2800.0823,0.0214647951014615
2022-11-03,2022-08-18,399673.SZ,创业板50指数,2800.0346,-1.7035213572103e-05
2022-11-03,2022-08-19,399673.SZ,创业板50指数,2753.0753,-0.0167709713301399
2022-11-03,2022-08-22,399673.SZ,创业板50指数,2799.2855,0.016784938646611
2022-11-03,2022-08-23,399673.SZ,创业板50指数,2805.6258,0.00226497082916333
2022-11-03,2022-08-24,399673.SZ,创业板50指数,2697.6926,-0.0384702763996538
2022-11-03,2022-08-25,399673.SZ,创业板50指数,2681.2652,-0.00608942620074648
2022-11-03,2022-08-26,399673.SZ,创业板50指数,2648.321,-0.0122868114649756
2022-11-03,2022-08-29,399673.SZ,创业板50指数,2630.1557,-0.00685917605909558
2022-11-03,2022-08-30,399673.SZ,创业板50指数,2609.2338,-0.0079546241311873
2022-11-03,2022-08-31,399673.SZ,创业板50指数,2567.0334,-0.0161734835720739
2022-11-03,2022-09-01,399673.SZ,创业板50指数,2522.8856,-0.0171979842568467
2022-11-03,2022-09-02,399673.SZ,创业板50指数,2516.703,-0.00245060655940965
2022-11-03,2022-09-05,399673.SZ,创业板50指数,2523.4818,0.00269352402726897
2022-11-03,2022-09-06,399673.SZ,创业板50指数,2524.2419,0.000301210811189501
2022-11-03,2022-09-07,399673.SZ,创业板50指数,2561.4615,0.0147448626060758
2022-11-03,2022-09-08,399673.SZ,创业板50指数,2507.8041,-0.0209479627158168
2022-11-03,2022-09-09,399673.SZ,创业板50指数,2537.3977,0.0118006027663804
2022-11-03,2022-09-13,399673.SZ,创业板50指数,2536.5838,-0.000320761700067784
2022-11-03,2022-09-14,399673.SZ,创业板50指数,2480.7786,-0.0220001405039328
2022-11-03,2022-09-15,399673.SZ,创业板50指数,2397.3303,-0.0336379473766825
2022-11-03,2022-09-16,399673.SZ,创业板50指数,2334.2131,-0.0263281200759028
2022-11-03,2022-09-19,399673.SZ,创业板50指数,2318.3835,-0.00678155734795594
2022-11-03,2022-09-20,399673.SZ,创业板50指数,2344.3488,0.0111997432693944
2022-11-03,2022-09-21,399673.SZ,创业板50指数,2309.9477,-0.0146740536220549
2022-11-03,2022-09-22,399673.SZ,创业板50指数,2296.2611,-0.00592506921260594
2022-11-03,2022-09-23,399673.SZ,创业板50指数,2283.7924,-0.00543000096983759
2022-11-03,2022-09-26,399673.SZ,创业板50指数,2311.8144,0.0122699418738763
2022-11-03,2022-09-27,399673.SZ,创业板50指数,2355.9266,0.0190812030585152
2022-11-03,2022-09-28,399673.SZ,创业板50指数,2293.1435,-0.0266490051090724
2022-11-03,2022-09-29,399673.SZ,创业板50指数,2312.6899,0.00852384510607362
2022-11-03,2022-09-30,399673.SZ,创业板50指数,2264.4008,-0.0208800583251564
2022-11-03,2022-10-10,399673.SZ,创业板50指数,2212.4685,-0.0229342349640576
2022-11-03,2022-10-11,399673.SZ,创业板50指数,2246.968,0.0155932163553967
2022-11-03,2022-10-12,399673.SZ,创业板50指数,2341.7567,0.0421851579550756
2022-11-03,2022-10-13,399673.SZ,创业板50指数,2342.0314,0.00011730509834762
2022-11-03,2022-10-14,399673.SZ,创业板50指数,2427.92,0.0366726936282751
2022-11-03,2022-10-17,399673.SZ,创业板50指数,2420.3203,-0.0031301278460576
2022-11-03,2022-10-18,399673.SZ,创业板50指数,2432.5285,0.00504404313759621
2022-11-03,2022-10-19,399673.SZ,创业板50指数,2419.458,-0.0053732155656141
2022-11-03,2022-10-20,399673.SZ,创业板50指数,2385.5538,-0.0140131384797751
2022-11-03,2022-10-21,399673.SZ,创业板50指数,2378.2555,-0.00305937346707497
2022-11-03,2022-10-24,399673.SZ,创业板50指数,2315.8317,-0.0262477265373716
2022-11-03,2022-10-25,399673.SZ,创业板50指数,2294.3919,-0.0092579266446694
2022-11-03,2022-10-26,399673.SZ,创业板50指数,2355.5029,0.0266349441000031
2022-11-03,2022-10-27,399673.SZ,创业板50指数,2314.434,-0.0174353001221097
2022-11-03,2022-10-28,399673.SZ,创业板50指数,2221.141,-0.0403092073483193
2022-11-03,2022-10-31,399673.SZ,创业板50指数,2238.7966,0.00794888753122835
2022-11-03,2022-11-01,399673.SZ,创业板50指数,2314.6482,0.0338805231346162
2022-11-03,2022-11-02,399673.SZ,创业板50指数,2356.2032,0.0179530522176112
2022-11-03,2022-11-03,399673.SZ,创业板50指数,2353.0746,-0.00132781417154515
2022-11-03,2022-08-04,399808.SZ,中证新能源指数,4225.5557,-0.000481361641750166
2022-11-03,2022-08-05,399808.SZ,中证新能源指数,4264.3486,0.00918054399330259
2022-11-03,2022-08-08,399808.SZ,中证新能源指数,4293.036,0.00672726427665871
2022-11-03,2022-08-09,399808.SZ,中证新能源指数,4385.4795,0.0215333624036695
2022-11-03,2022-08-10,399808.SZ,中证新能源指数,4341.2933,-0.0100755687034907
2022-11-03,2022-08-11,399808.SZ,中证新能源指数,4383.3075,0.00967780730226164
2022-11-03,2022-08-12,399808.SZ,中证新能源指数,4313.1365,-0.0160086875036717
2022-11-03,2022-08-15,399808.SZ,中证新能源指数,4455.7267,0.033059514810162
2022-11-03,2022-08-16,399808.SZ,中证新能源指数,4481.8611,0.00586535076309769
2022-11-03,2022-08-17,399808.SZ,中证新能源指数,4503.2055,0.00476239658565047
2022-11-03,2022-08-18,399808.SZ,中证新能源指数,4528.6556,0.0056515519889111
2022-11-03,2022-08-19,399808.SZ,中证新能源指数,4396.5798,-0.029164461082004
2022-11-03,2022-08-22,399808.SZ,中证新能源指数,4468.7874,0.0164235845326861
2022-11-03,2022-08-23,399808.SZ,中证新能源指数,4499.9834,0.00698086465245584
2022-11-03,2022-08-24,399808.SZ,中证新能源指数,4330.6404,-0.0376319165977368
2022-11-03,2022-08-25,399808.SZ,中证新能源指数,4242.0635,-0.0204535338468648
2022-11-03,2022-08-26,399808.SZ,中证新能源指数,4218.3723,-0.00558482917570668
2022-11-03,2022-08-29,399808.SZ,中证新能源指数,4225.7034,0.00173789781428257
2022-11-03,2022-08-30,399808.SZ,中证新能源指数,4175.0977,-0.0119756866986926
2022-11-03,2022-08-31,399808.SZ,中证新能源指数,3995.7682,-0.0429521685205115
2022-11-03,2022-09-01,399808.SZ,中证新能源指数,3953.5524,-0.0105651273765079
2022-11-03,2022-09-02,399808.SZ,中证新能源指数,3916.4322,-0.00938907499999242
2022-11-03,2022-09-05,399808.SZ,中证新能源指数,3944.0765,0.00705854170027509
2022-11-03,2022-09-06,399808.SZ,中证新能源指数,4055.7574,0.0283161089801376
2022-11-03,2022-09-07,399808.SZ,中证新能源指数,4116.969,0.0150925200802199
2022-11-03,2022-09-08,399808.SZ,中证新能源指数,4056.2751,-0.0147423747907746
2022-11-03,2022-09-09,399808.SZ,中证新能源指数,4058.9526,0.000660088365308509
2022-11-03,2022-09-13,399808.SZ,中证新能源指数,4054.5712,-0.00107944103609392
2022-11-03,2022-09-14,399808.SZ,中证新能源指数,3973.8594,-0.0199063713568527
2022-11-03,2022-09-15,399808.SZ,中证新能源指数,3758.6373,-0.0541594652291926
2022-11-03,2022-09-16,399808.SZ,中证新能源指数,3691.7178,-0.0178041919607407
2022-11-03,2022-09-19,399808.SZ,中证新能源指数,3693.8107,0.000566917655515198
2022-11-03,2022-09-20,399808.SZ,中证新能源指数,3795.0659,0.0274121248281618
2022-11-03,2022-09-21,399808.SZ,中证新能源指数,3772.1005,-0.00605138371905478
2022-11-03,2022-09-22,399808.SZ,中证新能源指数,3770.6238,-0.000391479495310376
2022-11-03,2022-09-23,399808.SZ,中证新能源指数,3731.8479,-0.010283683034091
2022-11-03,2022-09-26,399808.SZ,中证新能源指数,3775.091,0.0115875837276218
2022-11-03,2022-09-27,399808.SZ,中证新能源指数,3792.6857,0.0046607353306185
2022-11-03,2022-09-28,399808.SZ,中证新能源指数,3644.091,-0.0391792813203583
2022-11-03,2022-09-29,399808.SZ,中证新能源指数,3698.2013,0.0148487784745222
2022-11-03,2022-09-30,399808.SZ,中证新能源指数,3581.73,-0.0314940400891645
2022-11-03,2022-10-10,399808.SZ,中证新能源指数,3496.318,-0.023846576933493
2022-11-03,2022-10-11,399808.SZ,中证新能源指数,3579.6843,0.0238440267733082
2022-11-03,2022-10-12,399808.SZ,中证新能源指数,3715.3182,0.0378899055427877
2022-11-03,2022-10-13,399808.SZ,中证新能源指数,3681.4088,-0.00912691677391186
2022-11-03,2022-10-14,399808.SZ,中证新能源指数,3801.2382,0.0325498760148559
2022-11-03,2022-10-17,399808.SZ,中证新能源指数,3762.1043,-0.0102950401792763
2022-11-03,2022-10-18,399808.SZ,中证新能源指数,3774.144,0.00320025683498448
2022-11-03,2022-10-19,399808.SZ,中证新能源指数,3748.5895,-0.00677093931763062
2022-11-03,2022-10-20,399808.SZ,中证新能源指数,3648.6137,-0.026670244901449
2022-11-03,2022-10-21,399808.SZ,中证新能源指数,3651.2416,0.000720246158150362
2022-11-03,2022-10-24,399808.SZ,中证新能源指数,3589.8497,-0.0168139791132966
2022-11-03,2022-10-25,399808.SZ,中证新能源指数,3652.6793,0.0175020140815365
2022-11-03,2022-10-26,399808.SZ,中证新能源指数,3695.9001,0.0118326292702455
2022-11-03,2022-10-27,399808.SZ,中证新能源指数,3647.4879,-0.0130988930139101
2022-11-03,2022-10-28,399808.SZ,中证新能源指数,3501.1984,-0.0401069185178106
2022-11-03,2022-10-31,399808.SZ,中证新能源指数,3481.3001,-0.00568328261546114
2022-11-03,2022-11-01,399808.SZ,中证新能源指数,3625.1354,0.041316547229008
2022-11-03,2022-11-02,399808.SZ,中证新能源指数,3685.1624,0.0165585539232549
2022-11-03,2022-11-03,399808.SZ,中证新能源指数,3678.1868,-0.00189288808547494
2022-11-03,2022-08-04,399967.SZ,中证军工指数,12306.227,-0.0159771466547142
2022-11-03,2022-08-05,399967.SZ,中证军工指数,12369.1836,0.00511583282187145
2022-11-03,2022-08-08,399967.SZ,中证军工指数,12647.9288,0.0225354565842162
2022-11-03,2022-08-09,399967.SZ,中证军工指数,12843.0307,0.015425600751326
2022-11-03,2022-08-10,399967.SZ,中证军工指数,12866.981,0.00186484799105879
2022-11-03,2022-08-11,399967.SZ,中证军工指数,12897.4827,0.00237054053316776
2022-11-03,2022-08-12,399967.SZ,中证军工指数,12612.2107,-0.0221184247062414
2022-11-03,2022-08-15,399967.SZ,中证军工指数,12623.6114,0.000903941447790713
2022-11-03,2022-08-16,399967.SZ,中证军工指数,12655.2766,0.00250841054882267
2022-11-03,2022-08-17,399967.SZ,中证军工指数,12605.7949,-0.00390996590307624
2022-11-03,2022-08-18,399967.SZ,中证军工指数,12696.559,0.00720018854185844
2022-11-03,2022-08-19,399967.SZ,中证军工指数,12438.6291,-0.020314945175303
2022-11-03,2022-08-22,399967.SZ,中证军工指数,12616.2357,0.0142786313967669
2022-11-03,2022-08-23,399967.SZ,中证军工指数,12525.3622,-0.00720290125841572
2022-11-03,2022-08-24,399967.SZ,中证军工指数,12039.606,-0.0387818086410308
2022-11-03,2022-08-25,399967.SZ,中证军工指数,12053.8998,0.00118723154229472
2022-11-03,2022-08-26,399967.SZ,中证军工指数,11831.0423,-0.0184884148447957
2022-11-03,2022-08-29,399967.SZ,中证军工指数,12075.8965,0.0206959111286418
2022-11-03,2022-08-30,399967.SZ,中证军工指数,11981.8908,-0.00778457317848014
2022-11-03,2022-08-31,399967.SZ,中证军工指数,11653.4169,-0.0274141957628256
2022-11-03,2022-09-01,399967.SZ,中证军工指数,11623.6178,-0.00255711266967551
2022-11-03,2022-09-02,399967.SZ,中证军工指数,11796.345,0.014860020603912
2022-11-03,2022-09-05,399967.SZ,中证军工指数,11829.9798,0.00285128995464268
2022-11-03,2022-09-06,399967.SZ,中证军工指数,12151.3803,0.0271683050549252
2022-11-03,2022-09-07,399967.SZ,中证军工指数,12239.43,0.00724606570004238
2022-11-03,2022-09-08,399967.SZ,中证军工指数,12389.7643,0.012282786044775
2022-11-03,2022-09-09,399967.SZ,中证军工指数,12311.3817,-0.00632639960713388
2022-11-03,2022-09-13,399967.SZ,中证军工指数,12410.6019,0.00805922539141157
2022-11-03,2022-09-14,399967.SZ,中证军工指数,12535.4701,0.0100614137014581
2022-11-03,2022-09-15,399967.SZ,中证军工指数,12149.1012,-0.0308220511012188
2022-11-03,2022-09-16,399967.SZ,中证军工指数,12140.4111,-0.000715287481513394
2022-11-03,2022-09-19,399967.SZ,中证军工指数,11917.5136,-0.0183599631152522
2022-11-03,2022-09-20,399967.SZ,中证军工指数,11926.6316,0.000765092477007956
2022-11-03,2022-09-21,399967.SZ,中证军工指数,11859.9721,-0.00558913046329024
2022-11-03,2022-09-22,399967.SZ,中证军工指数,12127.2131,0.0225330209672248
2022-11-03,2022-09-23,399967.SZ,中证军工指数,12050.8124,-0.00629993877158797
2022-11-03,2022-09-26,399967.SZ,中证军工指数,11668.1685,-0.0317525397706798
2022-11-03,2022-09-27,399967.SZ,中证军工指数,11826.6163,0.013579491931403
2022-11-03,2022-09-28,399967.SZ,中证军工指数,11387.001,-0.0371716887441422
2022-11-03,2022-09-29,399967.SZ,中证军工指数,11425.1959,0.00335425455745542
2022-11-03,2022-09-30,399967.SZ,中证军工指数,11098.1404,-0.0286258111337943
2022-11-03,2022-10-10,399967.SZ,中证军工指数,10913.9384,-0.0165975553886488
2022-11-03,2022-10-11,399967.SZ,中证军工指数,10960.954,0.00430784912621474
2022-11-03,2022-10-12,399967.SZ,中证军工指数,11186.5042,0.0205776066572307
2022-11-03,2022-10-13,399967.SZ,中证军工指数,11285.5525,0.0088542674484493
2022-11-03,2022-10-14,399967.SZ,中证军工指数,11537.655,0.0223385164350616
2022-11-03,2022-10-17,399967.SZ,中证军工指数,11845.9439,0.0267202390780448
2022-11-03,2022-10-18,399967.SZ,中证军工指数,11838.9702,-0.000588699394397763
2022-11-03,2022-10-19,399967.SZ,中证军工指数,11782.6728,-0.00475526156827388
2022-11-03,2022-10-20,399967.SZ,中证军工指数,11812.4521,0.00252738071450143
2022-11-03,2022-10-21,399967.SZ,中证军工指数,11802.698,-0.000825747263770937
2022-11-03,2022-10-24,399967.SZ,中证军工指数,12225.8111,0.0358488457469639
2022-11-03,2022-10-25,399967.SZ,中证军工指数,12235.6379,0.000803774892284892
2022-11-03,2022-10-26,399967.SZ,中证军工指数,12399.9984,0.0134329326630367
2022-11-03,2022-10-27,399967.SZ,中证军工指数,12317.7177,-0.00663554117877962
2022-11-03,2022-10-28,399967.SZ,中证军工指数,12089.3363,-0.0185408860279367
2022-11-03,2022-10-31,399967.SZ,中证军工指数,12421.4827,0.0274743287602977
2022-11-03,2022-11-01,399967.SZ,中证军工指数,12328.1294,-0.00751547156282728
2022-11-03,2022-11-02,399967.SZ,中证军工指数,12241.6828,-0.0070121424909767
2022-11-03,2022-11-03,399967.SZ,中证军工指数,12349.5071,0.0088079638854881
2022-11-03,2022-08-04,399971.SZ,中证传媒指数,896.4523,0.0150508401648626
2022-11-03,2022-08-05,399971.SZ,中证传媒指数,920.5198,0.0268474965148731
2022-11-03,2022-08-08,399971.SZ,中证传媒指数,916.9066,-0.00392517358127442
2022-11-03,2022-08-09,399971.SZ,中证传媒指数,913.3528,-0.00387585823899628
2022-11-03,2022-08-10,399971.SZ,中证传媒指数,905.3031,-0.00881335229935254
2022-11-03,2022-08-11,399971.SZ,中证传媒指数,934.8609,0.0326496175700712
2022-11-03,2022-08-12,399971.SZ,中证传媒指数,942.3062,0.00796407251602882
2022-11-03,2022-08-15,399971.SZ,中证传媒指数,934.681,-0.0080920617947754
2022-11-03,2022-08-16,399971.SZ,中证传媒指数,928.9834,-0.00609576957272062
2022-11-03,2022-08-17,399971.SZ,中证传媒指数,944.1617,0.0163386127244038
2022-11-03,2022-08-18,399971.SZ,中证传媒指数,927.1163,-0.0180534753739746
2022-11-03,2022-08-19,399971.SZ,中证传媒指数,932.6433,0.00596149587705441
2022-11-03,2022-08-22,399971.SZ,中证传媒指数,945.3471,0.0136212847934467
2022-11-03,2022-08-23,399971.SZ,中证传媒指数,936.0574,-0.00982676098546231
2022-11-03,2022-08-24,399971.SZ,中证传媒指数,921.2653,-0.0158025565526216
2022-11-03,2022-08-25,399971.SZ,中证传媒指数,925.9404,0.00507465113469485
2022-11-03,2022-08-26,399971.SZ,中证传媒指数,923.8342,-0.0022746604425079
2022-11-03,2022-08-29,399971.SZ,中证传媒指数,921.1975,-0.00285408355741756
2022-11-03,2022-08-30,399971.SZ,中证传媒指数,930.2455,0.00982199799717209
2022-11-03,2022-08-31,399971.SZ,中证传媒指数,926.0652,-0.00449375998056423
2022-11-03,2022-09-01,399971.SZ,中证传媒指数,910.9345,-0.0163386983983418
2022-11-03,2022-09-02,399971.SZ,中证传媒指数,927.6888,0.0183924310694128
2022-11-03,2022-09-05,399971.SZ,中证传媒指数,910.583,-0.018439157614062
2022-11-03,2022-09-06,399971.SZ,中证传媒指数,913.6297,0.00334587840976597
2022-11-03,2022-09-07,399971.SZ,中证传媒指数,896.7519,-0.0184733486663141
2022-11-03,2022-09-08,399971.SZ,中证传媒指数,891.3051,-0.00607392078009528
2022-11-03,2022-09-09,399971.SZ,中证传媒指数,896.4371,0.00575784879947383
2022-11-03,2022-09-13,399971.SZ,中证传媒指数,897.4382,0.00111675431550085
2022-11-03,2022-09-14,399971.SZ,中证传媒指数,888.3331,-0.0101456568262863
2022-11-03,2022-09-15,399971.SZ,中证传媒指数,880.8506,-0.00842307913551787
2022-11-03,2022-09-16,399971.SZ,中证传媒指数,863.1016,-0.0201498415281774
2022-11-03,2022-09-19,399971.SZ,中证传媒指数,847.5689,-0.0179963749343066
2022-11-03,2022-09-20,399971.SZ,中证传媒指数,851,0.00404816646764639
2022-11-03,2022-09-21,399971.SZ,中证传媒指数,856.4223,0.00637168037602809
2022-11-03,2022-09-22,399971.SZ,中证传媒指数,842.7309,-0.0159867392523524
2022-11-03,2022-09-23,399971.SZ,中证传媒指数,827.9229,-0.0175714454044583
2022-11-03,2022-09-26,399971.SZ,中证传媒指数,813.7877,-0.0170730873611541
2022-11-03,2022-09-27,399971.SZ,中证传媒指数,840.4814,0.0328017983068558
2022-11-03,2022-09-28,399971.SZ,中证传媒指数,823.4995,-0.0202049682479588
2022-11-03,2022-09-29,399971.SZ,中证传媒指数,808.3993,-0.0183366231552052
2022-11-03,2022-09-30,399971.SZ,中证传媒指数,806.702,-0.00209958123417475
2022-11-03,2022-10-10,399971.SZ,中证传媒指数,789.7528,-0.0210104846647213
2022-11-03,2022-10-11,399971.SZ,中证传媒指数,786.7894,-0.00375231338211146
2022-11-03,2022-10-12,399971.SZ,中证传媒指数,803.7335,0.0215357502274434
2022-11-03,2022-10-13,399971.SZ,中证传媒指数,805.9332,0.0027368524517144
2022-11-03,2022-10-14,399971.SZ,中证传媒指数,823.1563,0.0213703815651223
2022-11-03,2022-10-17,399971.SZ,中证传媒指数,829.9604,0.00826586639742666
2022-11-03,2022-10-18,399971.SZ,中证传媒指数,825.697,-0.00513687159050003
2022-11-03,2022-10-19,399971.SZ,中证传媒指数,814.0982,-0.0140472836888108
2022-11-03,2022-10-20,399971.SZ,中证传媒指数,818.5869,0.00551370829710707
2022-11-03,2022-10-21,399971.SZ,中证传媒指数,805.2566,-0.0162845264198583
2022-11-03,2022-10-24,399971.SZ,中证传媒指数,781.5088,-0.0294909721944534
2022-11-03,2022-10-25,399971.SZ,中证传媒指数,771.256,-0.0131192380687204
2022-11-03,2022-10-26,399971.SZ,中证传媒指数,789.2561,0.0233386839129939
2022-11-03,2022-10-27,399971.SZ,中证传媒指数,802.0034,0.0161510313319086
2022-11-03,2022-10-28,399971.SZ,中证传媒指数,773.6408,-0.0353646879801258
2022-11-03,2022-10-31,399971.SZ,中证传媒指数,783.1369,0.0122745594596354
2022-11-03,2022-11-01,399971.SZ,中证传媒指数,807.0502,0.0305352742285545
2022-11-03,2022-11-02,399971.SZ,中证传媒指数,829.5788,0.0279147443368455
2022-11-03,2022-11-03,399971.SZ,中证传媒指数,818.269,-0.0136331834902242
2022-11-03,2022-08-04,399973.SZ,中证国防指数,2054.0254,-0.0128514198279461
2022-11-03,2022-08-05,399973.SZ,中证国防指数,2059.4987,0.00266467006688442
2022-11-03,2022-08-08,399973.SZ,中证国防指数,2117.1072,0.0279720982586684
2022-11-03,2022-08-09,399973.SZ,中证国防指数,2163.7703,0.0220409717561776
2022-11-03,2022-08-10,399973.SZ,中证国防指数,2174.7457,0.00507234987003935
2022-11-03,2022-08-11,399973.SZ,中证国防指数,2162.2623,-0.00574016539037192
2022-11-03,2022-08-12,399973.SZ,中证国防指数,2103.9907,-0.0269493668737599
2022-11-03,2022-08-15,399973.SZ,中证国防指数,2114.1679,0.00483709362403562
2022-11-03,2022-08-16,399973.SZ,中证国防指数,2120.5756,0.00303083780621227
2022-11-03,2022-08-17,399973.SZ,中证国防指数,2097.6791,-0.0107973042790837
2022-11-03,2022-08-18,399973.SZ,中证国防指数,2114.5352,0.00803559514894348
2022-11-03,2022-08-19,399973.SZ,中证国防指数,2078.7841,-0.016907308991593
2022-11-03,2022-08-22,399973.SZ,中证国防指数,2113.069,0.0164927661318941
2022-11-03,2022-08-23,399973.SZ,中证国防指数,2096.4883,-0.00784673855893958
2022-11-03,2022-08-24,399973.SZ,中证国防指数,2013.1852,-0.0397345885498145
2022-11-03,2022-08-25,399973.SZ,中证国防指数,2005.3873,-0.00387341413000641
2022-11-03,2022-08-26,399973.SZ,中证国防指数,1968.3868,-0.0184505506741766
2022-11-03,2022-08-29,399973.SZ,中证国防指数,2015.4614,0.0239153198954596
2022-11-03,2022-08-30,399973.SZ,中证国防指数,1989.09,-0.0130845472902632
2022-11-03,2022-08-31,399973.SZ,中证国防指数,1937.5783,-0.0258971187829611
2022-11-03,2022-09-01,399973.SZ,中证国防指数,1931.9657,-0.00289670874204151
2022-11-03,2022-09-02,399973.SZ,中证国防指数,1945.3349,0.00691999863144566
2022-11-03,2022-09-05,399973.SZ,中证国防指数,1945.8993,0.00029012999252731
2022-11-03,2022-09-06,399973.SZ,中证国防指数,2013.4137,0.0346957316856016
2022-11-03,2022-09-07,399973.SZ,中证国防指数,2041.51,0.0139545588668637
2022-11-03,2022-09-08,399973.SZ,中证国防指数,2081.7397,0.0197058549798923
2022-11-03,2022-09-09,399973.SZ,中证国防指数,2069.9396,-0.00566838399632763
2022-11-03,2022-09-13,399973.SZ,中证国防指数,2100.9163,0.0149650260326435
2022-11-03,2022-09-14,399973.SZ,中证国防指数,2136.5585,0.0169650737632909
2022-11-03,2022-09-15,399973.SZ,中证国防指数,2077.982,-0.027416286518717
2022-11-03,2022-09-16,399973.SZ,中证国防指数,2092.2504,0.00686646948818614
2022-11-03,2022-09-19,399973.SZ,中证国防指数,2051.8911,-0.0192898995263665
2022-11-03,2022-09-20,399973.SZ,中证国防指数,2044.9893,-0.00336362880076813
2022-11-03,2022-09-21,399973.SZ,中证国防指数,2028.1526,-0.00823314821256038
2022-11-03,2022-09-22,399973.SZ,中证国防指数,2079.8083,0.0254693359858624
2022-11-03,2022-09-23,399973.SZ,中证国防指数,2075.4322,-0.00210408815081653
2022-11-03,2022-09-26,399973.SZ,中证国防指数,2016.4064,-0.0284402448800786
2022-11-03,2022-09-27,399973.SZ,中证国防指数,2045.1789,0.0142691969237947
2022-11-03,2022-09-28,399973.SZ,中证国防指数,1967.3559,-0.0380519278778009
2022-11-03,2022-09-29,399973.SZ,中证国防指数,1980.0762,0.00646568320454888
2022-11-03,2022-09-30,399973.SZ,中证国防指数,1913.2936,-0.0337272878690225
2022-11-03,2022-10-10,399973.SZ,中证国防指数,1880.0593,-0.0173702039247924
2022-11-03,2022-10-11,399973.SZ,中证国防指数,1889.3671,0.00495080128589565
2022-11-03,2022-10-12,399973.SZ,中证国防指数,1922.1003,0.0173249550074204
2022-11-03,2022-10-13,399973.SZ,中证国防指数,1941.9907,0.0103482633034291
2022-11-03,2022-10-14,399973.SZ,中证国防指数,1990.1469,0.0247973381128961
2022-11-03,2022-10-17,399973.SZ,中证国防指数,2044.4908,0.0273064767228992
2022-11-03,2022-10-18,399973.SZ,中证国防指数,2050.6199,0.00299786137457803
2022-11-03,2022-10-19,399973.SZ,中证国防指数,2031.4152,-0.00936531436176946
2022-11-03,2022-10-20,399973.SZ,中证国防指数,2028.234,-0.00156600186904188
2022-11-03,2022-10-21,399973.SZ,中证国防指数,2017.9813,-0.00505498872418075
2022-11-03,2022-10-24,399973.SZ,中证国防指数,2124.0583,0.0525658984055006
2022-11-03,2022-10-25,399973.SZ,中证国防指数,2121.7166,-0.00110246503120937
2022-11-03,2022-10-26,399973.SZ,中证国防指数,2139.5166,0.00838943334844999
2022-11-03,2022-10-27,399973.SZ,中证国防指数,2120.9025,-0.00870014282665521
2022-11-03,2022-10-28,399973.SZ,中证国防指数,2092.4991,-0.0133921290582666
2022-11-03,2022-10-31,399973.SZ,中证国防指数,2141.9642,0.023639245531814
2022-11-03,2022-11-01,399973.SZ,中证国防指数,2106.5542,-0.0165315554760438
2022-11-03,2022-11-02,399973.SZ,中证国防指数,2071.9339,-0.0164345640857473
2022-11-03,2022-11-03,399973.SZ,中证国防指数,2095.2317,0.0112444706850927
2022-11-03,2022-08-04,399975.SZ,中证全指证券公司指数,642.3902,0.00933761522752952
2022-11-03,2022-08-05,399975.SZ,中证全指证券公司指数,656.9565,0.0226751591166863
2022-11-03,2022-08-08,399975.SZ,中证全指证券公司指数,656.6309,-0.000495618811900078
2022-11-03,2022-08-09,399975.SZ,中证全指证券公司指数,653.6481,-0.00454258244624184
2022-11-03,2022-08-10,399975.SZ,中证全指证券公司指数,652.1669,-0.00226605110609202
2022-11-03,2022-08-11,399975.SZ,中证全指证券公司指数,686.3142,0.0523597563752469
2022-11-03,2022-08-12,399975.SZ,中证全指证券公司指数,685.6082,-0.00102868336397532
2022-11-03,2022-08-15,399975.SZ,中证全指证券公司指数,680.0191,-0.00815203202062054
2022-11-03,2022-08-16,399975.SZ,中证全指证券公司指数,679.3018,-0.00105482331305107
2022-11-03,2022-08-17,399975.SZ,中证全指证券公司指数,691.6625,0.0181961831986903
2022-11-03,2022-08-18,399975.SZ,中证全指证券公司指数,685.9061,-0.00832255615997679
2022-11-03,2022-08-19,399975.SZ,中证全指证券公司指数,682.5102,-0.004950969236168
2022-11-03,2022-08-22,399975.SZ,中证全指证券公司指数,679.0236,-0.00510849508183187
2022-11-03,2022-08-23,399975.SZ,中证全指证券公司指数,682.596,0.0052610837090199
2022-11-03,2022-08-24,399975.SZ,中证全指证券公司指数,672.929,-0.0141621105309729
2022-11-03,2022-08-25,399975.SZ,中证全指证券公司指数,685.5465,0.0187501207408212
2022-11-03,2022-08-26,399975.SZ,中证全指证券公司指数,676.2804,-0.0135163697867323
2022-11-03,2022-08-29,399975.SZ,中证全指证券公司指数,672.9494,-0.00492547174219449
2022-11-03,2022-08-30,399975.SZ,中证全指证券公司指数,673.1124,0.000242217319756932
2022-11-03,2022-08-31,399975.SZ,中证全指证券公司指数,677.392,0.00635792773985466
2022-11-03,2022-09-01,399975.SZ,中证全指证券公司指数,668.6616,-0.0128882537732953
2022-11-03,2022-09-02,399975.SZ,中证全指证券公司指数,667.2034,-0.00218077425113095
2022-11-03,2022-09-05,399975.SZ,中证全指证券公司指数,672.5969,0.00808374177949345
2022-11-03,2022-09-06,399975.SZ,中证全指证券公司指数,680.0743,0.0111172085390223
2022-11-03,2022-09-07,399975.SZ,中证全指证券公司指数,675.1543,-0.00723450364173439
2022-11-03,2022-09-08,399975.SZ,中证全指证券公司指数,673.0403,-0.00313113609733362
2022-11-03,2022-09-09,399975.SZ,中证全指证券公司指数,684.6782,0.0172915351428435
2022-11-03,2022-09-13,399975.SZ,中证全指证券公司指数,684.4177,-0.00038047070872127
2022-11-03,2022-09-14,399975.SZ,中证全指证券公司指数,674.98,-0.0137893862183868
2022-11-03,2022-09-15,399975.SZ,中证全指证券公司指数,673.0582,-0.00284719547245837
2022-11-03,2022-09-16,399975.SZ,中证全指证券公司指数,633.8444,-0.0582621235429568
2022-11-03,2022-09-19,399975.SZ,中证全指证券公司指数,627.2946,-0.0103334509226555
2022-11-03,2022-09-20,399975.SZ,中证全指证券公司指数,627.8746,0.000924605440569826
2022-11-03,2022-09-21,399975.SZ,中证全指证券公司指数,627.3531,-0.000830579864195768
2022-11-03,2022-09-22,399975.SZ,中证全指证券公司指数,625.4022,-0.00310973198347153
2022-11-03,2022-09-23,399975.SZ,中证全指证券公司指数,624.939,-0.000740643381171413
2022-11-03,2022-09-26,399975.SZ,中证全指证券公司指数,611.3719,-0.0217094788451353
2022-11-03,2022-09-27,399975.SZ,中证全指证券公司指数,618.1269,0.0110489212866995
2022-11-03,2022-09-28,399975.SZ,中证全指证券公司指数,605.8285,-0.0198962381349203
2022-11-03,2022-09-29,399975.SZ,中证全指证券公司指数,597.6596,-0.013483848977062
2022-11-03,2022-09-30,399975.SZ,中证全指证券公司指数,596.7689,-0.00149031321508086
2022-11-03,2022-10-10,399975.SZ,中证全指证券公司指数,590.7415,-0.0101000571578044
2022-11-03,2022-10-11,399975.SZ,中证全指证券公司指数,595.7746,0.00851997024079054
2022-11-03,2022-10-12,399975.SZ,中证全指证券公司指数,610.1082,0.0240587631631157
2022-11-03,2022-10-13,399975.SZ,中证全指证券公司指数,607.0668,-0.00498501741166579
2022-11-03,2022-10-14,399975.SZ,中证全指证券公司指数,616.2193,0.0150765945362192
2022-11-03,2022-10-17,399975.SZ,中证全指证券公司指数,619.5275,0.00536854330917591
2022-11-03,2022-10-18,399975.SZ,中证全指证券公司指数,617.3035,-0.00358983257401813
2022-11-03,2022-10-19,399975.SZ,中证全指证券公司指数,610.539,-0.0109581429556126
2022-11-03,2022-10-20,399975.SZ,中证全指证券公司指数,613.5158,0.00487569180674785
2022-11-03,2022-10-21,399975.SZ,中证全指证券公司指数,614.6913,0.00191600607514908
2022-11-03,2022-10-24,399975.SZ,中证全指证券公司指数,603.1613,-0.0187573827708314
2022-11-03,2022-10-25,399975.SZ,中证全指证券公司指数,592.3989,-0.0178433198549044
2022-11-03,2022-10-26,399975.SZ,中证全指证券公司指数,597.0786,0.00789957577571476
2022-11-03,2022-10-27,399975.SZ,中证全指证券公司指数,600.1804,0.00519496093144167
2022-11-03,2022-10-28,399975.SZ,中证全指证券公司指数,585.725,-0.0240850917490807
2022-11-03,2022-10-31,399975.SZ,中证全指证券公司指数,587.9541,0.00380571087114268
2022-11-03,2022-11-01,399975.SZ,中证全指证券公司指数,606.0499,0.0307775726030313
2022-11-03,2022-11-02,399975.SZ,中证全指证券公司指数,607.5346,0.00244979827568659
2022-11-03,2022-11-03,399975.SZ,中证全指证券公司指数,603.4434,-0.0067341020577264
2022-11-03,2022-08-04,399976.SZ,中证新能源汽车指数,5420.2981,0.00314644934650921
2022-11-03,2022-08-05,399976.SZ,中证新能源汽车指数,5468.5792,0.00890746211910387
2022-11-03,2022-08-08,399976.SZ,中证新能源汽车指数,5490.3297,0.00397735850657521
2022-11-03,2022-08-09,399976.SZ,中证新能源汽车指数,5549.7554,0.0108237033561025
2022-11-03,2022-08-10,399976.SZ,中证新能源汽车指数,5441.2182,-0.0195571141747977
2022-11-03,2022-08-11,399976.SZ,中证新能源汽车指数,5520.0231,0.0144829516302067
2022-11-03,2022-08-12,399976.SZ,中证新能源汽车指数,5427.2562,-0.0168055274986079
2022-11-03,2022-08-15,399976.SZ,中证新能源汽车指数,5561.9515,0.0248183050580881
2022-11-03,2022-08-16,399976.SZ,中证新能源汽车指数,5582.9728,0.00377948279484275
2022-11-03,2022-08-17,399976.SZ,中证新能源汽车指数,5593.5806,0.00190002716832161
2022-11-03,2022-08-18,399976.SZ,中证新能源汽车指数,5567.6285,-0.00463962206962754
2022-11-03,2022-08-19,399976.SZ,中证新能源汽车指数,5389.1813,-0.0320508453464522
2022-11-03,2022-08-22,399976.SZ,中证新能源汽车指数,5589.588,0.0371868543372256
2022-11-03,2022-08-23,399976.SZ,中证新能源汽车指数,5610.6725,0.0037721027023816
2022-11-03,2022-08-24,399976.SZ,中证新能源汽车指数,5361.4405,-0.0444210564776326
2022-11-03,2022-08-25,399976.SZ,中证新能源汽车指数,5260.133,-0.0188955747993473
2022-11-03,2022-08-26,399976.SZ,中证新能源汽车指数,5251.5704,-0.00162782956248453
2022-11-03,2022-08-29,399976.SZ,中证新能源汽车指数,5194.4662,-0.0108737378822913
2022-11-03,2022-08-30,399976.SZ,中证新能源汽车指数,5159.4038,-0.00674995247827381
2022-11-03,2022-08-31,399976.SZ,中证新能源汽车指数,4980.3307,-0.0347080994125716
2022-11-03,2022-09-01,399976.SZ,中证新能源汽车指数,4893.0679,-0.0175214870771534
2022-11-03,2022-09-02,399976.SZ,中证新能源汽车指数,4860.7645,-0.00660187037257332
2022-11-03,2022-09-05,399976.SZ,中证新能源汽车指数,4843.0051,-0.0036536227994588
2022-11-03,2022-09-06,399976.SZ,中证新能源汽车指数,4914.0588,0.0146714072219332
2022-11-03,2022-09-07,399976.SZ,中证新能源汽车指数,5014.815,0.0205036618609447
2022-11-03,2022-09-08,399976.SZ,中证新能源汽车指数,4888.0537,-0.0252773631729185
2022-11-03,2022-09-09,399976.SZ,中证新能源汽车指数,4951.1925,0.0129169612027789
2022-11-03,2022-09-13,399976.SZ,中证新能源汽车指数,4987.0817,0.00724859718138604
2022-11-03,2022-09-14,399976.SZ,中证新能源汽车指数,4876.941,-0.0220852006495101
2022-11-03,2022-09-15,399976.SZ,中证新能源汽车指数,4679.5205,-0.0404803953953924
2022-11-03,2022-09-16,399976.SZ,中证新能源汽车指数,4568.1697,-0.0237953439887696
2022-11-03,2022-09-19,399976.SZ,中证新能源汽车指数,4623.5964,0.0121332401464858
2022-11-03,2022-09-20,399976.SZ,中证新能源汽车指数,4737.0327,0.024534213237124
2022-11-03,2022-09-21,399976.SZ,中证新能源汽车指数,4715.4333,-0.00455968986661204
2022-11-03,2022-09-22,399976.SZ,中证新能源汽车指数,4692.3078,-0.00490421527116081
2022-11-03,2022-09-23,399976.SZ,中证新能源汽车指数,4635.014,-0.0122101538181275
2022-11-03,2022-09-26,399976.SZ,中证新能源汽车指数,4689.4125,0.0117364262545918
2022-11-03,2022-09-27,399976.SZ,中证新能源汽车指数,4690.8486,0.000306243052834443
2022-11-03,2022-09-28,399976.SZ,中证新能源汽车指数,4480.2511,-0.0448953948332504
2022-11-03,2022-09-29,399976.SZ,中证新能源汽车指数,4534.2174,0.0120453739746864
2022-11-03,2022-09-30,399976.SZ,中证新能源汽车指数,4382.9578,-0.0333595826260999
2022-11-03,2022-10-10,399976.SZ,中证新能源汽车指数,4266.621,-0.0265429888464818
2022-11-03,2022-10-11,399976.SZ,中证新能源汽车指数,4391.9243,0.0293682752698212
2022-11-03,2022-10-12,399976.SZ,中证新能源汽车指数,4553.7626,0.0368490640879215
2022-11-03,2022-10-13,399976.SZ,中证新能源汽车指数,4500.6989,-0.011652715492898
2022-11-03,2022-10-14,399976.SZ,中证新能源汽车指数,4579.3449,0.0174741749553609
2022-11-03,2022-10-17,399976.SZ,中证新能源汽车指数,4558.5251,-0.00454645816260757
2022-11-03,2022-10-18,399976.SZ,中证新能源汽车指数,4582.9681,0.00536204133218443
2022-11-03,2022-10-19,399976.SZ,中证新能源汽车指数,4583.5217,0.000120795080376102
2022-11-03,2022-10-20,399976.SZ,中证新能源汽车指数,4463.8225,-0.0261151158071314
2022-11-03,2022-10-21,399976.SZ,中证新能源汽车指数,4431.9169,-0.00714759603456461
2022-11-03,2022-10-24,399976.SZ,中证新能源汽车指数,4381.4371,-0.0113900601340247
2022-11-03,2022-10-25,399976.SZ,中证新能源汽车指数,4421.3827,0.00911700866366427
2022-11-03,2022-10-26,399976.SZ,中证新能源汽车指数,4435.6416,0.0032249866088272
2022-11-03,2022-10-27,399976.SZ,中证新能源汽车指数,4380.1698,-0.0125059247347667
2022-11-03,2022-10-28,399976.SZ,中证新能源汽车指数,4151.0635,-0.0523053467013994
2022-11-03,2022-10-31,399976.SZ,中证新能源汽车指数,4212.1793,0.0147229258237074
2022-11-03,2022-11-01,399976.SZ,中证新能源汽车指数,4391.0953,0.0424758746618408
2022-11-03,2022-11-02,399976.SZ,中证新能源汽车指数,4492.8738,0.0231783855841161
2022-11-03,2022-11-03,399976.SZ,中证新能源汽车指数,4480.909,-0.00266306166890351
2022-11-03,2022-08-04,399986.SZ,中证银行指数,5504.0389,0.00998359155260387
2022-11-03,2022-08-05,399986.SZ,中证银行指数,5558.0846,0.00981928016533473
2022-11-03,2022-08-08,399986.SZ,中证银行指数,5528.2149,-0.00537409955940582
2022-11-03,2022-08-09,399986.SZ,中证银行指数,5501.4117,-0.00484843669879775
2022-11-03,2022-08-10,399986.SZ,中证银行指数,5469.6887,-0.00576633812008653
2022-11-03,2022-08-11,399986.SZ,中证银行指数,5568.1823,0.0180071673914459
2022-11-03,2022-08-12,399986.SZ,中证银行指数,5578.4303,0.00184045698360125
2022-11-03,2022-08-15,399986.SZ,中证银行指数,5507.9208,-0.0126396667535669
2022-11-03,2022-08-16,399986.SZ,中证银行指数,5508.6906,0.000139762358238649
2022-11-03,2022-08-17,399986.SZ,中证银行指数,5567.388,0.0106554178228853
2022-11-03,2022-08-18,399986.SZ,中证银行指数,5503.3177,-0.0115081434956573
2022-11-03,2022-08-19,399986.SZ,中证银行指数,5528.4962,0.00457514927768021
2022-11-03,2022-08-22,399986.SZ,中证银行指数,5521.1012,-0.00133761510046793
2022-11-03,2022-08-23,399986.SZ,中证银行指数,5473.0577,-0.00870179666331783
2022-11-03,2022-08-24,399986.SZ,中证银行指数,5457.9493,-0.00276050442515896
2022-11-03,2022-08-25,399986.SZ,中证银行指数,5534.0993,0.0139521266714588
2022-11-03,2022-08-26,399986.SZ,中证银行指数,5544.2419,0.00183274629712549
2022-11-03,2022-08-29,399986.SZ,中证银行指数,5480.0836,-0.0115720600141924
2022-11-03,2022-08-30,399986.SZ,中证银行指数,5506.8219,0.00487917739065158
2022-11-03,2022-08-31,399986.SZ,中证银行指数,5592.9306,0.0156367323228666
2022-11-03,2022-09-01,399986.SZ,中证银行指数,5569.7487,-0.00414485743842408
2022-11-03,2022-09-02,399986.SZ,中证银行指数,5558.952,-0.00193845370438339
2022-11-03,2022-09-05,399986.SZ,中证银行指数,5579.0648,0.00361809204324848
2022-11-03,2022-09-06,399986.SZ,中证银行指数,5558.3333,-0.00371594536776121
2022-11-03,2022-09-07,399986.SZ,中证银行指数,5532.5489,-0.0046388725915375
2022-11-03,2022-09-08,399986.SZ,中证银行指数,5556.8133,0.00438575427683974
2022-11-03,2022-09-09,399986.SZ,中证银行指数,5648.8075,0.01655520800024
2022-11-03,2022-09-13,399986.SZ,中证银行指数,5695.1696,0.00820741368864142
2022-11-03,2022-09-14,399986.SZ,中证银行指数,5647.9118,-0.00829787404399696
2022-11-03,2022-09-15,399986.SZ,中证银行指数,5711.3384,0.0112300974671735
2022-11-03,2022-09-16,399986.SZ,中证银行指数,5596.59,-0.0200913327075838
2022-11-03,2022-09-19,399986.SZ,中证银行指数,5618.6971,0.00395010175839228
2022-11-03,2022-09-20,399986.SZ,中证银行指数,5564.6884,-0.0096123174178584
2022-11-03,2022-09-21,399986.SZ,中证银行指数,5587.509,0.00410096637216917
2022-11-03,2022-09-22,399986.SZ,中证银行指数,5572.955,-0.00260473853375454
2022-11-03,2022-09-23,399986.SZ,中证银行指数,5596.9342,0.00430278012293295
2022-11-03,2022-09-26,399986.SZ,中证银行指数,5507.7929,-0.0159268086446325
2022-11-03,2022-09-27,399986.SZ,中证银行指数,5527.5797,0.00359250980551562
2022-11-03,2022-09-28,399986.SZ,中证银行指数,5533.8931,0.00114216354040098
2022-11-03,2022-09-29,399986.SZ,中证银行指数,5468.9889,-0.0117284882138399
2022-11-03,2022-09-30,399986.SZ,中证银行指数,5503.6284,0.00633380331051669
2022-11-03,2022-10-10,399986.SZ,中证银行指数,5431.0853,-0.0131809589470103
2022-11-03,2022-10-11,399986.SZ,中证银行指数,5414.7432,-0.00300899343267536
2022-11-03,2022-10-12,399986.SZ,中证银行指数,5438.8654,0.0044549111765817
2022-11-03,2022-10-13,399986.SZ,中证银行指数,5353.5301,-0.0156899084136187
2022-11-03,2022-10-14,399986.SZ,中证银行指数,5408.2027,0.0102124390782821
2022-11-03,2022-10-17,399986.SZ,中证银行指数,5400.2306,-0.00147407566657953
2022-11-03,2022-10-18,399986.SZ,中证银行指数,5392.104,-0.00150486166275932
2022-11-03,2022-10-19,399986.SZ,中证银行指数,5330.5734,-0.0114112413262059
2022-11-03,2022-10-20,399986.SZ,中证银行指数,5315.1481,-0.00289374122491215
2022-11-03,2022-10-21,399986.SZ,中证银行指数,5293.1289,-0.00414272558087336
2022-11-03,2022-10-24,399986.SZ,中证银行指数,5148.192,-0.0273820839692757
2022-11-03,2022-10-25,399986.SZ,中证银行指数,5139.3342,-0.00172056520036545
2022-11-03,2022-10-26,399986.SZ,中证银行指数,5091.1623,-0.00937317911724833
2022-11-03,2022-10-27,399986.SZ,中证银行指数,5079.5806,-0.00227486363968399
2022-11-03,2022-10-28,399986.SZ,中证银行指数,5045.2419,-0.00676014472533426
2022-11-03,2022-10-31,399986.SZ,中证银行指数,4981.5266,-0.0126287899099545
2022-11-03,2022-11-01,399986.SZ,中证银行指数,5065.0028,0.016757152315517
2022-11-03,2022-11-02,399986.SZ,中证银行指数,5061.5445,-0.000682783433012202
2022-11-03,2022-11-03,399986.SZ,中证银行指数,5018.2397,-0.00855564936750031
2022-11-03,2022-08-04,399987.SZ,中证酒指数,8466.9167,0.0199292055921292
2022-11-03,2022-08-05,399987.SZ,中证酒指数,8504.9654,0.00449380823600154
2022-11-03,2022-08-08,399987.SZ,中证酒指数,8450.5612,-0.00639675735776646
2022-11-03,2022-08-09,399987.SZ,中证酒指数,8448.637,-0.000227700853761004
2022-11-03,2022-08-10,399987.SZ,中证酒指数,8327.0312,-0.014393540638567
2022-11-03,2022-08-11,399987.SZ,中证酒指数,8467.7546,0.0168995884151366
2022-11-03,2022-08-12,399987.SZ,中证酒指数,8560.7671,0.0109843169049797
2022-11-03,2022-08-15,399987.SZ,中证酒指数,8474.9987,-0.0100187750698181
2022-11-03,2022-08-16,399987.SZ,中证酒指数,8418.7472,-0.00663734615086142
2022-11-03,2022-08-17,399987.SZ,中证酒指数,8487.0992,0.00811902274485687
2022-11-03,2022-08-18,399987.SZ,中证酒指数,8340.6797,-0.0172520076117408
2022-11-03,2022-08-19,399987.SZ,中证酒指数,8313.8557,-0.00321604485063731
2022-11-03,2022-08-22,399987.SZ,中证酒指数,8339.8335,0.00312463926935846
2022-11-03,2022-08-23,399987.SZ,中证酒指数,8207.2089,-0.0159025476947473
2022-11-03,2022-08-24,399987.SZ,中证酒指数,8145.1752,-0.00755844048273224
2022-11-03,2022-08-25,399987.SZ,中证酒指数,8329.2599,0.0226004592264633
2022-11-03,2022-08-26,399987.SZ,中证酒指数,8436.2249,0.0128420773615192
2022-11-03,2022-08-29,399987.SZ,中证酒指数,8327.8021,-0.0128520518697882
2022-11-03,2022-08-30,399987.SZ,中证酒指数,8288.9149,-0.00466956341337665
2022-11-03,2022-08-31,399987.SZ,中证酒指数,8461.54,0.0208260190969027
2022-11-03,2022-09-01,399987.SZ,中证酒指数,8312.1696,-0.0176528622449343
2022-11-03,2022-09-02,399987.SZ,中证酒指数,8172.9261,-0.0167517635828797
2022-11-03,2022-09-05,399987.SZ,中证酒指数,7995.6309,-0.0216929894912422
2022-11-03,2022-09-06,399987.SZ,中证酒指数,8046.011,0.00630095368709438
2022-11-03,2022-09-07,399987.SZ,中证酒指数,7939.3893,-0.0132514981647428
2022-11-03,2022-09-08,399987.SZ,中证酒指数,7961.7325,0.00281422149182187
2022-11-03,2022-09-09,399987.SZ,中证酒指数,8055.8005,0.0118150163924748
2022-11-03,2022-09-13,399987.SZ,中证酒指数,8178.515,0.0152330609478226
2022-11-03,2022-09-14,399987.SZ,中证酒指数,8094.0964,-0.0103219961080954
2022-11-03,2022-09-15,399987.SZ,中证酒指数,8147.4427,0.00659076657401791
2022-11-03,2022-09-16,399987.SZ,中证酒指数,7949.957,-0.0242389799194291
2022-11-03,2022-09-19,399987.SZ,中证酒指数,8050.6097,0.012660785460852
2022-11-03,2022-09-20,399987.SZ,中证酒指数,8183.1505,0.0164634487248836
2022-11-03,2022-09-21,399987.SZ,中证酒指数,8088.7769,-0.0115326731434305
2022-11-03,2022-09-22,399987.SZ,中证酒指数,7964.8038,-0.0153265569730326
2022-11-03,2022-09-23,399987.SZ,中证酒指数,8009.7267,0.00564017659794724
2022-11-03,2022-09-26,399987.SZ,中证酒指数,8138.6108,0.0160909485213772
2022-11-03,2022-09-27,399987.SZ,中证酒指数,8431.151,0.0359447339587733
2022-11-03,2022-09-28,399987.SZ,中证酒指数,8368.5442,-0.00742565279639751
2022-11-03,2022-09-29,399987.SZ,中证酒指数,8338.3755,-0.00360501172951921
2022-11-03,2022-09-30,399987.SZ,中证酒指数,8304.91,-0.00401343163305612
2022-11-03,2022-10-10,399987.SZ,中证酒指数,7850.1121,-0.0547625320442966
2022-11-03,2022-10-11,399987.SZ,中证酒指数,7864.4445,0.00182575736721002
2022-11-03,2022-10-12,399987.SZ,中证酒指数,7811.9889,-0.00666996887065574
2022-11-03,2022-10-13,399987.SZ,中证酒指数,7689.3281,-0.0157016096118622
2022-11-03,2022-10-14,399987.SZ,中证酒指数,7873.2305,0.0239165760139692
2022-11-03,2022-10-17,399987.SZ,中证酒指数,7754.6827,-0.0150570721891096
2022-11-03,2022-10-18,399987.SZ,中证酒指数,7702.2598,-0.00676016054144946
2022-11-03,2022-10-19,399987.SZ,中证酒指数,7455.5458,-0.0320313786351377
2022-11-03,2022-10-20,399987.SZ,中证酒指数,7528.3929,0.00977086077319789
2022-11-03,2022-10-21,399987.SZ,中证酒指数,7416.0569,-0.014921644166579
2022-11-03,2022-10-24,399987.SZ,中证酒指数,6970.4646,-0.0600848005899198
2022-11-03,2022-10-25,399987.SZ,中证酒指数,6960.7147,-0.00139874464035006
2022-11-03,2022-10-26,399987.SZ,中证酒指数,6970.2161,0.00136500351034341
2022-11-03,2022-10-27,399987.SZ,中证酒指数,6651.8888,-0.0456696457373825
2022-11-03,2022-10-28,399987.SZ,中证酒指数,6603.1896,-0.00732110855491153
2022-11-03,2022-10-31,399987.SZ,中证酒指数,6519.8837,-0.0126160090874869
2022-11-03,2022-11-01,399987.SZ,中证酒指数,6975.2809,0.0698474422174125
2022-11-03,2022-11-02,399987.SZ,中证酒指数,7140.0657,0.0236241095322771
2022-11-03,2022-11-03,399987.SZ,中证酒指数,7047.2457,-0.0129998803792519
2022-11-03,2022-08-04,399989.SZ,中证医疗指数,10804.5897,0.0173470041966475
2022-11-03,2022-08-05,399989.SZ,中证医疗指数,10993.2518,0.0174612923987294
2022-11-03,2022-08-08,399989.SZ,中证医疗指数,10896.4163,-0.00880863112768859
2022-11-03,2022-08-09,399989.SZ,中证医疗指数,10823.8984,-0.00665520644617812
2022-11-03,2022-08-10,399989.SZ,中证医疗指数,10613.651,-0.0194243693196529
2022-11-03,2022-08-11,399989.SZ,中证医疗指数,10958.8191,0.032521146587541
2022-11-03,2022-08-12,399989.SZ,中证医疗指数,10957.5255,-0.000118041915666001
2022-11-03,2022-08-15,399989.SZ,中证医疗指数,10759.9424,-0.0180317262323505
2022-11-03,2022-08-16,399989.SZ,中证医疗指数,10655.3504,-0.00972049813203468
2022-11-03,2022-08-17,399989.SZ,中证医疗指数,10737.256,0.00768680493135165
2022-11-03,2022-08-18,399989.SZ,中证医疗指数,10563.1396,-0.0162160984147159
2022-11-03,2022-08-19,399989.SZ,中证医疗指数,10460.869,-0.00968183739614692
2022-11-03,2022-08-22,399989.SZ,中证医疗指数,10517.4198,0.00540593711669635
2022-11-03,2022-08-23,399989.SZ,中证医疗指数,10345.4465,-0.0163512822793286
2022-11-03,2022-08-24,399989.SZ,中证医疗指数,10191.0732,-0.0149218595833441
2022-11-03,2022-08-25,399989.SZ,中证医疗指数,10320.4725,0.012697318276548
2022-11-03,2022-08-26,399989.SZ,中证医疗指数,10347.9274,0.00266023672850246
2022-11-03,2022-08-29,399989.SZ,中证医疗指数,10245.0135,-0.00994536355173903
2022-11-03,2022-08-30,399989.SZ,中证医疗指数,10267.369,0.00218208594844715
2022-11-03,2022-08-31,399989.SZ,中证医疗指数,10412.393,0.0141247480245426
2022-11-03,2022-09-01,399989.SZ,中证医疗指数,10345.8035,-0.00639521577796764
2022-11-03,2022-09-02,399989.SZ,中证医疗指数,10254.0513,-0.00886854268979698
2022-11-03,2022-09-05,399989.SZ,中证医疗指数,10119.2487,-0.0131462771207317
2022-11-03,2022-09-06,399989.SZ,中证医疗指数,10095.1159,-0.00238484108014847
2022-11-03,2022-09-07,399989.SZ,中证医疗指数,10071.8641,-0.00230327221899451
2022-11-03,2022-09-08,399989.SZ,中证医疗指数,10019.6229,-0.00518684520375934
2022-11-03,2022-09-09,399989.SZ,中证医疗指数,10303.2198,0.028304149051358
2022-11-03,2022-09-13,399989.SZ,中证医疗指数,10045.8172,-0.02498273403815
2022-11-03,2022-09-14,399989.SZ,中证医疗指数,10016.4027,-0.00292803456547064
2022-11-03,2022-09-15,399989.SZ,中证医疗指数,9941.3126,-0.00749671336596736
2022-11-03,2022-09-16,399989.SZ,中证医疗指数,9662.9728,-0.0279982947121087
2022-11-03,2022-09-19,399989.SZ,中证医疗指数,9470.9097,-0.0198761917243521
2022-11-03,2022-09-20,399989.SZ,中证医疗指数,9469.1095,-0.000190076777946691
2022-11-03,2022-09-21,399989.SZ,中证医疗指数,9222.7609,-0.0260160261110087
2022-11-03,2022-09-22,399989.SZ,中证医疗指数,9068.525,-0.0167233978710214
2022-11-03,2022-09-23,399989.SZ,中证医疗指数,8974.455,-0.0103732415139176
2022-11-03,2022-09-26,399989.SZ,中证医疗指数,9032.9107,0.00651356544770687
2022-11-03,2022-09-27,399989.SZ,中证医疗指数,9523.2049,0.0542786501808326
2022-11-03,2022-09-28,399989.SZ,中证医疗指数,9476.8573,-0.00486680697167408
2022-11-03,2022-09-29,399989.SZ,中证医疗指数,9651.3804,0.0184157146694612
2022-11-03,2022-09-30,399989.SZ,中证医疗指数,9618.5423,-0.00340242521163092
2022-11-03,2022-10-10,399989.SZ,中证医疗指数,9328.9281,-0.0301099887037977
2022-11-03,2022-10-11,399989.SZ,中证医疗指数,9215.6421,-0.0121435173243537
2022-11-03,2022-10-12,399989.SZ,中证医疗指数,9284.2888,0.00744893293978954
2022-11-03,2022-10-13,399989.SZ,中证医疗指数,9509.2821,0.0242337679112266
2022-11-03,2022-10-14,399989.SZ,中证医疗指数,10406.6017,0.0943624966179097
2022-11-03,2022-10-17,399989.SZ,中证医疗指数,10487.2487,0.00774959994865565
2022-11-03,2022-10-18,399989.SZ,中证医疗指数,10614.6757,0.0121506606399064
2022-11-03,2022-10-19,399989.SZ,中证医疗指数,10446.9187,-0.0158042510898377
2022-11-03,2022-10-20,399989.SZ,中证医疗指数,10495.6332,0.00466304959375252
2022-11-03,2022-10-21,399989.SZ,中证医疗指数,10449.4223,-0.00440286918563426
2022-11-03,2022-10-24,399989.SZ,中证医疗指数,10061.9618,-0.0370796096545931
2022-11-03,2022-10-25,399989.SZ,中证医疗指数,9836.5176,-0.0224055909256184
2022-11-03,2022-10-26,399989.SZ,中证医疗指数,10406.2883,0.0579240258768003
2022-11-03,2022-10-27,399989.SZ,中证医疗指数,10184.0322,-0.0213578649363386
2022-11-03,2022-10-28,399989.SZ,中证医疗指数,9988.3882,-0.0192108583474432
2022-11-03,2022-10-31,399989.SZ,中证医疗指数,9867.389,-0.012113986518866
2022-11-03,2022-11-01,399989.SZ,中证医疗指数,10169.2168,0.0305884160440013
2022-11-03,2022-11-02,399989.SZ,中证医疗指数,10340.3277,0.0168263597251659
2022-11-03,2022-11-03,399989.SZ,中证医疗指数,10348.3483,0.000775662071135219
2022-11-03,2022-08-04,399995.SZ,中证基建工程指数,3824.9634,0.00623344565724437
2022-11-03,2022-08-05,399995.SZ,中证基建工程指数,3860.5195,0.00929580136636066
2022-11-03,2022-08-08,399995.SZ,中证基建工程指数,3855.9609,-0.00118082553397281
2022-11-03,2022-08-09,399995.SZ,中证基建工程指数,3848.5922,-0.00191098929452316
2022-11-03,2022-08-10,399995.SZ,中证基建工程指数,3849.3155,0.000187938852030056
2022-11-03,2022-08-11,399995.SZ,中证基建工程指数,3905.6855,0.0146441620594622
2022-11-03,2022-08-12,399995.SZ,中证基建工程指数,3922.3161,0.00425804893916837
2022-11-03,2022-08-15,399995.SZ,中证基建工程指数,3939.3422,0.00434082811428693
2022-11-03,2022-08-16,399995.SZ,中证基建工程指数,3967.2697,0.00708938157238537
2022-11-03,2022-08-17,399995.SZ,中证基建工程指数,3991.4452,0.00609373746382813
2022-11-03,2022-08-18,399995.SZ,中证基建工程指数,3945.3519,-0.0115480227562689
2022-11-03,2022-08-19,399995.SZ,中证基建工程指数,3957.6825,0.00312534859057823
2022-11-03,2022-08-22,399995.SZ,中证基建工程指数,4008.6463,0.0128771825430665
2022-11-03,2022-08-23,399995.SZ,中证基建工程指数,3987.0628,-0.00538423656883869
2022-11-03,2022-08-24,399995.SZ,中证基建工程指数,3902.2565,-0.0212703697569048
2022-11-03,2022-08-25,399995.SZ,中证基建工程指数,3950.1156,0.0122644680071646
2022-11-03,2022-08-26,399995.SZ,中证基建工程指数,3912.8169,-0.00944243252020283
2022-11-03,2022-08-29,399995.SZ,中证基建工程指数,3962.4176,0.0126764684542229
2022-11-03,2022-08-30,399995.SZ,中证基建工程指数,3954.2111,-0.00207108407755918
2022-11-03,2022-08-31,399995.SZ,中证基建工程指数,3932.9577,-0.0053748774313036
2022-11-03,2022-09-01,399995.SZ,中证基建工程指数,3932.1531,-0.000204578859314908
2022-11-03,2022-09-02,399995.SZ,中证基建工程指数,3923.6375,-0.00216563286917804
2022-11-03,2022-09-05,399995.SZ,中证基建工程指数,3980.3523,0.0144546482696224
2022-11-03,2022-09-06,399995.SZ,中证基建工程指数,4037.6883,0.0144047550765796
2022-11-03,2022-09-07,399995.SZ,中证基建工程指数,4081.7805,0.010920159438756
2022-11-03,2022-09-08,399995.SZ,中证基建工程指数,4059.9501,-0.00534825427285957
2022-11-03,2022-09-09,399995.SZ,中证基建工程指数,4112.5886,0.0129653071351787
2022-11-03,2022-09-13,399995.SZ,中证基建工程指数,4083.2075,-0.00714418651065662
2022-11-03,2022-09-14,399995.SZ,中证基建工程指数,4024.9893,-0.0142579577452284
2022-11-03,2022-09-15,399995.SZ,中证基建工程指数,4006.4198,-0.00461355263727037
2022-11-03,2022-09-16,399995.SZ,中证基建工程指数,3847.9004,-0.0395663479897939
2022-11-03,2022-09-19,399995.SZ,中证基建工程指数,3841.8357,-0.00157610628383209
2022-11-03,2022-09-20,399995.SZ,中证基建工程指数,3814.9102,-0.00700849856749475
2022-11-03,2022-09-21,399995.SZ,中证基建工程指数,3848.6952,0.00885604070051249
2022-11-03,2022-09-22,399995.SZ,中证基建工程指数,3804.5898,-0.0114598318931569
2022-11-03,2022-09-23,399995.SZ,中证基建工程指数,3806.5434,0.000513485054288942
2022-11-03,2022-09-26,399995.SZ,中证基建工程指数,3708.8979,-0.0256520127945999
2022-11-03,2022-09-27,399995.SZ,中证基建工程指数,3741.1726,0.00870196507701104
2022-11-03,2022-09-28,399995.SZ,中证基建工程指数,3659.1794,-0.0219164440582078
2022-11-03,2022-09-29,399995.SZ,中证基建工程指数,3628.1772,-0.00847244603530506
2022-11-03,2022-09-30,399995.SZ,中证基建工程指数,3640.1509,0.00330019713480367
2022-11-03,2022-10-10,399995.SZ,中证基建工程指数,3641.9521,0.000494814651777142
2022-11-03,2022-10-11,399995.SZ,中证基建工程指数,3645.9668,0.00110234838069401
2022-11-03,2022-10-12,399995.SZ,中证基建工程指数,3709.1919,0.0173411068910445
2022-11-03,2022-10-13,399995.SZ,中证基建工程指数,3678.8329,-0.00818480165450586
2022-11-03,2022-10-14,399995.SZ,中证基建工程指数,3723.3557,0.0121024252012099
2022-11-03,2022-10-17,399995.SZ,中证基建工程指数,3745.825,0.00603469069581508
2022-11-03,2022-10-18,399995.SZ,中证基建工程指数,3740.6806,-0.00137336901750607
2022-11-03,2022-10-19,399995.SZ,中证基建工程指数,3715.9252,-0.00661788659528961
2022-11-03,2022-10-20,399995.SZ,中证基建工程指数,3692.2372,-0.00637472465807443
2022-11-03,2022-10-21,399995.SZ,中证基建工程指数,3763.0309,0.0191736598071219
2022-11-03,2022-10-24,399995.SZ,中证基建工程指数,3681.2528,-0.0217319767424711
2022-11-03,2022-10-25,399995.SZ,中证基建工程指数,3720.453,0.010648603105986
2022-11-03,2022-10-26,399995.SZ,中证基建工程指数,3734.2012,0.00369530269566631
2022-11-03,2022-10-27,399995.SZ,中证基建工程指数,3751.0736,0.00451834250388017
2022-11-03,2022-10-28,399995.SZ,中证基建工程指数,3663.7402,-0.02328224111625
2022-11-03,2022-10-31,399995.SZ,中证基建工程指数,3568.4764,-0.0260017891006573
2022-11-03,2022-11-01,399995.SZ,中证基建工程指数,3662.9067,0.0264623579968191
2022-11-03,2022-11-02,399995.SZ,中证基建工程指数,3675.0499,0.00331518135583408
2022-11-03,2022-11-03,399995.SZ,中证基建工程指数,3661.6699,-0.00364076689135573
2022-11-03,2022-08-04,399998.SZ,中证煤炭指数,2281.4168,-0.00809961955983229
2022-11-03,2022-08-05,399998.SZ,中证煤炭指数,2267.1493,-0.00625378931197484
2022-11-03,2022-08-08,399998.SZ,中证煤炭指数,2340.3813,0.0323013574800741
2022-11-03,2022-08-09,399998.SZ,中证煤炭指数,2419.8248,0.0339446824327301
2022-11-03,2022-08-10,399998.SZ,中证煤炭指数,2384.7618,-0.0144898919954864
2022-11-03,2022-08-11,399998.SZ,中证煤炭指数,2401.6576,0.00708490047098187
2022-11-03,2022-08-12,399998.SZ,中证煤炭指数,2462.1166,0.0251738632517806
2022-11-03,2022-08-15,399998.SZ,中证煤炭指数,2507.9792,0.0186273062778588
2022-11-03,2022-08-16,399998.SZ,中证煤炭指数,2513.2914,0.0021181196399076
2022-11-03,2022-08-17,399998.SZ,中证煤炭指数,2508.8141,-0.00178144882045905
2022-11-03,2022-08-18,399998.SZ,中证煤炭指数,2475.7533,-0.013177859611041
2022-11-03,2022-08-19,399998.SZ,中证煤炭指数,2523.9305,0.0194596125550959
2022-11-03,2022-08-22,399998.SZ,中证煤炭指数,2586.9331,0.0249620978073684
2022-11-03,2022-08-23,399998.SZ,中证煤炭指数,2648.5495,0.0238183198475446
2022-11-03,2022-08-24,399998.SZ,中证煤炭指数,2627.8564,-0.0078129934894553
2022-11-03,2022-08-25,399998.SZ,中证煤炭指数,2766.3975,0.0527201942998103
2022-11-03,2022-08-26,399998.SZ,中证煤炭指数,2701.4553,-0.0234753682361266
2022-11-03,2022-08-29,399998.SZ,中证煤炭指数,2758.515,0.0211218375517817
2022-11-03,2022-08-30,399998.SZ,中证煤炭指数,2616.3381,-0.0515411009184289
2022-11-03,2022-08-31,399998.SZ,中证煤炭指数,2549.8668,-0.0254062347675937
2022-11-03,2022-09-01,399998.SZ,中证煤炭指数,2609.8827,0.023536876514491
2022-11-03,2022-09-02,399998.SZ,中证煤炭指数,2581.4809,-0.0108824047916024
2022-11-03,2022-09-05,399998.SZ,中证煤炭指数,2716.5344,0.0523162886853046
2022-11-03,2022-09-06,399998.SZ,中证煤炭指数,2772.5812,0.0206317284257471
2022-11-03,2022-09-07,399998.SZ,中证煤炭指数,2765.259,-0.00264093257214615
2022-11-03,2022-09-08,399998.SZ,中证煤炭指数,2727.4353,-0.0136781762576308
2022-11-03,2022-09-09,399998.SZ,中证煤炭指数,2748.9598,0.00789184623371275
2022-11-03,2022-09-13,399998.SZ,中证煤炭指数,2709.4371,-0.014377329199212
2022-11-03,2022-09-14,399998.SZ,中证煤炭指数,2675.4741,-0.0125350760126522
2022-11-03,2022-09-15,399998.SZ,中证煤炭指数,2679.3084,0.00143312917886207
2022-11-03,2022-09-16,399998.SZ,中证煤炭指数,2550.0391,-0.0482472641074092
2022-11-03,2022-09-19,399998.SZ,中证煤炭指数,2574.0354,0.00941016943622563
2022-11-03,2022-09-20,399998.SZ,中证煤炭指数,2605.2374,0.0121218224116109
2022-11-03,2022-09-21,399998.SZ,中证煤炭指数,2632.0167,0.0102790248596922
2022-11-03,2022-09-22,399998.SZ,中证煤炭指数,2708.8404,0.029188150667889
2022-11-03,2022-09-23,399998.SZ,中证煤炭指数,2643.5036,-0.0241198410951048
2022-11-03,2022-09-26,399998.SZ,中证煤炭指数,2559.0684,-0.0319406412005643
2022-11-03,2022-09-27,399998.SZ,中证煤炭指数,2548.0683,-0.00429847830562102
2022-11-03,2022-09-28,399998.SZ,中证煤炭指数,2517.6408,-0.0119413989020624
2022-11-03,2022-09-29,399998.SZ,中证煤炭指数,2577.5381,0.0237910427889476
2022-11-03,2022-09-30,399998.SZ,中证煤炭指数,2587.4518,0.00384618950928384
2022-11-03,2022-10-10,399998.SZ,中证煤炭指数,2618.3821,0.0119539618090663
2022-11-03,2022-10-11,399998.SZ,中证煤炭指数,2605.0758,-0.00508187861504239
2022-11-03,2022-10-12,399998.SZ,中证煤炭指数,2622.3189,0.00661903964560273
2022-11-03,2022-10-13,399998.SZ,中证煤炭指数,2503.2129,-0.0454201050833292
2022-11-03,2022-10-14,399998.SZ,中证煤炭指数,2521.8407,0.00744155640936506
2022-11-03,2022-10-17,399998.SZ,中证煤炭指数,2495.3695,-0.010496777215151
2022-11-03,2022-10-18,399998.SZ,中证煤炭指数,2493.3163,-0.000822803997564181
2022-11-03,2022-10-19,399998.SZ,中证煤炭指数,2493.9734,0.00026354458116673
2022-11-03,2022-10-20,399998.SZ,中证煤炭指数,2441.418,-0.0210729593186518
2022-11-03,2022-10-21,399998.SZ,中证煤炭指数,2451.9008,0.00429373421511592
2022-11-03,2022-10-24,399998.SZ,中证煤炭指数,2401.1357,-0.0207043857565526
2022-11-03,2022-10-25,399998.SZ,中证煤炭指数,2376.7496,-0.0101560690634851
2022-11-03,2022-10-26,399998.SZ,中证煤炭指数,2344.1657,-0.013709437460303
2022-11-03,2022-10-27,399998.SZ,中证煤炭指数,2356.3663,0.00520466620597682
2022-11-03,2022-10-28,399998.SZ,中证煤炭指数,2339.7785,-0.00703956765974811
2022-11-03,2022-10-31,399998.SZ,中证煤炭指数,2252.5421,-0.0372840420578272
2022-11-03,2022-11-01,399998.SZ,中证煤炭指数,2267.9625,0.00684577660057939
2022-11-03,2022-11-02,399998.SZ,中证煤炭指数,2300.181,0.0142059227169762
2022-11-03,2022-11-03,399998.SZ,中证煤炭指数,2285.5322,-0.00636854230167105
2022-11-03,2022-08-04,716567.MI,MSCI中国A股国际通指数,1150.08,0.00787843202551941
2022-11-03,2022-08-05,716567.MI,MSCI中国A股国际通指数,1166.27,0.0140772815804118
2022-11-03,2022-08-08,716567.MI,MSCI中国A股国际通指数,1166.12,-0.000128615157725109
2022-11-03,2022-08-09,716567.MI,MSCI中国A股国际通指数,1168.9,0.00238397420505621
2022-11-03,2022-08-10,716567.MI,MSCI中国A股国际通指数,1156.58,-0.0105398237659339
2022-11-03,2022-08-11,716567.MI,MSCI中国A股国际通指数,1179.74,0.0200245551539886
2022-11-03,2022-08-12,716567.MI,MSCI中国A股国际通指数,1179.44,-0.000254293318866838
2022-11-03,2022-08-15,716567.MI,MSCI中国A股国际通指数,1179.33,-9.32646001493564e-05
2022-11-03,2022-08-16,716567.MI,MSCI中国A股国际通指数,1178.72,-0.00051724284127419
2022-11-03,2022-08-17,716567.MI,MSCI中国A股国际通指数,1188.09,0.00794930093660917
2022-11-03,2022-08-18,716567.MI,MSCI中国A股国际通指数,1178.3,-0.00824011648949152
2022-11-03,2022-08-19,716567.MI,MSCI中国A股国际通指数,1170.57,-0.00656029873546637
2022-11-03,2022-08-22,716567.MI,MSCI中国A股国际通指数,1180.7,0.00865390365377561
2022-11-03,2022-08-23,716567.MI,MSCI中国A股国际通指数,1176.06,-0.00392987210976548
2022-11-03,2022-08-24,716567.MI,MSCI中国A股国际通指数,1152.58,-0.019964967773753
2022-11-03,2022-08-25,716567.MI,MSCI中国A股国际通指数,1163.01,0.00904926339169521
2022-11-03,2022-08-26,716567.MI,MSCI中国A股国际通指数,1160.24,-0.00238175080179881
2022-11-03,2022-08-29,716567.MI,MSCI中国A股国际通指数,1155.9,-0.00374060539198784
2022-11-03,2022-08-30,716567.MI,MSCI中国A股国际通指数,1151.18,-0.00408339821783898
2022-11-03,2022-08-31,716567.MI,MSCI中国A股国际通指数,1147.44,-0.00324884032036699
2022-11-03,2022-09-01,716567.MI,MSCI中国A股国际通指数,1137.18,-0.00894164400752984
2022-11-03,2022-09-02,716567.MI,MSCI中国A股国际通指数,1132.41,-0.00419458660898009
2022-11-03,2022-09-05,716567.MI,MSCI中国A股国际通指数,1132.38,-2.64921715632527e-05
2022-11-03,2022-09-06,716567.MI,MSCI中国A股国际通指数,1145.1,0.0112329783288294
2022-11-03,2022-09-07,716567.MI,MSCI中国A股国际通指数,1146.48,0.00120513492271423
2022-11-03,2022-09-08,716567.MI,MSCI中国A股国际通指数,1141.52,-0.00432628567441218
2022-11-03,2022-09-09,716567.MI,MSCI中国A股国际通指数,1155.96,0.0126498002663116
2022-11-03,2022-09-13,716567.MI,MSCI中国A股国际通指数,1159.31,0.00289802415308471
2022-11-03,2022-09-14,716567.MI,MSCI中国A股国际通指数,1147.21,-0.0104372428427253
2022-11-03,2022-09-15,716567.MI,MSCI中国A股国际通指数,1133.01,-0.0123778558415635
2022-11-03,2022-09-16,716567.MI,MSCI中国A股国际通指数,1105.48,-0.0242981085780355
2022-11-03,2022-09-19,716567.MI,MSCI中国A股国际通指数,1103.94,-0.00139306002822304
2022-11-03,2022-09-20,716567.MI,MSCI中国A股国际通指数,1107.77,0.00346939145243397
2022-11-03,2022-09-21,716567.MI,MSCI中国A股国际通指数,1100.72,-0.00636413695983817
2022-11-03,2022-09-22,716567.MI,MSCI中国A股国际通指数,1093.19,-0.00684097681517548
2022-11-03,2022-09-23,716567.MI,MSCI中国A股国际通指数,1087.68,-0.00504029491671165
2022-11-03,2022-09-26,716567.MI,MSCI中国A股国际通指数,1082.44,-0.00481759340982646
2022-11-03,2022-09-27,716567.MI,MSCI中国A股国际通指数,1099.13,0.0154188684823178
2022-11-03,2022-09-28,716567.MI,MSCI中国A股国际通指数,1080.04,-0.0173682821868206
2022-11-03,2022-09-29,716567.MI,MSCI中国A股国际通指数,1080.25,0.000194437243065115
2022-11-03,2022-09-30,716567.MI,MSCI中国A股国际通指数,1073.64,-0.00611895394584583
2022-11-03,2022-10-10,716567.MI,MSCI中国A股国际通指数,1050.35,-0.0216925598897211
2022-11-03,2022-10-11,716567.MI,MSCI中国A股国际通指数,1053.69,0.0031798924168136
2022-11-03,2022-10-12,716567.MI,MSCI中国A股国际通指数,1069.37,0.0148810371171786
2022-11-03,2022-10-13,716567.MI,MSCI中国A股国际通指数,1061.97,-0.00691996222074664
2022-11-03,2022-10-14,716567.MI,MSCI中国A股国际通指数,1087.4,0.0239460625064738
2022-11-03,2022-10-17,716567.MI,MSCI中国A股国际通指数,1087.98,0.0005333823799889
2022-11-03,2022-10-18,716567.MI,MSCI中国A股国际通指数,1087.43,-0.000505523998602819
2022-11-03,2022-10-19,716567.MI,MSCI中国A股国际通指数,1071.51,-0.0146400228060657
2022-11-03,2022-10-20,716567.MI,MSCI中国A股国际通指数,1065.98,-0.00516094110180954
2022-11-03,2022-10-21,716567.MI,MSCI中国A股国际通指数,1063.31,-0.00250473742471724
2022-11-03,2022-10-24,716567.MI,MSCI中国A股国际通指数,1034.7,-0.0269065465386387
2022-11-03,2022-10-25,716567.MI,MSCI中国A股国际通指数,1032.84,-0.00179762249927529
2022-11-03,2022-10-26,716567.MI,MSCI中国A股国际通指数,1041.8,0.00867510940707183
2022-11-03,2022-10-27,716567.MI,MSCI中国A股国际通指数,1032.22,-0.009195622960261
2022-11-03,2022-10-28,716567.MI,MSCI中国A股国际通指数,1006.88,-0.0245490302454904
2022-11-03,2022-10-31,716567.MI,MSCI中国A股国际通指数,998.64,-0.00818369617034798
2022-11-03,2022-11-01,716567.MI,MSCI中国A股国际通指数,1032.75,0.0341564527757752
2022-11-03,2022-11-02,716567.MI,MSCI中国A股国际通指数,1045.91,0.0127426773178407
2022-11-03,2022-11-03,716567.MI,MSCI中国A股国际通指数,1039.13,-0.00648239332256118
2022-11-03,2022-08-04,930598.CSI,中证稀土产业指数,2139.2639,0.000557043681719049
2022-11-03,2022-08-05,930598.CSI,中证稀土产业指数,2183.7401,0.0207904223504169
2022-11-03,2022-08-08,930598.CSI,中证稀土产业指数,2212.771,0.0132941186545048
2022-11-03,2022-08-09,930598.CSI,中证稀土产业指数,2234.3561,0.00975478257804352
2022-11-03,2022-08-10,930598.CSI,中证稀土产业指数,2232.8858,-0.000658041929842756
2022-11-03,2022-08-11,930598.CSI,中证稀土产业指数,2248.4727,0.00698060778567355
2022-11-03,2022-08-12,930598.CSI,中证稀土产业指数,2228.3801,-0.00893611027609986
2022-11-03,2022-08-15,930598.CSI,中证稀土产业指数,2278.2275,0.0223693435424235
2022-11-03,2022-08-16,930598.CSI,中证稀土产业指数,2252.1697,-0.0114377514976006
2022-11-03,2022-08-17,930598.CSI,中证稀土产业指数,2234.5691,-0.00781495284302947
2022-11-03,2022-08-18,930598.CSI,中证稀土产业指数,2250.7333,0.00723369888181113
2022-11-03,2022-08-19,930598.CSI,中证稀土产业指数,2179.0375,-0.0318544182911409
2022-11-03,2022-08-22,930598.CSI,中证稀土产业指数,2209.7981,0.0141165996454857
2022-11-03,2022-08-23,930598.CSI,中证稀土产业指数,2208.7467,-0.000475790073310223
2022-11-03,2022-08-24,930598.CSI,中证稀土产业指数,2110.7428,-0.044370818980737
2022-11-03,2022-08-25,930598.CSI,中证稀土产业指数,2093.7153,-0.00806706530042411
2022-11-03,2022-08-26,930598.CSI,中证稀土产业指数,2119.7232,0.0124218894517321
2022-11-03,2022-08-29,930598.CSI,中证稀土产业指数,2114.6525,-0.00239215195644404
2022-11-03,2022-08-30,930598.CSI,中证稀土产业指数,2089.0937,-0.0120865248545566
2022-11-03,2022-08-31,930598.CSI,中证稀土产业指数,2004.2134,-0.0406302024653082
2022-11-03,2022-09-01,930598.CSI,中证稀土产业指数,1987.7892,-0.00819483593912707
2022-11-03,2022-09-02,930598.CSI,中证稀土产业指数,1997.2294,0.00474909512537858
2022-11-03,2022-09-05,930598.CSI,中证稀土产业指数,1996.7227,-0.000253701452622268
2022-11-03,2022-09-06,930598.CSI,中证稀土产业指数,2053.9304,0.028650798631177
2022-11-03,2022-09-07,930598.CSI,中证稀土产业指数,2079.5451,0.012471065231811
2022-11-03,2022-09-08,930598.CSI,中证稀土产业指数,2050.3389,-0.0140445138698841
2022-11-03,2022-09-09,930598.CSI,中证稀土产业指数,2056.485,0.00299760200618548
2022-11-03,2022-09-13,930598.CSI,中证稀土产业指数,2063.9037,0.00360746613760843
2022-11-03,2022-09-14,930598.CSI,中证稀土产业指数,2028.3043,-0.0172485760842426
2022-11-03,2022-09-15,930598.CSI,中证稀土产业指数,1946.8324,-0.0401674936053728
2022-11-03,2022-09-16,930598.CSI,中证稀土产业指数,1885.8331,-0.0313325892870902
2022-11-03,2022-09-19,930598.CSI,中证稀土产业指数,1864.042,-0.0115551583011244
2022-11-03,2022-09-20,930598.CSI,中证稀土产业指数,1917.0707,0.0284482323896136
2022-11-03,2022-09-21,930598.CSI,中证稀土产业指数,1945.8595,0.0150170778782441
2022-11-03,2022-09-22,930598.CSI,中证稀土产业指数,1942.0633,-0.00195091166654116
2022-11-03,2022-09-23,930598.CSI,中证稀土产业指数,1909.8865,-0.0165683579932745
2022-11-03,2022-09-26,930598.CSI,中证稀土产业指数,1889.0032,-0.0109343146830977
2022-11-03,2022-09-27,930598.CSI,中证稀土产业指数,1903.7362,0.00779935153100841
2022-11-03,2022-09-28,930598.CSI,中证稀土产业指数,1815.6902,-0.0462490548848102
2022-11-03,2022-09-29,930598.CSI,中证稀土产业指数,1825.1982,0.00523657615159245
2022-11-03,2022-09-30,930598.CSI,中证稀土产业指数,1787.7363,-0.0205248394393551
2022-11-03,2022-10-10,930598.CSI,中证稀土产业指数,1746.4736,-0.0230809767637431
2022-11-03,2022-10-11,930598.CSI,中证稀土产业指数,1777.2181,0.0176037587971556
2022-11-03,2022-10-12,930598.CSI,中证稀土产业指数,1826.9296,0.0279715247104448
2022-11-03,2022-10-13,930598.CSI,中证稀土产业指数,1847.3257,0.0111641411907717
2022-11-03,2022-10-14,930598.CSI,中证稀土产业指数,1888.742,0.0224195982332731
2022-11-03,2022-10-17,930598.CSI,中证稀土产业指数,1890.2251,0.000785231651543761
2022-11-03,2022-10-18,930598.CSI,中证稀土产业指数,1887.9872,-0.00118393306701936
2022-11-03,2022-10-19,930598.CSI,中证稀土产业指数,1862.1233,-0.0136991924521522
2022-11-03,2022-10-20,930598.CSI,中证稀土产业指数,1840.9646,-0.0113626739969367
2022-11-03,2022-10-21,930598.CSI,中证稀土产业指数,1831.9512,-0.00489602027111224
2022-11-03,2022-10-24,930598.CSI,中证稀土产业指数,1822.8745,-0.00495466254777965
2022-11-03,2022-10-25,930598.CSI,中证稀土产业指数,1823.7682,0.000490269626351125
2022-11-03,2022-10-26,930598.CSI,中证稀土产业指数,1845.0195,0.0116524128450097
2022-11-03,2022-10-27,930598.CSI,中证稀土产业指数,1834.5147,-0.00569359836034267
2022-11-03,2022-10-28,930598.CSI,中证稀土产业指数,1749.4761,-0.0463548207054432
2022-11-03,2022-10-31,930598.CSI,中证稀土产业指数,1746.5138,-0.00169324976774488
2022-11-03,2022-11-01,930598.CSI,中证稀土产业指数,1831.2417,0.0485125854716981
2022-11-03,2022-11-02,930598.CSI,中证稀土产业指数,1865.5485,0.0187341736484048
2022-11-03,2022-11-03,930598.CSI,中证稀土产业指数,1869.7257,0.00223912699133777
2022-11-03,2022-08-04,930601.CSI,中证软件服务指数,5737.8481,0.00348865824050826
2022-11-03,2022-08-05,930601.CSI,中证软件服务指数,6022.8739,0.0496746855323686
2022-11-03,2022-08-08,930601.CSI,中证软件服务指数,6066.7979,0.00729286395984485
2022-11-03,2022-08-09,930601.CSI,中证软件服务指数,6001.8252,-0.0107095540466248
2022-11-03,2022-08-10,930601.CSI,中证软件服务指数,5897.8113,-0.0173303780989823
2022-11-03,2022-08-11,930601.CSI,中证软件服务指数,5983.3052,0.0144958690014378
2022-11-03,2022-08-12,930601.CSI,中证软件服务指数,5931.1227,-0.00872135019955189
2022-11-03,2022-08-15,930601.CSI,中证软件服务指数,5863.1336,-0.0114631079879699
2022-11-03,2022-08-16,930601.CSI,中证软件服务指数,5802.245,-0.0103849927622321
2022-11-03,2022-08-17,930601.CSI,中证软件服务指数,5843.1848,0.00705585510436046
2022-11-03,2022-08-18,930601.CSI,中证软件服务指数,5806.639,-0.00625443165857087
2022-11-03,2022-08-19,930601.CSI,中证软件服务指数,5696.3109,-0.0190003373724456
2022-11-03,2022-08-22,930601.CSI,中证软件服务指数,5757.0538,0.0106635506850581
2022-11-03,2022-08-23,930601.CSI,中证软件服务指数,5795.9085,0.00674905973607531
2022-11-03,2022-08-24,930601.CSI,中证软件服务指数,5566.375,-0.0396026783376583
2022-11-03,2022-08-25,930601.CSI,中证软件服务指数,5540.8365,-0.00458799487997119
2022-11-03,2022-08-26,930601.CSI,中证软件服务指数,5538.0429,-0.000504183799684421
2022-11-03,2022-08-29,930601.CSI,中证软件服务指数,5520.1556,-0.00322989552861719
2022-11-03,2022-08-30,930601.CSI,中证软件服务指数,5570.758,0.00916684305058357
2022-11-03,2022-08-31,930601.CSI,中证软件服务指数,5551.8226,-0.00339907064711831
2022-11-03,2022-09-01,930601.CSI,中证软件服务指数,5592.261,0.0072838062224827
2022-11-03,2022-09-02,930601.CSI,中证软件服务指数,5625.1119,0.00587435028515282
2022-11-03,2022-09-05,930601.CSI,中证软件服务指数,5585.6716,-0.00701146940739084
2022-11-03,2022-09-06,930601.CSI,中证软件服务指数,5612.6284,0.0048260624559453
2022-11-03,2022-09-07,930601.CSI,中证软件服务指数,5645.1775,0.00579926153671595
2022-11-03,2022-09-08,930601.CSI,中证软件服务指数,5575.1403,-0.0124065540897518
2022-11-03,2022-09-09,930601.CSI,中证软件服务指数,5655.8044,0.0144685327470593
2022-11-03,2022-09-13,930601.CSI,中证软件服务指数,5704.7395,0.00865219101282921
2022-11-03,2022-09-14,930601.CSI,中证软件服务指数,5710.5864,0.00102491971806962
2022-11-03,2022-09-15,930601.CSI,中证软件服务指数,5636.6079,-0.012954624064527
2022-11-03,2022-09-16,930601.CSI,中证软件服务指数,5642.6752,0.00107640980313706
2022-11-03,2022-09-19,930601.CSI,中证软件服务指数,5512.9648,-0.0229873943479858
2022-11-03,2022-09-20,930601.CSI,中证软件服务指数,5467.781,-0.0081959166508736
2022-11-03,2022-09-21,930601.CSI,中证软件服务指数,5451.8975,-0.00290492614828575
2022-11-03,2022-09-22,930601.CSI,中证软件服务指数,5461.1908,0.00170459917854293
2022-11-03,2022-09-23,930601.CSI,中证软件服务指数,5379.4896,-0.0149603269675178
2022-11-03,2022-09-26,930601.CSI,中证软件服务指数,5275.6947,-0.0192945628150298
2022-11-03,2022-09-27,930601.CSI,中证软件服务指数,5417.015,0.0267870504333771
2022-11-03,2022-09-28,930601.CSI,中证软件服务指数,5288.9742,-0.0236367815115891
2022-11-03,2022-09-29,930601.CSI,中证软件服务指数,5287.456,-0.00028704999165996
2022-11-03,2022-09-30,930601.CSI,中证软件服务指数,5219.4447,-0.0128627642480619
2022-11-03,2022-10-10,930601.CSI,中证软件服务指数,5096.3732,-0.0235794240716833
2022-11-03,2022-10-11,930601.CSI,中证软件服务指数,5074.7389,-0.00424503841280688
2022-11-03,2022-10-12,930601.CSI,中证软件服务指数,5304.9868,0.0453713786141785
2022-11-03,2022-10-13,930601.CSI,中证软件服务指数,5444.7251,0.0263409326485036
2022-11-03,2022-10-14,930601.CSI,中证软件服务指数,5568.6438,0.0227594043269512
2022-11-03,2022-10-17,930601.CSI,中证软件服务指数,5721.8415,0.0275107738081579
2022-11-03,2022-10-18,930601.CSI,中证软件服务指数,5650.0441,-0.012547953311884
2022-11-03,2022-10-19,930601.CSI,中证软件服务指数,5624.0704,-0.00459707916262109
2022-11-03,2022-10-20,930601.CSI,中证软件服务指数,5683.1942,0.0105126351192191
2022-11-03,2022-10-21,930601.CSI,中证软件服务指数,5778.7606,0.016815614008052
2022-11-03,2022-10-24,930601.CSI,中证软件服务指数,5808.5479,0.00515461741052214
2022-11-03,2022-10-25,930601.CSI,中证软件服务指数,5663.0004,-0.0250574674610154
2022-11-03,2022-10-26,930601.CSI,中证软件服务指数,5994.206,0.0584858867394749
2022-11-03,2022-10-27,930601.CSI,中证软件服务指数,6117.0298,0.020490420249154
2022-11-03,2022-10-28,930601.CSI,中证软件服务指数,6005.7412,-0.0181932414323043
2022-11-03,2022-10-31,930601.CSI,中证软件服务指数,6258.7385,0.0421259077896996
2022-11-03,2022-11-01,930601.CSI,中证软件服务指数,6329.6476,0.0113296153849534
2022-11-03,2022-11-02,930601.CSI,中证软件服务指数,6361.1288,0.00497361022120724
2022-11-03,2022-11-03,930601.CSI,中证软件服务指数,6192.3636,-0.0265307000229269
2022-11-03,2022-08-04,930606.CSI,中证钢铁指数,1067.5788,0.00369539477432479
2022-11-03,2022-08-05,930606.CSI,中证钢铁指数,1085.5199,0.0168054105233262
2022-11-03,2022-08-08,930606.CSI,中证钢铁指数,1100.7254,0.0140075736980962
2022-11-03,2022-08-09,930606.CSI,中证钢铁指数,1105.3253,0.00417897143102164
2022-11-03,2022-08-10,930606.CSI,中证钢铁指数,1101.9355,-0.0030667894781744
2022-11-03,2022-08-11,930606.CSI,中证钢铁指数,1108.7437,0.00617840154891103
2022-11-03,2022-08-12,930606.CSI,中证钢铁指数,1106.9928,-0.00157917470015834
2022-11-03,2022-08-15,930606.CSI,中证钢铁指数,1115.071,0.00729742777008124
2022-11-03,2022-08-16,930606.CSI,中证钢铁指数,1119.2281,0.00372810341224916
2022-11-03,2022-08-17,930606.CSI,中证钢铁指数,1111.2727,-0.00710793447734204
2022-11-03,2022-08-18,930606.CSI,中证钢铁指数,1099.2023,-0.0108617803712807
2022-11-03,2022-08-19,930606.CSI,中证钢铁指数,1095.1334,-0.00370168439421936
2022-11-03,2022-08-22,930606.CSI,中证钢铁指数,1115.5726,0.018663662344697
2022-11-03,2022-08-23,930606.CSI,中证钢铁指数,1106.0548,-0.00853176207447193
2022-11-03,2022-08-24,930606.CSI,中证钢铁指数,1081.3702,-0.0223177007142863
2022-11-03,2022-08-25,930606.CSI,中证钢铁指数,1081.179,-0.000176812714091756
2022-11-03,2022-08-26,930606.CSI,中证钢铁指数,1074.012,-0.0066288745896842
2022-11-03,2022-08-29,930606.CSI,中证钢铁指数,1083.3744,0.00871722103663641
2022-11-03,2022-08-30,930606.CSI,中证钢铁指数,1079.4447,-0.00362727788288142
2022-11-03,2022-08-31,930606.CSI,中证钢铁指数,1060.0549,-0.0179627543680561
2022-11-03,2022-09-01,930606.CSI,中证钢铁指数,1055.344,-0.00444401511657555
2022-11-03,2022-09-02,930606.CSI,中证钢铁指数,1051.2075,-0.0039195750390395
2022-11-03,2022-09-05,930606.CSI,中证钢铁指数,1066.3648,0.0144189420261938
2022-11-03,2022-09-06,930606.CSI,中证钢铁指数,1081.6636,0.0143466851118867
2022-11-03,2022-09-07,930606.CSI,中证钢铁指数,1083.3378,0.00154780099838803
2022-11-03,2022-09-08,930606.CSI,中证钢铁指数,1091.1221,0.00718547806602898
2022-11-03,2022-09-09,930606.CSI,中证钢铁指数,1091.7975,0.000618995802577738
2022-11-03,2022-09-13,930606.CSI,中证钢铁指数,1086.6789,-0.00468823202104762
2022-11-03,2022-09-14,930606.CSI,中证钢铁指数,1076.5048,-0.00936256331102059
2022-11-03,2022-09-15,930606.CSI,中证钢铁指数,1062.9485,-0.0125928839332625
2022-11-03,2022-09-16,930606.CSI,中证钢铁指数,1034.2058,-0.0270405386526252
2022-11-03,2022-09-19,930606.CSI,中证钢铁指数,1019.6697,-0.0140553263189975
2022-11-03,2022-09-20,930606.CSI,中证钢铁指数,1027.0763,0.00726372471399306
2022-11-03,2022-09-21,930606.CSI,中证钢铁指数,1039.8624,0.0124490264257875
2022-11-03,2022-09-22,930606.CSI,中证钢铁指数,1035.8421,-0.00386618460288579
2022-11-03,2022-09-23,930606.CSI,中证钢铁指数,1026.9601,-0.00857466596501544
2022-11-03,2022-09-26,930606.CSI,中证钢铁指数,995.85,-0.0302933872503908
2022-11-03,2022-09-27,930606.CSI,中证钢铁指数,1003.3807,0.00756208264296832
2022-11-03,2022-09-28,930606.CSI,中证钢铁指数,971.0637,-0.0322081140289024
2022-11-03,2022-09-29,930606.CSI,中证钢铁指数,969.5319,-0.00157744543432126
2022-11-03,2022-09-30,930606.CSI,中证钢铁指数,966.9517,-0.00266128427543233
2022-11-03,2022-10-10,930606.CSI,中证钢铁指数,959.8299,-0.00736520758999648
2022-11-03,2022-10-11,930606.CSI,中证钢铁指数,964.0564,0.00440338439133869
2022-11-03,2022-10-12,930606.CSI,中证钢铁指数,977.2134,0.013647541782825
2022-11-03,2022-10-13,930606.CSI,中证钢铁指数,968.9392,-0.00846713727011927
2022-11-03,2022-10-14,930606.CSI,中证钢铁指数,987.5308,0.0191875816356692
2022-11-03,2022-10-17,930606.CSI,中证钢铁指数,999.3464,0.0119647913766336
2022-11-03,2022-10-18,930606.CSI,中证钢铁指数,995.7229,-0.00362586986854607
2022-11-03,2022-10-19,930606.CSI,中证钢铁指数,985.3636,-0.0104037980847884
2022-11-03,2022-10-20,930606.CSI,中证钢铁指数,979.0338,-0.00642382162279997
2022-11-03,2022-10-21,930606.CSI,中证钢铁指数,982.2369,0.00327169501195979
2022-11-03,2022-10-24,930606.CSI,中证钢铁指数,980.8253,-0.00143712784563477
2022-11-03,2022-10-25,930606.CSI,中证钢铁指数,985.1906,0.00445063968068538
2022-11-03,2022-10-26,930606.CSI,中证钢铁指数,987.061,0.00189851588108936
2022-11-03,2022-10-27,930606.CSI,中证钢铁指数,982.6371,-0.00448189119010878
2022-11-03,2022-10-28,930606.CSI,中证钢铁指数,941.3961,-0.0419697159816173
2022-11-03,2022-10-31,930606.CSI,中证钢铁指数,942.3954,0.00106150854034759
2022-11-03,2022-11-01,930606.CSI,中证钢铁指数,962.2605,0.0210793685962389
2022-11-03,2022-11-02,930606.CSI,中证钢铁指数,967.2931,0.00522997670589209
2022-11-03,2022-11-03,930606.CSI,中证钢铁指数,973.6544,0.00657639344269079
2022-11-03,2022-08-04,930608.CSI,中证基建指数,7587.0972,0.00887677856301416
2022-11-03,2022-08-05,930608.CSI,中证基建指数,7653.9618,0.00881293572988628
2022-11-03,2022-08-08,930608.CSI,中证基建指数,7664.043,0.00131712180742793
2022-11-03,2022-08-09,930608.CSI,中证基建指数,7649.7976,-0.00185873174250195
2022-11-03,2022-08-10,930608.CSI,中证基建指数,7654.7448,0.000646709920795852
2022-11-03,2022-08-11,930608.CSI,中证基建指数,7775.8799,0.0158248384714275
2022-11-03,2022-08-12,930608.CSI,中证基建指数,7771.3271,-0.000585502870228183
2022-11-03,2022-08-15,930608.CSI,中证基建指数,7797.0051,0.00330419755462352
2022-11-03,2022-08-16,930608.CSI,中证基建指数,7838.6681,0.00534346194027746
2022-11-03,2022-08-17,930608.CSI,中证基建指数,7878.308,0.00505696879805395
2022-11-03,2022-08-18,930608.CSI,中证基建指数,7798.7934,-0.0100928524246577
2022-11-03,2022-08-19,930608.CSI,中证基建指数,7791.2248,-0.000970483459659222
2022-11-03,2022-08-22,930608.CSI,中证基建指数,7851.2936,0.0077098019299866
2022-11-03,2022-08-23,930608.CSI,中证基建指数,7808.5486,-0.00544432576053455
2022-11-03,2022-08-24,930608.CSI,中证基建指数,7616.2805,-0.0246227704851578
2022-11-03,2022-08-25,930608.CSI,中证基建指数,7672.4431,0.00737401937861937
2022-11-03,2022-08-26,930608.CSI,中证基建指数,7621.1532,-0.00668495019532966
2022-11-03,2022-08-29,930608.CSI,中证基建指数,7711.7783,0.0118912581366295
2022-11-03,2022-08-30,930608.CSI,中证基建指数,7690.7001,-0.00273324766091887
2022-11-03,2022-08-31,930608.CSI,中证基建指数,7635.6085,-0.00716340505853297
2022-11-03,2022-09-01,930608.CSI,中证基建指数,7628.9378,-0.000873630438229078
2022-11-03,2022-09-02,930608.CSI,中证基建指数,7619.6752,-0.00121414019131205
2022-11-03,2022-09-05,930608.CSI,中证基建指数,7698.5248,0.0103481576222568
2022-11-03,2022-09-06,930608.CSI,中证基建指数,7806.804,0.0140649283873191
2022-11-03,2022-09-07,930608.CSI,中证基建指数,7871.8211,0.00832826083503568
2022-11-03,2022-09-08,930608.CSI,中证基建指数,7848.2156,-0.00299873430812592
2022-11-03,2022-09-09,930608.CSI,中证基建指数,7934.9453,0.0110508814258365
2022-11-03,2022-09-13,930608.CSI,中证基建指数,7894.8279,-0.00505578784519156
2022-11-03,2022-09-14,930608.CSI,中证基建指数,7788.6979,-0.0134429782820218
2022-11-03,2022-09-15,930608.CSI,中证基建指数,7714.3827,-0.00954141513178985
2022-11-03,2022-09-16,930608.CSI,中证基建指数,7434.693,-0.0362556164085559
2022-11-03,2022-09-19,930608.CSI,中证基建指数,7372.198,-0.00840586154667045
2022-11-03,2022-09-20,930608.CSI,中证基建指数,7362.2721,-0.00134639628506994
2022-11-03,2022-09-21,930608.CSI,中证基建指数,7421.9154,0.00810120832127348
2022-11-03,2022-09-22,930608.CSI,中证基建指数,7345.8568,-0.0102478397961798
2022-11-03,2022-09-23,930608.CSI,中证基建指数,7307.7971,-0.00518111107202635
2022-11-03,2022-09-26,930608.CSI,中证基建指数,7120.7559,-0.0255947445503105
2022-11-03,2022-09-27,930608.CSI,中证基建指数,7207.9899,0.0122506656912644
2022-11-03,2022-09-28,930608.CSI,中证基建指数,7013.8178,-0.0269384533960015
2022-11-03,2022-09-29,930608.CSI,中证基建指数,6957.3986,-0.00804400707414998
2022-11-03,2022-09-30,930608.CSI,中证基建指数,6949.3894,-0.00115117739552828
2022-11-03,2022-10-10,930608.CSI,中证基建指数,6912.1272,-0.00536193870500334
2022-11-03,2022-10-11,930608.CSI,中证基建指数,6944.9217,0.00474448734103161
2022-11-03,2022-10-12,930608.CSI,中证基建指数,7112.7365,0.0241636705565738
2022-11-03,2022-10-13,930608.CSI,中证基建指数,7091.2161,-0.00302561468430618
2022-11-03,2022-10-14,930608.CSI,中证基建指数,7182.6605,0.0128954468049565
2022-11-03,2022-10-17,930608.CSI,中证基建指数,7244.9515,0.00867241323740697
2022-11-03,2022-10-18,930608.CSI,中证基建指数,7217.1983,-0.00383069507090561
2022-11-03,2022-10-19,930608.CSI,中证基建指数,7171.312,-0.00635791038192757
2022-11-03,2022-10-20,930608.CSI,中证基建指数,7130.4021,-0.00570466045822571
2022-11-03,2022-10-21,930608.CSI,中证基建指数,7254.5741,0.0174144456734073
2022-11-03,2022-10-24,930608.CSI,中证基建指数,7136.2289,-0.0163131837057119
2022-11-03,2022-10-25,930608.CSI,中证基建指数,7206.4432,0.00983913226213917
2022-11-03,2022-10-26,930608.CSI,中证基建指数,7270.4187,0.00887754169768518
2022-11-03,2022-10-27,930608.CSI,中证基建指数,7276.3579,0.000816899307325869
2022-11-03,2022-10-28,930608.CSI,中证基建指数,7108.7362,-0.0230364836781873
2022-11-03,2022-10-31,930608.CSI,中证基建指数,6916.1817,-0.0270870228663148
2022-11-03,2022-11-01,930608.CSI,中证基建指数,7118.2812,0.0292212536868428
2022-11-03,2022-11-02,930608.CSI,中证基建指数,7144.6433,0.00370343616096536
2022-11-03,2022-11-03,930608.CSI,中证基建指数,7120.3251,-0.00340369686475461
2022-11-03,2022-08-04,930614.CSI,中证环保产业50指数,3381.6887,-9.95557277599923e-05
2022-11-03,2022-08-05,930614.CSI,中证环保产业50指数,3401.6962,0.00591642276239068
2022-11-03,2022-08-08,930614.CSI,中证环保产业50指数,3418.2582,0.00486874753836042
2022-11-03,2022-08-09,930614.CSI,中证环保产业50指数,3487.0503,0.0201248986984073
2022-11-03,2022-08-10,930614.CSI,中证环保产业50指数,3448.1254,-0.0111627010370341
2022-11-03,2022-08-11,930614.CSI,中证环保产业50指数,3489.9891,0.0121410027605144
2022-11-03,2022-08-12,930614.CSI,中证环保产业50指数,3439.4024,-0.014494801717289
2022-11-03,2022-08-15,930614.CSI,中证环保产业50指数,3552.3944,0.0328522187459077
2022-11-03,2022-08-16,930614.CSI,中证环保产业50指数,3584.3373,0.0089919351297254
2022-11-03,2022-08-17,930614.CSI,中证环保产业50指数,3593.7633,0.00262977482615812
2022-11-03,2022-08-18,930614.CSI,中证环保产业50指数,3611.1389,0.00483493167176596
2022-11-03,2022-08-19,930614.CSI,中证环保产业50指数,3519.836,-0.0252836854323162
2022-11-03,2022-08-22,930614.CSI,中证环保产业50指数,3567.5006,0.0135417104660558
2022-11-03,2022-08-23,930614.CSI,中证环保产业50指数,3589.5446,0.00617911598949705
2022-11-03,2022-08-24,930614.CSI,中证环保产业50指数,3466.7869,-0.0341986835878847
2022-11-03,2022-08-25,930614.CSI,中证环保产业50指数,3412.9825,-0.0155199617259428
2022-11-03,2022-08-26,930614.CSI,中证环保产业50指数,3371.5806,-0.0121307097238267
2022-11-03,2022-08-29,930614.CSI,中证环保产业50指数,3379.8659,0.00245739342550499
2022-11-03,2022-08-30,930614.CSI,中证环保产业50指数,3341.7156,-0.0112875188332175
2022-11-03,2022-08-31,930614.CSI,中证环保产业50指数,3207.0636,-0.0402942727980802
2022-11-03,2022-09-01,930614.CSI,中证环保产业50指数,3192.3657,-0.00458297740026115
2022-11-03,2022-09-02,930614.CSI,中证环保产业50指数,3162.536,-0.00934407358154477
2022-11-03,2022-09-05,930614.CSI,中证环保产业50指数,3194.1458,0.00999507989790471
2022-11-03,2022-09-06,930614.CSI,中证环保产业50指数,3278.4889,0.0264055260094891
2022-11-03,2022-09-07,930614.CSI,中证环保产业50指数,3320.854,0.0129221422710932
2022-11-03,2022-09-08,930614.CSI,中证环保产业50指数,3285.9943,-0.0104972094527492
2022-11-03,2022-09-09,930614.CSI,中证环保产业50指数,3277.964,-0.00244379608327372
2022-11-03,2022-09-13,930614.CSI,中证环保产业50指数,3268.2172,-0.00297343106879755
2022-11-03,2022-09-14,930614.CSI,中证环保产业50指数,3202.5018,-0.0201074151375251
2022-11-03,2022-09-15,930614.CSI,中证环保产业50指数,3039.8639,-0.0507846396838872
2022-11-03,2022-09-16,930614.CSI,中证环保产业50指数,2992.5342,-0.0155696773135139
2022-11-03,2022-09-19,930614.CSI,中证环保产业50指数,2989.6479,-0.000964500255335454
2022-11-03,2022-09-20,930614.CSI,中证环保产业50指数,3052.5713,0.0210470938734959
2022-11-03,2022-09-21,930614.CSI,中证环保产业50指数,3036.7388,-0.00518661103837281
2022-11-03,2022-09-22,930614.CSI,中证环保产业50指数,3037.8479,0.000365227328738449
2022-11-03,2022-09-23,930614.CSI,中证环保产业50指数,3016.7721,-0.0069377403654739
2022-11-03,2022-09-26,930614.CSI,中证环保产业50指数,3053.4113,0.0121451666832904
2022-11-03,2022-09-27,930614.CSI,中证环保产业50指数,3067.8036,0.004713515011882
2022-11-03,2022-09-28,930614.CSI,中证环保产业50指数,2964.7843,-0.0335808002833038
2022-11-03,2022-09-29,930614.CSI,中证环保产业50指数,2998.4987,0.0113716198510632
2022-11-03,2022-09-30,930614.CSI,中证环保产业50指数,2917.7113,-0.0269426163166254
2022-11-03,2022-10-10,930614.CSI,中证环保产业50指数,2867.9494,-0.0170551143973703
2022-11-03,2022-10-11,930614.CSI,中证环保产业50指数,2931.0913,0.0220163926183634
2022-11-03,2022-10-12,930614.CSI,中证环保产业50指数,3039.6565,0.0370391737712161
2022-11-03,2022-10-13,930614.CSI,中证环保产业50指数,3022.2902,-0.00571324424322295
2022-11-03,2022-10-14,930614.CSI,中证环保产业50指数,3103.067,0.0267270164857101
2022-11-03,2022-10-17,930614.CSI,中证环保产业50指数,3065.3824,-0.0121443075512067
2022-11-03,2022-10-18,930614.CSI,中证环保产业50指数,3072.7508,0.00240374577736202
2022-11-03,2022-10-19,930614.CSI,中证环保产业50指数,3055.2545,-0.00569401853218943
2022-11-03,2022-10-20,930614.CSI,中证环保产业50指数,2974.6485,-0.026382744874445
2022-11-03,2022-10-21,930614.CSI,中证环保产业50指数,2980.8967,0.00210048346888714
2022-11-03,2022-10-24,930614.CSI,中证环保产业50指数,2922.2453,-0.0196757572981311
2022-11-03,2022-10-25,930614.CSI,中证环保产业50指数,2970.2662,0.0164328778285656
2022-11-03,2022-10-26,930614.CSI,中证环保产业50指数,3016.3554,0.0155168583879788
2022-11-03,2022-10-27,930614.CSI,中证环保产业50指数,2977.2957,-0.0129493029899592
2022-11-03,2022-10-28,930614.CSI,中证环保产业50指数,2866.7271,-0.0371372584859475
2022-11-03,2022-10-31,930614.CSI,中证环保产业50指数,2839.5005,-0.00949745094327259
2022-11-03,2022-11-01,930614.CSI,中证环保产业50指数,2936.6521,0.0342143274847106
2022-11-03,2022-11-02,930614.CSI,中证环保产业50指数,2988.1273,0.017528531895215
2022-11-03,2022-11-03,930614.CSI,中证环保产业50指数,2988.4716,0.000115222668056969
2022-11-03,2022-08-04,930632.CSI,中证稀有金属主题指数,2628.1829,0.0125739993484995
2022-11-03,2022-08-05,930632.CSI,中证稀有金属主题指数,2685.5293,0.0218197903958663
2022-11-03,2022-08-08,930632.CSI,中证稀有金属主题指数,2719.2355,0.0125510453376918
2022-11-03,2022-08-09,930632.CSI,中证稀有金属主题指数,2740.5121,0.00782447860804991
2022-11-03,2022-08-10,930632.CSI,中证稀有金属主题指数,2711.012,-0.0107644480022546
2022-11-03,2022-08-11,930632.CSI,中证稀有金属主题指数,2715.2147,0.00155023290195677
2022-11-03,2022-08-12,930632.CSI,中证稀有金属主题指数,2688.9833,-0.00966089348293531
2022-11-03,2022-08-15,930632.CSI,中证稀有金属主题指数,2754.254,0.0242733749964159
2022-11-03,2022-08-16,930632.CSI,中证稀有金属主题指数,2716.1082,-0.0138497756561304
2022-11-03,2022-08-17,930632.CSI,中证稀有金属主题指数,2682.0392,-0.0125433147324543
2022-11-03,2022-08-18,930632.CSI,中证稀有金属主题指数,2670.2024,-0.00441335831333112
2022-11-03,2022-08-19,930632.CSI,中证稀有金属主题指数,2602.5185,-0.0253478537806722
2022-11-03,2022-08-22,930632.CSI,中证稀有金属主题指数,2729.6291,0.0488413819152487
2022-11-03,2022-08-23,930632.CSI,中证稀有金属主题指数,2712.6348,-0.00622586416594118
2022-11-03,2022-08-24,930632.CSI,中证稀有金属主题指数,2621.8193,-0.0334787049108121
2022-11-03,2022-08-25,930632.CSI,中证稀有金属主题指数,2565.2876,-0.0215620123019157
2022-11-03,2022-08-26,930632.CSI,中证稀有金属主题指数,2608.2632,0.0167527414859838
2022-11-03,2022-08-29,930632.CSI,中证稀有金属主题指数,2583.5094,-0.00949052994345045
2022-11-03,2022-08-30,930632.CSI,中证稀有金属主题指数,2578.8903,-0.00178791685449253
2022-11-03,2022-08-31,930632.CSI,中证稀有金属主题指数,2498.0371,-0.0313519345898505
2022-11-03,2022-09-01,930632.CSI,中证稀有金属主题指数,2453.7949,-0.0177107858005793
2022-11-03,2022-09-02,930632.CSI,中证稀有金属主题指数,2434.3177,-0.00793758272135936
2022-11-03,2022-09-05,930632.CSI,中证稀有金属主题指数,2427.3929,-0.0028446574578167
2022-11-03,2022-09-06,930632.CSI,中证稀有金属主题指数,2509.0513,0.0336403719397877
2022-11-03,2022-09-07,930632.CSI,中证稀有金属主题指数,2515.5418,0.00258683431462714
2022-11-03,2022-09-08,930632.CSI,中证稀有金属主题指数,2483.1969,-0.0128580252572229
2022-11-03,2022-09-09,930632.CSI,中证稀有金属主题指数,2534.4164,0.020626435221468
2022-11-03,2022-09-13,930632.CSI,中证稀有金属主题指数,2556.3243,0.00864415965742649
2022-11-03,2022-09-14,930632.CSI,中证稀有金属主题指数,2537.4517,-0.00738270961943288
2022-11-03,2022-09-15,930632.CSI,中证稀有金属主题指数,2452.3035,-0.0335565796188357
2022-11-03,2022-09-16,930632.CSI,中证稀有金属主题指数,2374.2509,-0.0318282790038019
2022-11-03,2022-09-19,930632.CSI,中证稀有金属主题指数,2378.8681,0.00194469758861637
2022-11-03,2022-09-20,930632.CSI,中证稀有金属主题指数,2467.5964,0.0372985370647494
2022-11-03,2022-09-21,930632.CSI,中证稀有金属主题指数,2484.3786,0.00680103115728325
2022-11-03,2022-09-22,930632.CSI,中证稀有金属主题指数,2474.7417,-0.00387899815269699
2022-11-03,2022-09-23,930632.CSI,中证稀有金属主题指数,2414.3624,-0.0243982230549556
2022-11-03,2022-09-26,930632.CSI,中证稀有金属主题指数,2379.8198,-0.0143071313569163
2022-11-03,2022-09-27,930632.CSI,中证稀有金属主题指数,2382.8592,0.00127715552244734
2022-11-03,2022-09-28,930632.CSI,中证稀有金属主题指数,2250.9239,-0.0553684833749305
2022-11-03,2022-09-29,930632.CSI,中证稀有金属主题指数,2281.0636,0.0133899240218651
2022-11-03,2022-09-30,930632.CSI,中证稀有金属主题指数,2234.8204,-0.0202726482505792
2022-11-03,2022-10-10,930632.CSI,中证稀有金属主题指数,2164.6391,-0.0314035526076279
2022-11-03,2022-10-11,930632.CSI,中证稀有金属主题指数,2210.9739,0.0214053234093388
2022-11-03,2022-10-12,930632.CSI,中证稀有金属主题指数,2248.9639,0.0171824732983055
2022-11-03,2022-10-13,930632.CSI,中证稀有金属主题指数,2220.2731,-0.0127573412805783
2022-11-03,2022-10-14,930632.CSI,中证稀有金属主题指数,2291.5661,0.0321100138537012
2022-11-03,2022-10-17,930632.CSI,中证稀有金属主题指数,2291.4496,-5.08385946188517e-05
2022-11-03,2022-10-18,930632.CSI,中证稀有金属主题指数,2282.9992,-0.0036877965808193
2022-11-03,2022-10-19,930632.CSI,中证稀有金属主题指数,2267.957,-0.00658878899300552
2022-11-03,2022-10-20,930632.CSI,中证稀有金属主题指数,2238.3112,-0.0130715882179423
2022-11-03,2022-10-21,930632.CSI,中证稀有金属主题指数,2197.8195,-0.0180902905726424
2022-11-03,2022-10-24,930632.CSI,中证稀有金属主题指数,2190.0758,-0.00352335576238172
2022-11-03,2022-10-25,930632.CSI,中证稀有金属主题指数,2206.1991,0.0073619826309208
2022-11-03,2022-10-26,930632.CSI,中证稀有金属主题指数,2222.8476,0.00754623642081986
2022-11-03,2022-10-27,930632.CSI,中证稀有金属主题指数,2220.4863,-0.00106228605145942
2022-11-03,2022-10-28,930632.CSI,中证稀有金属主题指数,2121.2222,-0.0447037660173809
2022-11-03,2022-10-31,930632.CSI,中证稀有金属主题指数,2129.9558,0.0041172490086141
2022-11-03,2022-11-01,930632.CSI,中证稀有金属主题指数,2242.4789,0.0528288427393657
2022-11-03,2022-11-02,930632.CSI,中证稀有金属主题指数,2268.6371,0.0116648589201886
2022-11-03,2022-11-03,930632.CSI,中证稀有金属主题指数,2279.3392,0.00471741381642743
2022-11-03,2022-08-04,930633.CSI,中证旅游主题指数,4003.6912,0.00677257654808949
2022-11-03,2022-08-05,930633.CSI,中证旅游主题指数,3999.0129,-0.00116849671123487
2022-11-03,2022-08-08,930633.CSI,中证旅游主题指数,3932.1775,-0.0167129743442439
2022-11-03,2022-08-09,930633.CSI,中证旅游主题指数,3963.208,0.00789142911274987
2022-11-03,2022-08-10,930633.CSI,中证旅游主题指数,3913.1766,-0.0126239652322059
2022-11-03,2022-08-11,930633.CSI,中证旅游主题指数,3990.2879,0.0197055507282753
2022-11-03,2022-08-12,930633.CSI,中证旅游主题指数,4031.1208,0.0102330711525853
2022-11-03,2022-08-15,930633.CSI,中证旅游主题指数,3984.8893,-0.011468646635447
2022-11-03,2022-08-16,930633.CSI,中证旅游主题指数,3961.5767,-0.00585025034446995
2022-11-03,2022-08-17,930633.CSI,中证旅游主题指数,4017.5215,0.014121852039366
2022-11-03,2022-08-18,930633.CSI,中证旅游主题指数,3934.1006,-0.0207642697120599
2022-11-03,2022-08-19,930633.CSI,中证旅游主题指数,3935.9806,0.000477872884084185
2022-11-03,2022-08-22,930633.CSI,中证旅游主题指数,3988.2757,0.0132864221942559
2022-11-03,2022-08-23,930633.CSI,中证旅游主题指数,3992.8945,0.00115809446172443
2022-11-03,2022-08-24,930633.CSI,中证旅游主题指数,3934.0569,-0.0147355759086547
2022-11-03,2022-08-25,930633.CSI,中证旅游主题指数,4005.785,0.018232603600624
2022-11-03,2022-08-26,930633.CSI,中证旅游主题指数,4051.4064,0.0113888788339864
2022-11-03,2022-08-29,930633.CSI,中证旅游主题指数,4069.2205,0.00439701630525136
2022-11-03,2022-08-30,930633.CSI,中证旅游主题指数,4064.4897,-0.00116258138383007
2022-11-03,2022-08-31,930633.CSI,中证旅游主题指数,4066.8458,0.000579679166120117
2022-11-03,2022-09-01,930633.CSI,中证旅游主题指数,3906.0433,-0.0395398566623796
2022-11-03,2022-09-02,930633.CSI,中证旅游主题指数,3894.5166,-0.00295099135229759
2022-11-03,2022-09-05,930633.CSI,中证旅游主题指数,3868.6386,-0.00664472710168951
2022-11-03,2022-09-06,930633.CSI,中证旅游主题指数,3968.1836,0.0257312740456035
2022-11-03,2022-09-07,930633.CSI,中证旅游主题指数,3977.7244,0.00240432423540082
2022-11-03,2022-09-08,930633.CSI,中证旅游主题指数,4065.4754,0.0220606032936821
2022-11-03,2022-09-09,930633.CSI,中证旅游主题指数,4083.2637,0.00437545385221116
2022-11-03,2022-09-13,930633.CSI,中证旅游主题指数,4137.8733,0.0133740076596083
2022-11-03,2022-09-14,930633.CSI,中证旅游主题指数,4111.0603,-0.00647989874412058
2022-11-03,2022-09-15,930633.CSI,中证旅游主题指数,4115.4366,0.00106451856227929
2022-11-03,2022-09-16,930633.CSI,中证旅游主题指数,4053.0917,-0.0151490366781498
2022-11-03,2022-09-19,930633.CSI,中证旅游主题指数,4129.2397,0.0187876331542165
2022-11-03,2022-09-20,930633.CSI,中证旅游主题指数,4165.6936,0.00882823537708388
2022-11-03,2022-09-21,930633.CSI,中证旅游主题指数,4089.2125,-0.0183597516629642
2022-11-03,2022-09-22,930633.CSI,中证旅游主题指数,4025.4547,-0.0155917062270547
2022-11-03,2022-09-23,930633.CSI,中证旅游主题指数,3972.2154,-0.0132256611905234
2022-11-03,2022-09-26,930633.CSI,中证旅游主题指数,4079.5849,0.0270301303398601
2022-11-03,2022-09-27,930633.CSI,中证旅游主题指数,4305.1407,0.0552889094182107
2022-11-03,2022-09-28,930633.CSI,中证旅游主题指数,4228.6389,-0.01776987219024
2022-11-03,2022-09-29,930633.CSI,中证旅游主题指数,4119.944,-0.0257044648574745
2022-11-03,2022-09-30,930633.CSI,中证旅游主题指数,4038.4139,-0.0197891282017426
2022-11-03,2022-10-10,930633.CSI,中证旅游主题指数,3926.0725,-0.0278181986249602
2022-11-03,2022-10-11,930633.CSI,中证旅游主题指数,3861.0316,-0.0165664031930129
2022-11-03,2022-10-12,930633.CSI,中证旅游主题指数,3843.3994,-0.0045667069909503
2022-11-03,2022-10-13,930633.CSI,中证旅游主题指数,3857.8327,0.00375534741458305
2022-11-03,2022-10-14,930633.CSI,中证旅游主题指数,3903.9775,0.0119613274054109
2022-11-03,2022-10-17,930633.CSI,中证旅游主题指数,3964.1059,0.0154018305689518
2022-11-03,2022-10-18,930633.CSI,中证旅游主题指数,3969.4762,0.00135473171894818
2022-11-03,2022-10-19,930633.CSI,中证旅游主题指数,3884.2432,-0.0214721025408844
2022-11-03,2022-10-20,930633.CSI,中证旅游主题指数,3944.9249,0.0156225284760749
2022-11-03,2022-10-21,930633.CSI,中证旅游主题指数,3942.4062,-0.000638465893229023
2022-11-03,2022-10-24,930633.CSI,中证旅游主题指数,3771.1162,-0.0434480850806291
2022-11-03,2022-10-25,930633.CSI,中证旅游主题指数,3866.4614,0.0252830183275712
2022-11-03,2022-10-26,930633.CSI,中证旅游主题指数,3954.948,0.0228856804312076
2022-11-03,2022-10-27,930633.CSI,中证旅游主题指数,3951.6054,-0.000845169140024082
2022-11-03,2022-10-28,930633.CSI,中证旅游主题指数,3899.3,-0.0132364937045586
2022-11-03,2022-10-31,930633.CSI,中证旅游主题指数,3781.1904,-0.0302899494781115
2022-11-03,2022-11-01,930633.CSI,中证旅游主题指数,4095.7491,0.0831903889314858
2022-11-03,2022-11-02,930633.CSI,中证旅游主题指数,4184.1489,0.0215833045046632
2022-11-03,2022-11-03,930633.CSI,中证旅游主题指数,4177.3229,-0.00163139509686183
2022-11-03,2022-08-04,930651.CSI,中证计算机主题指数,6284.0098,0.0066726723045587
2022-11-03,2022-08-05,930651.CSI,中证计算机主题指数,6581.5137,0.0473430038253602
2022-11-03,2022-08-08,930651.CSI,中证计算机主题指数,6611.7376,0.00459224144743486
2022-11-03,2022-08-09,930651.CSI,中证计算机主题指数,6564.7085,-0.00711297133146971
2022-11-03,2022-08-10,930651.CSI,中证计算机主题指数,6500.1589,-0.00983282045196665
2022-11-03,2022-08-11,930651.CSI,中证计算机主题指数,6599.4071,0.0152685805880837
2022-11-03,2022-08-12,930651.CSI,中证计算机主题指数,6538.7257,-0.00919497753063303
2022-11-03,2022-08-15,930651.CSI,中证计算机主题指数,6434.1054,-0.0160001053416263
2022-11-03,2022-08-16,930651.CSI,中证计算机主题指数,6375.0847,-0.00917310120533621
2022-11-03,2022-08-17,930651.CSI,中证计算机主题指数,6412.6097,0.00588619630418385
2022-11-03,2022-08-18,930651.CSI,中证计算机主题指数,6375.4774,-0.00579051302623335
2022-11-03,2022-08-19,930651.CSI,中证计算机主题指数,6255.5762,-0.0188066230146152
2022-11-03,2022-08-22,930651.CSI,中证计算机主题指数,6300.4514,0.00717363174314767
2022-11-03,2022-08-23,930651.CSI,中证计算机主题指数,6319.7839,0.0030684309381388
2022-11-03,2022-08-24,930651.CSI,中证计算机主题指数,6091.4931,-0.0361231971871697
2022-11-03,2022-08-25,930651.CSI,中证计算机主题指数,6058.4373,-0.00542655133271019
2022-11-03,2022-08-26,930651.CSI,中证计算机主题指数,6053.8889,-0.000750754654174512
2022-11-03,2022-08-29,930651.CSI,中证计算机主题指数,6013.8993,-0.00660560520032005
2022-11-03,2022-08-30,930651.CSI,中证计算机主题指数,6042.1312,0.00469444175761313
2022-11-03,2022-08-31,930651.CSI,中证计算机主题指数,6004.8396,-0.0061719282097018
2022-11-03,2022-09-01,930651.CSI,中证计算机主题指数,6033.9634,0.00485005461261601
2022-11-03,2022-09-02,930651.CSI,中证计算机主题指数,6060.5599,0.00440779935788149
2022-11-03,2022-09-05,930651.CSI,中证计算机主题指数,5996.2932,-0.010604086266023
2022-11-03,2022-09-06,930651.CSI,中证计算机主题指数,6026.973,0.00511646094957463
2022-11-03,2022-09-07,930651.CSI,中证计算机主题指数,6040.1882,0.0021926761576665
2022-11-03,2022-09-08,930651.CSI,中证计算机主题指数,5978.0549,-0.0102866496775712
2022-11-03,2022-09-09,930651.CSI,中证计算机主题指数,6050.5674,0.0121297815448298
2022-11-03,2022-09-13,930651.CSI,中证计算机主题指数,6099.1658,0.0080320401025531
2022-11-03,2022-09-14,930651.CSI,中证计算机主题指数,6083.6298,-0.00254723359053466
2022-11-03,2022-09-15,930651.CSI,中证计算机主题指数,5993.4207,-0.014828170510967
2022-11-03,2022-09-16,930651.CSI,中证计算机主题指数,6013.7479,0.00339158570997711
2022-11-03,2022-09-19,930651.CSI,中证计算机主题指数,5890.1735,-0.0205486498694101
2022-11-03,2022-09-20,930651.CSI,中证计算机主题指数,5877.176,-0.00220664128144943
2022-11-03,2022-09-21,930651.CSI,中证计算机主题指数,5867.8225,-0.00159149564348593
2022-11-03,2022-09-22,930651.CSI,中证计算机主题指数,5863.6332,-0.000713944568023317
2022-11-03,2022-09-23,930651.CSI,中证计算机主题指数,5759.154,-0.0178181677530579
2022-11-03,2022-09-26,930651.CSI,中证计算机主题指数,5662.713,-0.0167456886896931
2022-11-03,2022-09-27,930651.CSI,中证计算机主题指数,5803.6182,0.0248829845340917
2022-11-03,2022-09-28,930651.CSI,中证计算机主题指数,5694.8854,-0.0187353468565523
2022-11-03,2022-09-29,930651.CSI,中证计算机主题指数,5695.8761,0.000173963114341147
2022-11-03,2022-09-30,930651.CSI,中证计算机主题指数,5635.6978,-0.0105652403499438
2022-11-03,2022-10-10,930651.CSI,中证计算机主题指数,5453.6384,-0.0323046775148235
2022-11-03,2022-10-11,930651.CSI,中证计算机主题指数,5446.8872,-0.00123792585881743
2022-11-03,2022-10-12,930651.CSI,中证计算机主题指数,5670.1186,0.0409832977631701
2022-11-03,2022-10-13,930651.CSI,中证计算机主题指数,5801.723,0.0232101670677576
2022-11-03,2022-10-14,930651.CSI,中证计算机主题指数,5923.9338,0.0210645699562009
2022-11-03,2022-10-17,930651.CSI,中证计算机主题指数,6078.8954,0.0261585637570765
2022-11-03,2022-10-18,930651.CSI,中证计算机主题指数,6023.7874,-0.00906546278128095
2022-11-03,2022-10-19,930651.CSI,中证计算机主题指数,5982.0702,-0.00692541041538086
2022-11-03,2022-10-20,930651.CSI,中证计算机主题指数,6060.2754,0.013073266843308
2022-11-03,2022-10-21,930651.CSI,中证计算机主题指数,6106.3548,0.00760351584022056
2022-11-03,2022-10-24,930651.CSI,中证计算机主题指数,6103.3219,-0.000496679295477587
2022-11-03,2022-10-25,930651.CSI,中证计算机主题指数,5968.0704,-0.0221603091260844
2022-11-03,2022-10-26,930651.CSI,中证计算机主题指数,6265.6655,0.049864542482609
2022-11-03,2022-10-27,930651.CSI,中证计算机主题指数,6371.7,0.0169231025818406
2022-11-03,2022-10-28,930651.CSI,中证计算机主题指数,6216.3045,-0.0243883892838646
2022-11-03,2022-10-31,930651.CSI,中证计算机主题指数,6442.4779,0.0363838997912667
2022-11-03,2022-11-01,930651.CSI,中证计算机主题指数,6518.385,0.0117822833354229
2022-11-03,2022-11-02,930651.CSI,中证计算机主题指数,6552.57,0.00524439719347658
2022-11-03,2022-11-03,930651.CSI,中证计算机主题指数,6428.9883,-0.0188600350702091
2022-11-03,2022-08-04,930652.CSI,中证电子指数,6261.6299,0.0135487689348721
2022-11-03,2022-08-05,930652.CSI,中证电子指数,6539.1989,0.0443285541357212
2022-11-03,2022-08-08,930652.CSI,中证电子指数,6537.6034,-0.000243990131574168
2022-11-03,2022-08-09,930652.CSI,中证电子指数,6558.7885,0.00324049941603977
2022-11-03,2022-08-10,930652.CSI,中证电子指数,6492.0011,-0.0101828866718296
2022-11-03,2022-08-11,930652.CSI,中证电子指数,6669.0203,0.027267278189463
2022-11-03,2022-08-12,930652.CSI,中证电子指数,6542.4558,-0.0189779749208441
2022-11-03,2022-08-15,930652.CSI,中证电子指数,6496.0398,-0.00709458365771465
2022-11-03,2022-08-16,930652.CSI,中证电子指数,6451.3258,-0.00688327063513372
2022-11-03,2022-08-17,930652.CSI,中证电子指数,6535.731,0.0130833882238595
2022-11-03,2022-08-18,930652.CSI,中证电子指数,6587.0499,0.00785205205048989
2022-11-03,2022-08-19,930652.CSI,中证电子指数,6432.1136,-0.0235213490640173
2022-11-03,2022-08-22,930652.CSI,中证电子指数,6477.4437,0.00704746570396386
2022-11-03,2022-08-23,930652.CSI,中证电子指数,6433.487,-0.00678611841890653
2022-11-03,2022-08-24,930652.CSI,中证电子指数,6164.2661,-0.0418468087368483
2022-11-03,2022-08-25,930652.CSI,中证电子指数,6137.729,-0.00430498936442725
2022-11-03,2022-08-26,930652.CSI,中证电子指数,6088.3308,-0.00804828626353504
2022-11-03,2022-08-29,930652.CSI,中证电子指数,6071.4956,-0.00276515855544501
2022-11-03,2022-08-30,930652.CSI,中证电子指数,6049.121,-0.00368518755082359
2022-11-03,2022-08-31,930652.CSI,中证电子指数,5970.64,-0.0129739510914064
2022-11-03,2022-09-01,930652.CSI,中证电子指数,5897.3919,-0.0122680483164285
2022-11-03,2022-09-02,930652.CSI,中证电子指数,5973.8873,0.0129710559001515
2022-11-03,2022-09-05,930652.CSI,中证电子指数,5925.7072,-0.00806511699676704
2022-11-03,2022-09-06,930652.CSI,中证电子指数,5969.9452,0.00746543804931843
2022-11-03,2022-09-07,930652.CSI,中证电子指数,6043.4912,0.0123193760639546
2022-11-03,2022-09-08,930652.CSI,中证电子指数,5977.3592,-0.0109426816076112
2022-11-03,2022-09-09,930652.CSI,中证电子指数,5978.4383,0.0001805312285732
2022-11-03,2022-09-13,930652.CSI,中证电子指数,5993.8004,0.0025695841002491
2022-11-03,2022-09-14,930652.CSI,中证电子指数,5947.4542,-0.00773235625263735
2022-11-03,2022-09-15,930652.CSI,中证电子指数,5802.6579,-0.0243459293894184
2022-11-03,2022-09-16,930652.CSI,中证电子指数,5730.3904,-0.01245420654559
2022-11-03,2022-09-19,930652.CSI,中证电子指数,5641.4873,-0.015514318186768
2022-11-03,2022-09-20,930652.CSI,中证电子指数,5628.6787,-0.00227042964361535
2022-11-03,2022-09-21,930652.CSI,中证电子指数,5557.9522,-0.0125653823516344
2022-11-03,2022-09-22,930652.CSI,中证电子指数,5522.0605,-0.00645772016535162
2022-11-03,2022-09-23,930652.CSI,中证电子指数,5399.5256,-0.0221900683630684
2022-11-03,2022-09-26,930652.CSI,中证电子指数,5363.5765,-0.00665782564305273
2022-11-03,2022-09-27,930652.CSI,中证电子指数,5459.6588,0.0179138490893156
2022-11-03,2022-09-28,930652.CSI,中证电子指数,5314.0481,-0.0266702930227068
2022-11-03,2022-09-29,930652.CSI,中证电子指数,5309.964,-0.000768547804450681
2022-11-03,2022-09-30,930652.CSI,中证电子指数,5217.9657,-0.0173255976876679
2022-11-03,2022-10-10,930652.CSI,中证电子指数,4963.2012,-0.0488244872901329
2022-11-03,2022-10-11,930652.CSI,中证电子指数,4930.0003,-0.00668941247032273
2022-11-03,2022-10-12,930652.CSI,中证电子指数,5125.4884,0.0396527562077431
2022-11-03,2022-10-13,930652.CSI,中证电子指数,5128.5943,0.000605971520684756
2022-11-03,2022-10-14,930652.CSI,中证电子指数,5260.9976,0.0258166843105527
2022-11-03,2022-10-17,930652.CSI,中证电子指数,5371.8636,0.0210731896171175
2022-11-03,2022-10-18,930652.CSI,中证电子指数,5338.35,-0.00623872877189202
2022-11-03,2022-10-19,930652.CSI,中证电子指数,5283.8188,-0.0102149915235982
2022-11-03,2022-10-20,930652.CSI,中证电子指数,5409.0676,0.0237042193801196
2022-11-03,2022-10-21,930652.CSI,中证电子指数,5335.5895,-0.0135842450924445
2022-11-03,2022-10-24,930652.CSI,中证电子指数,5309.7151,-0.00484939855286837
2022-11-03,2022-10-25,930652.CSI,中证电子指数,5277.1514,-0.006132852589398
2022-11-03,2022-10-26,930652.CSI,中证电子指数,5408.6196,0.0249127209046911
2022-11-03,2022-10-27,930652.CSI,中证电子指数,5418.4204,0.00181207049576937
2022-11-03,2022-10-28,930652.CSI,中证电子指数,5263.2193,-0.0286432370585347
2022-11-03,2022-10-31,930652.CSI,中证电子指数,5352.8904,0.0170373102257018
2022-11-03,2022-11-01,930652.CSI,中证电子指数,5450.1525,0.0181700152127158
2022-11-03,2022-11-02,930652.CSI,中证电子指数,5507.4501,0.010513026929063
2022-11-03,2022-11-03,930652.CSI,中证电子指数,5585.7448,0.014216143329197
2022-11-03,2022-08-04,930653.CSI,中证食品饮料指数,22409.7754,0.0179410432073381
2022-11-03,2022-08-05,930653.CSI,中证食品饮料指数,22634.3906,0.0100230901912564
2022-11-03,2022-08-08,930653.CSI,中证食品饮料指数,22519.2051,-0.00508895962942335
2022-11-03,2022-08-09,930653.CSI,中证食品饮料指数,22447.436,-0.00318701746714845
2022-11-03,2022-08-10,930653.CSI,中证食品饮料指数,22104.0481,-0.0152974219416419
2022-11-03,2022-08-11,930653.CSI,中证食品饮料指数,22524.1654,0.019006351148865
2022-11-03,2022-08-12,930653.CSI,中证食品饮料指数,22724.4868,0.00889362142581307
2022-11-03,2022-08-15,930653.CSI,中证食品饮料指数,22498.6052,-0.00994000885423718
2022-11-03,2022-08-16,930653.CSI,中证食品饮料指数,22410.019,-0.00393740852877411
2022-11-03,2022-08-17,930653.CSI,中证食品饮料指数,22556.687,0.00654475125612342
2022-11-03,2022-08-18,930653.CSI,中证食品饮料指数,22197.2882,-0.015933137698812
2022-11-03,2022-08-19,930653.CSI,中证食品饮料指数,22095.0426,-0.00460622032199398
2022-11-03,2022-08-22,930653.CSI,中证食品饮料指数,22193.868,0.00447274086722049
2022-11-03,2022-08-23,930653.CSI,中证食品饮料指数,21911.4101,-0.0127268441895751
2022-11-03,2022-08-24,930653.CSI,中证食品饮料指数,21745.4236,-0.00757534541330152
2022-11-03,2022-08-25,930653.CSI,中证食品饮料指数,22168.0003,0.0194329026545155
2022-11-03,2022-08-26,930653.CSI,中证食品饮料指数,22416.6064,0.0112146380654823
2022-11-03,2022-08-29,930653.CSI,中证食品饮料指数,22194.0097,-0.00992999100880865
2022-11-03,2022-08-30,930653.CSI,中证食品饮料指数,22133.045,-0.0027468988625341
2022-11-03,2022-08-31,930653.CSI,中证食品饮料指数,22487.7411,0.0160256349725039
2022-11-03,2022-09-01,930653.CSI,中证食品饮料指数,22090.8636,-0.0176486156717626
2022-11-03,2022-09-02,930653.CSI,中证食品饮料指数,21770.0137,-0.0145240994562115
2022-11-03,2022-09-05,930653.CSI,中证食品饮料指数,21326.7305,-0.0203621001855409
2022-11-03,2022-09-06,930653.CSI,中证食品饮料指数,21452.6129,0.00590256438979231
2022-11-03,2022-09-07,930653.CSI,中证食品饮料指数,21169.1361,-0.0132140919766468
2022-11-03,2022-09-08,930653.CSI,中证食品饮料指数,21181.1225,0.000566220555405783
2022-11-03,2022-09-09,930653.CSI,中证食品饮料指数,21478.9025,0.0140587449980518
2022-11-03,2022-09-13,930653.CSI,中证食品饮料指数,21718.9629,0.0111765673315942
2022-11-03,2022-09-14,930653.CSI,中证食品饮料指数,21562.8097,-0.00718971714805028
2022-11-03,2022-09-15,930653.CSI,中证食品饮料指数,21636.8961,0.00343584166584754
2022-11-03,2022-09-16,930653.CSI,中证食品饮料指数,21145.8014,-0.0226970956337864
2022-11-03,2022-09-19,930653.CSI,中证食品饮料指数,21324.1653,0.00843495579221698
2022-11-03,2022-09-20,930653.CSI,中证食品饮料指数,21543.0235,0.0102633888323873
2022-11-03,2022-09-21,930653.CSI,中证食品饮料指数,21298.6637,-0.011342873947104
2022-11-03,2022-09-22,930653.CSI,中证食品饮料指数,20986.4398,-0.0146593187440206
2022-11-03,2022-09-23,930653.CSI,中证食品饮料指数,21018.9843,0.00155073944461992
2022-11-03,2022-09-26,930653.CSI,中证食品饮料指数,21279.0817,0.0123744038383433
2022-11-03,2022-09-27,930653.CSI,中证食品饮料指数,22054.1008,0.0364216421989676
2022-11-03,2022-09-28,930653.CSI,中证食品饮料指数,21924.6461,-0.00586986978857007
2022-11-03,2022-09-29,930653.CSI,中证食品饮料指数,21850.0374,-0.00340296028769194
2022-11-03,2022-09-30,930653.CSI,中证食品饮料指数,21754.3085,-0.00438117785555836
2022-11-03,2022-10-10,930653.CSI,中证食品饮料指数,20758.3668,-0.04578135407062
2022-11-03,2022-10-11,930653.CSI,中证食品饮料指数,20778.6252,0.000975914926024002
2022-11-03,2022-10-12,930653.CSI,中证食品饮料指数,20701.402,-0.00371647302247891
2022-11-03,2022-10-13,930653.CSI,中证食品饮料指数,20576.7392,-0.00602194962447467
2022-11-03,2022-10-14,930653.CSI,中证食品饮料指数,20977.0883,0.0194563918076971
2022-11-03,2022-10-17,930653.CSI,中证食品饮料指数,20808.9422,-0.00801570254151995
2022-11-03,2022-10-18,930653.CSI,中证食品饮料指数,20688.3073,-0.00579726248650936
2022-11-03,2022-10-19,930653.CSI,中证食品饮料指数,20078.6509,-0.0294686457987793
2022-11-03,2022-10-20,930653.CSI,中证食品饮料指数,20065.1097,-0.000674407860739246
2022-11-03,2022-10-21,930653.CSI,中证食品饮料指数,19800.8055,-0.0131723276848071
2022-11-03,2022-10-24,930653.CSI,中证食品饮料指数,18799.8489,-0.0505513071172785
2022-11-03,2022-10-25,930653.CSI,中证食品饮料指数,18828.6285,0.0015308420909701
2022-11-03,2022-10-26,930653.CSI,中证食品饮料指数,18875.0965,0.00246794396097405
2022-11-03,2022-10-27,930653.CSI,中证食品饮料指数,18245.2969,-0.0333666956351719
2022-11-03,2022-10-28,930653.CSI,中证食品饮料指数,17794.4029,-0.0247128891610419
2022-11-03,2022-10-31,930653.CSI,中证食品饮料指数,17532.0545,-0.0147433101000541
2022-11-03,2022-11-01,930653.CSI,中证食品饮料指数,18650.2698,0.0637811900482057
2022-11-03,2022-11-02,930653.CSI,中证食品饮料指数,19077.0555,0.0228836206970047
2022-11-03,2022-11-03,930653.CSI,中证食品饮料指数,18878.6018,-0.0104027427083807
2022-11-03,2022-08-04,930697.CSI,中证全指家用电器指数,9673.3557,0.00150124413292274
2022-11-03,2022-08-05,930697.CSI,中证全指家用电器指数,9643.966,-0.00303821144507277
2022-11-03,2022-08-08,930697.CSI,中证全指家用电器指数,9724.0669,0.00830580489396171
2022-11-03,2022-08-09,930697.CSI,中证全指家用电器指数,9728.9936,0.000506650154782351
2022-11-03,2022-08-10,930697.CSI,中证全指家用电器指数,9722.3651,-0.000681314046706682
2022-11-03,2022-08-11,930697.CSI,中证全指家用电器指数,9896.3389,0.0178941850270569
2022-11-03,2022-08-12,930697.CSI,中证全指家用电器指数,9865.3416,-0.00313219871643655
2022-11-03,2022-08-15,930697.CSI,中证全指家用电器指数,9923.8548,0.00593118843446838
2022-11-03,2022-08-16,930697.CSI,中证全指家用电器指数,9921.4825,-0.000239050252931916
2022-11-03,2022-08-17,930697.CSI,中证全指家用电器指数,9991.4406,0.00705117405589339
2022-11-03,2022-08-18,930697.CSI,中证全指家用电器指数,10025.1571,0.00337453840240021
2022-11-03,2022-08-19,930697.CSI,中证全指家用电器指数,9957.0715,-0.00679147461938534
2022-11-03,2022-08-22,930697.CSI,中证全指家用电器指数,9937.8154,-0.00193391199410398
2022-11-03,2022-08-23,930697.CSI,中证全指家用电器指数,9891.3177,-0.00467886533694317
2022-11-03,2022-08-24,930697.CSI,中证全指家用电器指数,9624.3615,-0.0269889420294324
2022-11-03,2022-08-25,930697.CSI,中证全指家用电器指数,9663.6893,0.00408627626882052
2022-11-03,2022-08-26,930697.CSI,中证全指家用电器指数,9564.5254,-0.0102614950586211
2022-11-03,2022-08-29,930697.CSI,中证全指家用电器指数,9655.5284,0.00951463833218513
2022-11-03,2022-08-30,930697.CSI,中证全指家用电器指数,9704.0189,0.00502204519433658
2022-11-03,2022-08-31,930697.CSI,中证全指家用电器指数,9653.4484,-0.00521129446687285
2022-11-03,2022-09-01,930697.CSI,中证全指家用电器指数,9753.7386,0.0103890543404159
2022-11-03,2022-09-02,930697.CSI,中证全指家用电器指数,9713.7813,-0.00409661378458515
2022-11-03,2022-09-05,930697.CSI,中证全指家用电器指数,9693.0514,-0.0021340711057598
2022-11-03,2022-09-06,930697.CSI,中证全指家用电器指数,9831.4524,0.0142783726495044
2022-11-03,2022-09-07,930697.CSI,中证全指家用电器指数,9886.3914,0.00558808584579018
2022-11-03,2022-09-08,930697.CSI,中证全指家用电器指数,9776.4429,-0.0111211963548197
2022-11-03,2022-09-09,930697.CSI,中证全指家用电器指数,9978.3576,0.0206531866513535
2022-11-03,2022-09-13,930697.CSI,中证全指家用电器指数,10058.6343,0.00804508148715777
2022-11-03,2022-09-14,930697.CSI,中证全指家用电器指数,9976.818,-0.00813393722843669
2022-11-03,2022-09-15,930697.CSI,中证全指家用电器指数,9832.9827,-0.0144169513766813
2022-11-03,2022-09-16,930697.CSI,中证全指家用电器指数,9628.2176,-0.0208243120370791
2022-11-03,2022-09-19,930697.CSI,中证全指家用电器指数,9598.545,-0.00308183728626987
2022-11-03,2022-09-20,930697.CSI,中证全指家用电器指数,9640.7272,0.00439464523008426
2022-11-03,2022-09-21,930697.CSI,中证全指家用电器指数,9532.2878,-0.0112480519104409
2022-11-03,2022-09-22,930697.CSI,中证全指家用电器指数,9354.0063,-0.018702907816107
2022-11-03,2022-09-23,930697.CSI,中证全指家用电器指数,9217.717,-0.0145701526842031
2022-11-03,2022-09-26,930697.CSI,中证全指家用电器指数,9363.9904,0.0158687232424255
2022-11-03,2022-09-27,930697.CSI,中证全指家用电器指数,9478.0291,0.0121784298283774
2022-11-03,2022-09-28,930697.CSI,中证全指家用电器指数,9343.8192,-0.0141601063453161
2022-11-03,2022-09-29,930697.CSI,中证全指家用电器指数,9253.8421,-0.00962958487039223
2022-11-03,2022-09-30,930697.CSI,中证全指家用电器指数,9080.7403,-0.0187059383691018
2022-11-03,2022-10-10,930697.CSI,中证全指家用电器指数,8886.5334,-0.0213866814360938
2022-11-03,2022-10-11,930697.CSI,中证全指家用电器指数,8888.7987,0.000254913800245005
2022-11-03,2022-10-12,930697.CSI,中证全指家用电器指数,9032.8336,0.016204090660755
2022-11-03,2022-10-13,930697.CSI,中证全指家用电器指数,8917.063,-0.0128166426092472
2022-11-03,2022-10-14,930697.CSI,中证全指家用电器指数,9059.4928,0.0159727255487596
2022-11-03,2022-10-17,930697.CSI,中证全指家用电器指数,9043.6626,-0.0017473605144871
2022-11-03,2022-10-18,930697.CSI,中证全指家用电器指数,9047.4957,0.000423843764361553
2022-11-03,2022-10-19,930697.CSI,中证全指家用电器指数,8758.1148,-0.0319846407885002
2022-11-03,2022-10-20,930697.CSI,中证全指家用电器指数,8617.0254,-0.0161095627565876
2022-11-03,2022-10-21,930697.CSI,中证全指家用电器指数,8593.4774,-0.00273272955653592
2022-11-03,2022-10-24,930697.CSI,中证全指家用电器指数,8366.845,-0.0263726067400841
2022-11-03,2022-10-25,930697.CSI,中证全指家用电器指数,8377.6924,0.00129647435801683
2022-11-03,2022-10-26,930697.CSI,中证全指家用电器指数,8460.6706,0.00990466061991002
2022-11-03,2022-10-27,930697.CSI,中证全指家用电器指数,8433.571,-0.00320300851802446
2022-11-03,2022-10-28,930697.CSI,中证全指家用电器指数,8179.1137,-0.030171952071074
2022-11-03,2022-10-31,930697.CSI,中证全指家用电器指数,8033.3115,-0.0178261612868886
2022-11-03,2022-11-01,930697.CSI,中证全指家用电器指数,8283.1951,0.0311059268646561
2022-11-03,2022-11-02,930697.CSI,中证全指家用电器指数,8479.5824,0.023709124031136
2022-11-03,2022-11-03,930697.CSI,中证全指家用电器指数,8475.4364,-0.000488939172287428
2022-11-03,2022-08-04,930707.CSI,中证畜牧养殖指数,3041.0375,0.0181655775286362
2022-11-03,2022-08-05,930707.CSI,中证畜牧养殖指数,3050.7819,0.00320430116366532
2022-11-03,2022-08-08,930707.CSI,中证畜牧养殖指数,3054.9656,0.00137135335698702
2022-11-03,2022-08-09,930707.CSI,中证畜牧养殖指数,2993.3983,-0.0201531892863213
2022-11-03,2022-08-10,930707.CSI,中证畜牧养殖指数,2976.9533,-0.00549375604308977
2022-11-03,2022-08-11,930707.CSI,中证畜牧养殖指数,3009.1509,0.010815621461042
2022-11-03,2022-08-12,930707.CSI,中证畜牧养殖指数,2998.1184,-0.00366631663437023
2022-11-03,2022-08-15,930707.CSI,中证畜牧养殖指数,2997.6294,-0.000163102297761175
2022-11-03,2022-08-16,930707.CSI,中证畜牧养殖指数,3066.0079,0.0228108584736992
2022-11-03,2022-08-17,930707.CSI,中证畜牧养殖指数,3064.8783,-0.000368426969806657
2022-11-03,2022-08-18,930707.CSI,中证畜牧养殖指数,3014.7397,-0.016359083491178
2022-11-03,2022-08-19,930707.CSI,中证畜牧养殖指数,3109.974,0.0315895597885283
2022-11-03,2022-08-22,930707.CSI,中证畜牧养殖指数,3151.6101,0.0133879254296017
2022-11-03,2022-08-23,930707.CSI,中证畜牧养殖指数,3194.1274,0.0134906599011089
2022-11-03,2022-08-24,930707.CSI,中证畜牧养殖指数,3162.7821,-0.00981341570783933
2022-11-03,2022-08-25,930707.CSI,中证畜牧养殖指数,3216.5732,0.0170075263800185
2022-11-03,2022-08-26,930707.CSI,中证畜牧养殖指数,3235.781,0.00597151030170862
2022-11-03,2022-08-29,930707.CSI,中证畜牧养殖指数,3229.1536,-0.00204816086131909
2022-11-03,2022-08-30,930707.CSI,中证畜牧养殖指数,3244.7749,0.00483758344601504
2022-11-03,2022-08-31,930707.CSI,中证畜牧养殖指数,3176.0625,-0.0211763225855821
2022-11-03,2022-09-01,930707.CSI,中证畜牧养殖指数,3170.2623,-0.00182622350788131
2022-11-03,2022-09-02,930707.CSI,中证畜牧养殖指数,3202.5605,0.010187863635132
2022-11-03,2022-09-05,930707.CSI,中证畜牧养殖指数,3194.019,-0.00266708466553567
2022-11-03,2022-09-06,930707.CSI,中证畜牧养殖指数,3203.6242,0.00300724573022282
2022-11-03,2022-09-07,930707.CSI,中证畜牧养殖指数,3161.5344,-0.0131381826869706
2022-11-03,2022-09-08,930707.CSI,中证畜牧养殖指数,3095.852,-0.0207754816775045
2022-11-03,2022-09-09,930707.CSI,中证畜牧养殖指数,3075.376,-0.00661401126410421
2022-11-03,2022-09-13,930707.CSI,中证畜牧养殖指数,3162.1914,0.0282291986410768
2022-11-03,2022-09-14,930707.CSI,中证畜牧养殖指数,3110.434,-0.0163675734492226
2022-11-03,2022-09-15,930707.CSI,中证畜牧养殖指数,3040.1295,-0.022602794336739
2022-11-03,2022-09-16,930707.CSI,中证畜牧养殖指数,2991.9352,-0.015852712853186
2022-11-03,2022-09-19,930707.CSI,中证畜牧养殖指数,3008.273,0.00546061291701783
2022-11-03,2022-09-20,930707.CSI,中证畜牧养殖指数,2988.8913,-0.00644279957304417
2022-11-03,2022-09-21,930707.CSI,中证畜牧养殖指数,2932.3363,-0.0189217319478965
2022-11-03,2022-09-22,930707.CSI,中证畜牧养殖指数,2908.7421,-0.00804621216195422
2022-11-03,2022-09-23,930707.CSI,中证畜牧养殖指数,2858.0448,-0.0174292867009419
2022-11-03,2022-09-26,930707.CSI,中证畜牧养殖指数,2773.5355,-0.0295689206831188
2022-11-03,2022-09-27,930707.CSI,中证畜牧养殖指数,2855.8719,0.0296864417275351
2022-11-03,2022-09-28,930707.CSI,中证畜牧养殖指数,2829.2161,-0.00933368194840956
2022-11-03,2022-09-29,930707.CSI,中证畜牧养殖指数,2848.0358,0.00665191322783731
2022-11-03,2022-09-30,930707.CSI,中证畜牧养殖指数,2835.7051,-0.00432954529574381
2022-11-03,2022-10-10,930707.CSI,中证畜牧养殖指数,2953.3137,0.0414741998383401
2022-11-03,2022-10-11,930707.CSI,中证畜牧养殖指数,2955.0317,0.000581719442807493
2022-11-03,2022-10-12,930707.CSI,中证畜牧养殖指数,3018.1585,0.0213624781081028
2022-11-03,2022-10-13,930707.CSI,中证畜牧养殖指数,3083.6509,0.0216994568045383
2022-11-03,2022-10-14,930707.CSI,中证畜牧养殖指数,3083.0703,-0.00018828331053955
2022-11-03,2022-10-17,930707.CSI,中证畜牧养殖指数,3113.2572,0.00979118121309153
2022-11-03,2022-10-18,930707.CSI,中证畜牧养殖指数,3119.861,0.0021211867750599
2022-11-03,2022-10-19,930707.CSI,中证畜牧养殖指数,3007.7273,-0.0359418897188047
2022-11-03,2022-10-20,930707.CSI,中证畜牧养殖指数,2982.4867,-0.00839191771142289
2022-11-03,2022-10-21,930707.CSI,中证畜牧养殖指数,2989.4935,0.00234931475134492
2022-11-03,2022-10-24,930707.CSI,中证畜牧养殖指数,2907.2962,-0.027495393450429
2022-11-03,2022-10-25,930707.CSI,中证畜牧养殖指数,2853.468,-0.0185148661495174
2022-11-03,2022-10-26,930707.CSI,中证畜牧养殖指数,2787.0292,-0.0232835272727782
2022-11-03,2022-10-27,930707.CSI,中证畜牧养殖指数,2800.8511,0.00495936676946185
2022-11-03,2022-10-28,930707.CSI,中证畜牧养殖指数,2667.1538,-0.0477345261231488
2022-11-03,2022-10-31,930707.CSI,中证畜牧养殖指数,2708.1506,0.0153709921040173
2022-11-03,2022-11-01,930707.CSI,中证畜牧养殖指数,2809.8161,0.0375405636599382
2022-11-03,2022-11-02,930707.CSI,中证畜牧养殖指数,2823.7329,0.00495292200795627
2022-11-03,2022-11-03,930707.CSI,中证畜牧养殖指数,2827.6888,0.00140094695217097
2022-11-03,2022-08-04,930708.CSI,中证有色金属指数,2008.185,0.00857820198222603
2022-11-03,2022-08-05,930708.CSI,中证有色金属指数,2056.9962,0.0243061271745382
2022-11-03,2022-08-08,930708.CSI,中证有色金属指数,2076.3504,0.00940896244728107
2022-11-03,2022-08-09,930708.CSI,中证有色金属指数,2086.9507,0.00510525583735766
2022-11-03,2022-08-10,930708.CSI,中证有色金属指数,2081.9582,-0.00239224625670353
2022-11-03,2022-08-11,930708.CSI,中证有色金属指数,2088.3278,0.00305942741789922
2022-11-03,2022-08-12,930708.CSI,中证有色金属指数,2088.6163,0.000138148809779803
2022-11-03,2022-08-15,930708.CSI,中证有色金属指数,2117.3171,0.0137415378784509
2022-11-03,2022-08-16,930708.CSI,中证有色金属指数,2096.2001,-0.00997347067191789
2022-11-03,2022-08-17,930708.CSI,中证有色金属指数,2077.3622,-0.00898668977260331
2022-11-03,2022-08-18,930708.CSI,中证有色金属指数,2060.5822,-0.00807755142555311
2022-11-03,2022-08-19,930708.CSI,中证有色金属指数,2018.4503,-0.0204465999948946
2022-11-03,2022-08-22,930708.CSI,中证有色金属指数,2094.6492,0.0377511896131402
2022-11-03,2022-08-23,930708.CSI,中证有色金属指数,2079.2688,-0.00734270922310043
2022-11-03,2022-08-24,930708.CSI,中证有色金属指数,2019.7817,-0.0286096246911414
2022-11-03,2022-08-25,930708.CSI,中证有色金属指数,2016.6158,-0.00156744662059272
2022-11-03,2022-08-26,930708.CSI,中证有色金属指数,2031.4336,0.00734785475746058
2022-11-03,2022-08-29,930708.CSI,中证有色金属指数,2019.5768,-0.00583666628335777
2022-11-03,2022-08-30,930708.CSI,中证有色金属指数,2005.6672,-0.00688738353500595
2022-11-03,2022-08-31,930708.CSI,中证有色金属指数,1938.4912,-0.0334930939689297
2022-11-03,2022-09-01,930708.CSI,中证有色金属指数,1917.3392,-0.0109115790672664
2022-11-03,2022-09-02,930708.CSI,中证有色金属指数,1903.663,-0.00713290585202653
2022-11-03,2022-09-05,930708.CSI,中证有色金属指数,1910.5348,0.00360977757092495
2022-11-03,2022-09-06,930708.CSI,中证有色金属指数,1968.5412,0.0303613417562454
2022-11-03,2022-09-07,930708.CSI,中证有色金属指数,1996.4713,0.0141882222226286
2022-11-03,2022-09-08,930708.CSI,中证有色金属指数,1987.6452,-0.00442084992656799
2022-11-03,2022-09-09,930708.CSI,中证有色金属指数,2027.363,0.0199823389003229
2022-11-03,2022-09-13,930708.CSI,中证有色金属指数,2040.8218,0.0066385743450974
2022-11-03,2022-09-14,930708.CSI,中证有色金属指数,2013.1786,-0.0135451316719568
2022-11-03,2022-09-15,930708.CSI,中证有色金属指数,1951.5071,-0.0306338940817272
2022-11-03,2022-09-16,930708.CSI,中证有色金属指数,1885.9593,-0.033588296962896
2022-11-03,2022-09-19,930708.CSI,中证有色金属指数,1885.2187,-0.000392691401134737
2022-11-03,2022-09-20,930708.CSI,中证有色金属指数,1938.2045,0.028105916836068
2022-11-03,2022-09-21,930708.CSI,中证有色金属指数,1957.625,0.0100198405276637
2022-11-03,2022-09-22,930708.CSI,中证有色金属指数,1956.0007,-0.00082972990230501
2022-11-03,2022-09-23,930708.CSI,中证有色金属指数,1916.5446,-0.0201718230468937
2022-11-03,2022-09-26,930708.CSI,中证有色金属指数,1865.1195,-0.0268321958174101
2022-11-03,2022-09-27,930708.CSI,中证有色金属指数,1864.634,-0.000260305036755004
2022-11-03,2022-09-28,930708.CSI,中证有色金属指数,1768.1888,-0.0517233945106654
2022-11-03,2022-09-29,930708.CSI,中证有色金属指数,1792.5831,0.0137962077352827
2022-11-03,2022-09-30,930708.CSI,中证有色金属指数,1775.682,-0.00942834951417315
2022-11-03,2022-10-10,930708.CSI,中证有色金属指数,1738.995,-0.0206607939935192
2022-11-03,2022-10-11,930708.CSI,中证有色金属指数,1764.3692,0.0145913012975887
2022-11-03,2022-10-12,930708.CSI,中证有色金属指数,1797.6812,0.0188804021289875
2022-11-03,2022-10-13,930708.CSI,中证有色金属指数,1781.0327,-0.00926109701764699
2022-11-03,2022-10-14,930708.CSI,中证有色金属指数,1822.7318,0.0234128772593563
2022-11-03,2022-10-17,930708.CSI,中证有色金属指数,1824.1609,0.000784042940382257
2022-11-03,2022-10-18,930708.CSI,中证有色金属指数,1818.6556,-0.00301799035381145
2022-11-03,2022-10-19,930708.CSI,中证有色金属指数,1803.0958,-0.00855566056596968
2022-11-03,2022-10-20,930708.CSI,中证有色金属指数,1781.033,-0.0122360664364035
2022-11-03,2022-10-21,930708.CSI,中证有色金属指数,1760.0361,-0.0117891695437422
2022-11-03,2022-10-24,930708.CSI,中证有色金属指数,1762.7334,0.0015325253839964
2022-11-03,2022-10-25,930708.CSI,中证有色金属指数,1762.5504,-0.000103816039339844
2022-11-03,2022-10-26,930708.CSI,中证有色金属指数,1776.7334,0.00804686209256777
2022-11-03,2022-10-27,930708.CSI,中证有色金属指数,1790.9135,0.00798099478514902
2022-11-03,2022-10-28,930708.CSI,中证有色金属指数,1730.6161,-0.0336685160952778
2022-11-03,2022-10-31,930708.CSI,中证有色金属指数,1718.5331,-0.00698190661695552
2022-11-03,2022-11-01,930708.CSI,中证有色金属指数,1782.2553,0.037079413832646
2022-11-03,2022-11-02,930708.CSI,中证有色金属指数,1802.9537,0.0116135999146698
2022-11-03,2022-11-03,930708.CSI,中证有色金属指数,1792.1087,-0.0060151295066535
2022-11-03,2022-08-04,930713.CSI,中证人工智能主题指数,2672.8286,0.0121613321245693
2022-11-03,2022-08-05,930713.CSI,中证人工智能主题指数,2793.5709,0.0451739778600095
2022-11-03,2022-08-08,930713.CSI,中证人工智能主题指数,2781.7857,-0.00421868655633562
2022-11-03,2022-08-09,930713.CSI,中证人工智能主题指数,2774.4645,-0.00263183465210848
2022-11-03,2022-08-10,930713.CSI,中证人工智能主题指数,2730.9527,-0.015682954314247
2022-11-03,2022-08-11,930713.CSI,中证人工智能主题指数,2778.6929,0.017481152273344
2022-11-03,2022-08-12,930713.CSI,中证人工智能主题指数,2732.8768,-0.0164883640074079
2022-11-03,2022-08-15,930713.CSI,中证人工智能主题指数,2687.8093,-0.0164908641326239
2022-11-03,2022-08-16,930713.CSI,中证人工智能主题指数,2668.8711,-0.0070459611848207
2022-11-03,2022-08-17,930713.CSI,中证人工智能主题指数,2688.9127,0.00750939226701508
2022-11-03,2022-08-18,930713.CSI,中证人工智能主题指数,2681.6218,-0.00271146772448205
2022-11-03,2022-08-19,930713.CSI,中证人工智能主题指数,2618.7497,-0.0234455507484315
2022-11-03,2022-08-22,930713.CSI,中证人工智能主题指数,2625.851,0.00271171391446856
2022-11-03,2022-08-23,930713.CSI,中证人工智能主题指数,2625.3895,-0.000175752546507701
2022-11-03,2022-08-24,930713.CSI,中证人工智能主题指数,2515.1272,-0.0419984539436912
2022-11-03,2022-08-25,930713.CSI,中证人工智能主题指数,2492.4383,-0.00902097516181288
2022-11-03,2022-08-26,930713.CSI,中证人工智能主题指数,2470.665,-0.00873574282661271
2022-11-03,2022-08-29,930713.CSI,中证人工智能主题指数,2466.1981,-0.00180797477602179
2022-11-03,2022-08-30,930713.CSI,中证人工智能主题指数,2479.023,0.00520027162457071
2022-11-03,2022-08-31,930713.CSI,中证人工智能主题指数,2449.4766,-0.0119185663061618
2022-11-03,2022-09-01,930713.CSI,中证人工智能主题指数,2448.2151,-0.000515007981705229
2022-11-03,2022-09-02,930713.CSI,中证人工智能主题指数,2467.3197,0.00780348099315309
2022-11-03,2022-09-05,930713.CSI,中证人工智能主题指数,2432.3737,-0.0141635475937715
2022-11-03,2022-09-06,930713.CSI,中证人工智能主题指数,2444.9028,0.00515097659541364
2022-11-03,2022-09-07,930713.CSI,中证人工智能主题指数,2462.2662,0.00710187742432966
2022-11-03,2022-09-08,930713.CSI,中证人工智能主题指数,2426.7612,-0.0144196431726188
2022-11-03,2022-09-09,930713.CSI,中证人工智能主题指数,2443.3266,0.006826135179679
2022-11-03,2022-09-13,930713.CSI,中证人工智能主题指数,2447.1353,0.00155881739264818
2022-11-03,2022-09-14,930713.CSI,中证人工智能主题指数,2431.4095,-0.00642620781940406
2022-11-03,2022-09-15,930713.CSI,中证人工智能主题指数,2375.3317,-0.0230639059360425
2022-11-03,2022-09-16,930713.CSI,中证人工智能主题指数,2368.2606,-0.00297688950136943
2022-11-03,2022-09-19,930713.CSI,中证人工智能主题指数,2329.7924,-0.0162432293135308
2022-11-03,2022-09-20,930713.CSI,中证人工智能主题指数,2338.4413,0.00371230501052366
2022-11-03,2022-09-21,930713.CSI,中证人工智能主题指数,2324.7017,-0.00587553769256466
2022-11-03,2022-09-22,930713.CSI,中证人工智能主题指数,2318.1453,-0.00282031883918699
2022-11-03,2022-09-23,930713.CSI,中证人工智能主题指数,2269.6616,-0.0209148667255673
2022-11-03,2022-09-26,930713.CSI,中证人工智能主题指数,2249.7472,-0.00877417144476522
2022-11-03,2022-09-27,930713.CSI,中证人工智能主题指数,2298.3554,0.0216060720066682
2022-11-03,2022-09-28,930713.CSI,中证人工智能主题指数,2250.4969,-0.0208229327805438
2022-11-03,2022-09-29,930713.CSI,中证人工智能主题指数,2249.3655,-0.000502733418561996
2022-11-03,2022-09-30,930713.CSI,中证人工智能主题指数,2214.0145,-0.0157159874640203
2022-11-03,2022-10-10,930713.CSI,中证人工智能主题指数,2105.9525,-0.0488081717621995
2022-11-03,2022-10-11,930713.CSI,中证人工智能主题指数,2106.7338,0.0003709960219902
2022-11-03,2022-10-12,930713.CSI,中证人工智能主题指数,2179.5149,0.0345468895975372
2022-11-03,2022-10-13,930713.CSI,中证人工智能主题指数,2211.4581,0.0146561053562881
2022-11-03,2022-10-14,930713.CSI,中证人工智能主题指数,2266.7334,0.0249949569471835
2022-11-03,2022-10-17,930713.CSI,中证人工智能主题指数,2313.0478,0.0204322219807587
2022-11-03,2022-10-18,930713.CSI,中证人工智能主题指数,2301.2577,-0.00509721416046816
2022-11-03,2022-10-19,930713.CSI,中证人工智能主题指数,2277.1071,-0.010494522191061
2022-11-03,2022-10-20,930713.CSI,中证人工智能主题指数,2302.5512,0.0111738705658595
2022-11-03,2022-10-21,930713.CSI,中证人工智能主题指数,2298.3316,-0.00183257597051478
2022-11-03,2022-10-24,930713.CSI,中证人工智能主题指数,2287.1265,-0.00487531912279326
2022-11-03,2022-10-25,930713.CSI,中证人工智能主题指数,2253.1577,-0.0148521736773194
2022-11-03,2022-10-26,930713.CSI,中证人工智能主题指数,2338.4492,0.0378542078967663
2022-11-03,2022-10-27,930713.CSI,中证人工智能主题指数,2355.8648,0.0074474998216767
2022-11-03,2022-10-28,930713.CSI,中证人工智能主题指数,2284.126,-0.0304511532240728
2022-11-03,2022-10-31,930713.CSI,中证人工智能主题指数,2354.637,0.0308700133004922
2022-11-03,2022-11-01,930713.CSI,中证人工智能主题指数,2406.7728,0.022141756882271
2022-11-03,2022-11-02,930713.CSI,中证人工智能主题指数,2444.6392,0.015733267386103
2022-11-03,2022-11-03,930713.CSI,中证人工智能主题指数,2428.2272,-0.00671346511992454
2022-11-03,2022-08-04,930721.CSI,中证智能汽车主题指数,5133.3647,-0.00698016459512707
2022-11-03,2022-08-05,930721.CSI,中证智能汽车主题指数,5203.1992,0.0136040402506372
2022-11-03,2022-08-08,930721.CSI,中证智能汽车主题指数,5269.7958,0.0127991640220118
2022-11-03,2022-08-09,930721.CSI,中证智能汽车主题指数,5248.4488,-0.00405082109633159
2022-11-03,2022-08-10,930721.CSI,中证智能汽车主题指数,5151.1951,-0.0185299892798803
2022-11-03,2022-08-11,930721.CSI,中证智能汽车主题指数,5230.1381,0.0153251815292339
2022-11-03,2022-08-12,930721.CSI,中证智能汽车主题指数,5117.2071,-0.0215923552764316
2022-11-03,2022-08-15,930721.CSI,中证智能汽车主题指数,5102.912,-0.00279353555966089
2022-11-03,2022-08-16,930721.CSI,中证智能汽车主题指数,5107.0915,0.000819042146915416
2022-11-03,2022-08-17,930721.CSI,中证智能汽车主题指数,5180.7784,0.0144283492864774
2022-11-03,2022-08-18,930721.CSI,中证智能汽车主题指数,5247.0316,0.0127882713532006
2022-11-03,2022-08-19,930721.CSI,中证智能汽车主题指数,5054.0898,-0.0367716100661564
2022-11-03,2022-08-22,930721.CSI,中证智能汽车主题指数,5110.6622,0.0111933903509194
2022-11-03,2022-08-23,930721.CSI,中证智能汽车主题指数,5110.2731,-7.61349478349826e-05
2022-11-03,2022-08-24,930721.CSI,中证智能汽车主题指数,4868.2647,-0.0473572341955659
2022-11-03,2022-08-25,930721.CSI,中证智能汽车主题指数,4828.7964,-0.00810726253237615
2022-11-03,2022-08-26,930721.CSI,中证智能汽车主题指数,4833.5577,0.000986022106875373
2022-11-03,2022-08-29,930721.CSI,中证智能汽车主题指数,4813.5028,-0.0041490970512259
2022-11-03,2022-08-30,930721.CSI,中证智能汽车主题指数,4813.8695,7.61815283456535e-05
2022-11-03,2022-08-31,930721.CSI,中证智能汽车主题指数,4672.7547,-0.0293142138564412
2022-11-03,2022-09-01,930721.CSI,中证智能汽车主题指数,4596.5759,-0.0163027603396345
2022-11-03,2022-09-02,930721.CSI,中证智能汽车主题指数,4671.7872,0.0163624623276644
2022-11-03,2022-09-05,930721.CSI,中证智能汽车主题指数,4620.5177,-0.0109742798216493
2022-11-03,2022-09-06,930721.CSI,中证智能汽车主题指数,4735.5406,0.0248939420792609
2022-11-03,2022-09-07,930721.CSI,中证智能汽车主题指数,4826.5534,0.0192190940143138
2022-11-03,2022-09-08,930721.CSI,中证智能汽车主题指数,4741.9894,-0.0175205768986207
2022-11-03,2022-09-09,930721.CSI,中证智能汽车主题指数,4745.8133,0.000806391511545712
2022-11-03,2022-09-13,930721.CSI,中证智能汽车主题指数,4765.5316,0.00415488321042901
2022-11-03,2022-09-14,930721.CSI,中证智能汽车主题指数,4678.2092,-0.0183237479738881
2022-11-03,2022-09-15,930721.CSI,中证智能汽车主题指数,4481.2929,-0.0420922390559191
2022-11-03,2022-09-16,930721.CSI,中证智能汽车主题指数,4382.2657,-0.0220979083960346
2022-11-03,2022-09-19,930721.CSI,中证智能汽车主题指数,4375.6627,-0.00150675482775953
2022-11-03,2022-09-20,930721.CSI,中证智能汽车主题指数,4431.5733,0.0127776302318732
2022-11-03,2022-09-21,930721.CSI,中证智能汽车主题指数,4396.822,-0.0078417522733969
2022-11-03,2022-09-22,930721.CSI,中证智能汽车主题指数,4351.9956,-0.0101951818836423
2022-11-03,2022-09-23,930721.CSI,中证智能汽车主题指数,4249.0221,-0.0236612141795364
2022-11-03,2022-09-26,930721.CSI,中证智能汽车主题指数,4288.1562,0.0092101427290765
2022-11-03,2022-09-27,930721.CSI,中证智能汽车主题指数,4336.5089,0.0112758719003752
2022-11-03,2022-09-28,930721.CSI,中证智能汽车主题指数,4187.4014,-0.0343842255229777
2022-11-03,2022-09-29,930721.CSI,中证智能汽车主题指数,4210.2979,0.00546794964533359
2022-11-03,2022-09-30,930721.CSI,中证智能汽车主题指数,4091.1766,-0.0282928436013993
2022-11-03,2022-10-10,930721.CSI,中证智能汽车主题指数,3896.7055,-0.0475342716811589
2022-11-03,2022-10-11,930721.CSI,中证智能汽车主题指数,3941.0288,0.0113745573023161
2022-11-03,2022-10-12,930721.CSI,中证智能汽车主题指数,4087.5286,0.0371729838665478
2022-11-03,2022-10-13,930721.CSI,中证智能汽车主题指数,4099.4834,0.00292470124857358
2022-11-03,2022-10-14,930721.CSI,中证智能汽车主题指数,4194.363,0.0231442820331949
2022-11-03,2022-10-17,930721.CSI,中证智能汽车主题指数,4211.4407,0.00407158369459193
2022-11-03,2022-10-18,930721.CSI,中证智能汽车主题指数,4185.8049,-0.0060871805698226
2022-11-03,2022-10-19,930721.CSI,中证智能汽车主题指数,4142.7588,-0.0102838285654452
2022-11-03,2022-10-20,930721.CSI,中证智能汽车主题指数,4107.7656,-0.00844683499314514
2022-11-03,2022-10-21,930721.CSI,中证智能汽车主题指数,4092.9272,-0.00361228011647008
2022-11-03,2022-10-24,930721.CSI,中证智能汽车主题指数,4045.9636,-0.0114743306453142
2022-11-03,2022-10-25,930721.CSI,中证智能汽车主题指数,4051.713,0.0014210211876351
2022-11-03,2022-10-26,930721.CSI,中证智能汽车主题指数,4116.0625,0.0158820479140551
2022-11-03,2022-10-27,930721.CSI,中证智能汽车主题指数,4103.2466,-0.00311363104909113
2022-11-03,2022-10-28,930721.CSI,中证智能汽车主题指数,3933.4993,-0.0413690222761656
2022-11-03,2022-10-31,930721.CSI,中证智能汽车主题指数,4015.4046,0.0208225027521931
2022-11-03,2022-11-01,930721.CSI,中证智能汽车主题指数,4125.9194,0.0275227059310537
2022-11-03,2022-11-02,930721.CSI,中证智能汽车主题指数,4280.3767,0.0374358500556264
2022-11-03,2022-11-03,930721.CSI,中证智能汽车主题指数,4313.7873,0.00780552795738743
2022-11-03,2022-08-04,930726.CSI,中证生物医药指数,3084.9014,0.0254212887720524
2022-11-03,2022-08-05,930726.CSI,中证生物医药指数,3182.0012,0.0314758196161471
2022-11-03,2022-08-08,930726.CSI,中证生物医药指数,3167.3885,-0.00459229870812117
2022-11-03,2022-08-09,930726.CSI,中证生物医药指数,3146.9901,-0.00644013198886084
2022-11-03,2022-08-10,930726.CSI,中证生物医药指数,3094.6495,-0.0166319557217546
2022-11-03,2022-08-11,930726.CSI,中证生物医药指数,3178.8074,0.0271946467604813
2022-11-03,2022-08-12,930726.CSI,中证生物医药指数,3193.0198,0.00447098493604869
2022-11-03,2022-08-15,930726.CSI,中证生物医药指数,3146.1152,-0.0146897303925267
2022-11-03,2022-08-16,930726.CSI,中证生物医药指数,3101.9203,-0.0140474512821399
2022-11-03,2022-08-17,930726.CSI,中证生物医药指数,3124.9769,0.00743300851411299
2022-11-03,2022-08-18,930726.CSI,中证生物医药指数,3054.3767,-0.0225922310017717
2022-11-03,2022-08-19,930726.CSI,中证生物医药指数,3042.8683,-0.00376783911427814
2022-11-03,2022-08-22,930726.CSI,中证生物医药指数,3041.5899,-0.000420129914922795
2022-11-03,2022-08-23,930726.CSI,中证生物医药指数,2991.627,-0.0164265734838217
2022-11-03,2022-08-24,930726.CSI,中证生物医药指数,2956.083,-0.0118811603184488
2022-11-03,2022-08-25,930726.CSI,中证生物医药指数,2986.6644,0.010345244027316
2022-11-03,2022-08-26,930726.CSI,中证生物医药指数,2983.6483,-0.00100985567712275
2022-11-03,2022-08-29,930726.CSI,中证生物医药指数,2957.5799,-0.00873708875137857
2022-11-03,2022-08-30,930726.CSI,中证生物医药指数,2941.9117,-0.00529764217020823
2022-11-03,2022-08-31,930726.CSI,中证生物医药指数,2988.0627,0.0156874184905005
2022-11-03,2022-09-01,930726.CSI,中证生物医药指数,2981.4038,-0.00222850076071024
2022-11-03,2022-09-02,930726.CSI,中证生物医药指数,2969.5234,-0.00398483425827789
2022-11-03,2022-09-05,930726.CSI,中证生物医药指数,2929.9314,-0.0133327792601332
2022-11-03,2022-09-06,930726.CSI,中证生物医药指数,2910.5758,-0.00660616149579474
2022-11-03,2022-09-07,930726.CSI,中证生物医药指数,2896.3132,-0.00490026750033445
2022-11-03,2022-09-08,930726.CSI,中证生物医药指数,2872.9683,-0.00806021254883627
2022-11-03,2022-09-09,930726.CSI,中证生物医药指数,2936.1743,0.022000242745456
2022-11-03,2022-09-13,930726.CSI,中证生物医药指数,2903.2033,-0.0112292379917637
2022-11-03,2022-09-14,930726.CSI,中证生物医药指数,2887.7344,-0.00532821797219651
2022-11-03,2022-09-15,930726.CSI,中证生物医药指数,2874.2358,-0.00467446036588404
2022-11-03,2022-09-16,930726.CSI,中证生物医药指数,2791.8629,-0.0286590613059652
2022-11-03,2022-09-19,930726.CSI,中证生物医药指数,2776.8223,-0.00538729892502965
2022-11-03,2022-09-20,930726.CSI,中证生物医药指数,2760.2176,-0.00597974886617691
2022-11-03,2022-09-21,930726.CSI,中证生物医药指数,2679.4518,-0.0292606640867735
2022-11-03,2022-09-22,930726.CSI,中证生物医药指数,2646.8193,-0.0121787971703763
2022-11-03,2022-09-23,930726.CSI,中证生物医药指数,2631.8881,-0.00564118600767338
2022-11-03,2022-09-26,930726.CSI,中证生物医药指数,2599.7096,-0.0122263936677247
2022-11-03,2022-09-27,930726.CSI,中证生物医药指数,2743.0219,0.0551262725652126
2022-11-03,2022-09-28,930726.CSI,中证生物医药指数,2718.5051,-0.00893787978871052
2022-11-03,2022-09-29,930726.CSI,中证生物医药指数,2786.677,0.0250769807273858
2022-11-03,2022-09-30,930726.CSI,中证生物医药指数,2790.0797,0.00122106006544698
2022-11-03,2022-10-10,930726.CSI,中证生物医药指数,2737.5447,-0.0188292112228908
2022-11-03,2022-10-11,930726.CSI,中证生物医药指数,2709.7865,-0.0101398161644629
2022-11-03,2022-10-12,930726.CSI,中证生物医药指数,2724.5642,0.00545345546595621
2022-11-03,2022-10-13,930726.CSI,中证生物医药指数,2811.797,0.0320171570924994
2022-11-03,2022-10-14,930726.CSI,中证生物医药指数,3063.5696,0.0895415280690603
2022-11-03,2022-10-17,930726.CSI,中证生物医药指数,3105.0268,0.0135323186390153
2022-11-03,2022-10-18,930726.CSI,中证生物医药指数,3140.9788,0.0115786440232979
2022-11-03,2022-10-19,930726.CSI,中证生物医药指数,3085.3003,-0.017726480675387
2022-11-03,2022-10-20,930726.CSI,中证生物医药指数,3100.769,0.00501367727478574
2022-11-03,2022-10-21,930726.CSI,中证生物医药指数,3110.003,0.00297797094849717
2022-11-03,2022-10-24,930726.CSI,中证生物医药指数,3031.2011,-0.0253382070692536
2022-11-03,2022-10-25,930726.CSI,中证生物医药指数,2966.1331,-0.0214660782486521
2022-11-03,2022-10-26,930726.CSI,中证生物医药指数,3123.3129,0.0529914857832914
2022-11-03,2022-10-27,930726.CSI,中证生物医药指数,3107.4872,-0.00506695950956426
2022-11-03,2022-10-28,930726.CSI,中证生物医药指数,3067.7611,-0.0127839947337514
2022-11-03,2022-10-31,930726.CSI,中证生物医药指数,3064.7802,-0.000971685833033087
2022-11-03,2022-11-01,930726.CSI,中证生物医药指数,3168.8496,0.0339565623662017
2022-11-03,2022-11-02,930726.CSI,中证生物医药指数,3219.2134,0.015893401820017
2022-11-03,2022-11-03,930726.CSI,中证生物医药指数,3188.9578,-0.00939844497416664
2022-11-03,2022-08-04,930743.CSI,中证生物科技主题指数,4440.4684,0.0282133754874871
2022-11-03,2022-08-05,930743.CSI,中证生物科技主题指数,4571.0214,0.0294007271845464
2022-11-03,2022-08-08,930743.CSI,中证生物科技主题指数,4539.3362,-0.00693175490274445
2022-11-03,2022-08-09,930743.CSI,中证生物科技主题指数,4513.1489,-0.00576897124297593
2022-11-03,2022-08-10,930743.CSI,中证生物科技主题指数,4434.663,-0.0173904964668905
2022-11-03,2022-08-11,930743.CSI,中证生物科技主题指数,4574.1826,0.0314611504865197
2022-11-03,2022-08-12,930743.CSI,中证生物科技主题指数,4601.4343,0.0059577201837111
2022-11-03,2022-08-15,930743.CSI,中证生物科技主题指数,4527.627,-0.0160400638557415
2022-11-03,2022-08-16,930743.CSI,中证生物科技主题指数,4472.959,-0.0120743161925664
2022-11-03,2022-08-17,930743.CSI,中证生物科技主题指数,4512.0053,0.00872941155955154
2022-11-03,2022-08-18,930743.CSI,中证生物科技主题指数,4414.5199,-0.021605781358457
2022-11-03,2022-08-19,930743.CSI,中证生物科技主题指数,4393.0108,-0.00487235316347767
2022-11-03,2022-08-22,930743.CSI,中证生物科技主题指数,4384.8257,-0.00186320962379594
2022-11-03,2022-08-23,930743.CSI,中证生物科技主题指数,4310.6287,-0.0169213111481261
2022-11-03,2022-08-24,930743.CSI,中证生物科技主题指数,4248.3778,-0.0144412577218724
2022-11-03,2022-08-25,930743.CSI,中证生物科技主题指数,4298.715,0.0118485695881378
2022-11-03,2022-08-26,930743.CSI,中证生物科技主题指数,4298.0272,-0.000160001302714763
2022-11-03,2022-08-29,930743.CSI,中证生物科技主题指数,4253.4636,-0.0103683848254846
2022-11-03,2022-08-30,930743.CSI,中证生物科技主题指数,4235.265,-0.00427853667303035
2022-11-03,2022-08-31,930743.CSI,中证生物科技主题指数,4302.4736,0.0158688063202657
2022-11-03,2022-09-01,930743.CSI,中证生物科技主题指数,4304.9461,0.000574669418076157
2022-11-03,2022-09-02,930743.CSI,中证生物科技主题指数,4275.7589,-0.00677992228520596
2022-11-03,2022-09-05,930743.CSI,中证生物科技主题指数,4197.1937,-0.0183745627004367
2022-11-03,2022-09-06,930743.CSI,中证生物科技主题指数,4169.5347,-0.00658987932818056
2022-11-03,2022-09-07,930743.CSI,中证生物科技主题指数,4155.3315,-0.00340642326348783
2022-11-03,2022-09-08,930743.CSI,中证生物科技主题指数,4111.6476,-0.0105127352655258
2022-11-03,2022-09-09,930743.CSI,中证生物科技主题指数,4201.1218,0.0217611548227041
2022-11-03,2022-09-13,930743.CSI,中证生物科技主题指数,4120.7294,-0.0191359365015314
2022-11-03,2022-09-14,930743.CSI,中证生物科技主题指数,4094.3873,-0.00639258185698877
2022-11-03,2022-09-15,930743.CSI,中证生物科技主题指数,4075.3976,-0.00463798331926246
2022-11-03,2022-09-16,930743.CSI,中证生物科技主题指数,3946.5137,-0.0316248652646799
2022-11-03,2022-09-19,930743.CSI,中证生物科技主题指数,3934.0651,-0.00315432833794549
2022-11-03,2022-09-20,930743.CSI,中证生物科技主题指数,3915.8893,-0.00462010656610634
2022-11-03,2022-09-21,930743.CSI,中证生物科技主题指数,3814.825,-0.0258087735013347
2022-11-03,2022-09-22,930743.CSI,中证生物科技主题指数,3768.6586,-0.0121018395339235
2022-11-03,2022-09-23,930743.CSI,中证生物科技主题指数,3750.1766,-0.00490413220237051
2022-11-03,2022-09-26,930743.CSI,中证生物科技主题指数,3699.3987,-0.0135401356832101
2022-11-03,2022-09-27,930743.CSI,中证生物科技主题指数,3889.831,0.0514765548249774
2022-11-03,2022-09-28,930743.CSI,中证生物科技主题指数,3837.0621,-0.0135658592879743
2022-11-03,2022-09-29,930743.CSI,中证生物科技主题指数,3918.8564,0.0213169080583815
2022-11-03,2022-09-30,930743.CSI,中证生物科技主题指数,3915.7323,-0.000797196855694904
2022-11-03,2022-10-10,930743.CSI,中证生物科技主题指数,3807.8193,-0.0275588298004948
2022-11-03,2022-10-11,930743.CSI,中证生物科技主题指数,3761.377,-0.0121965609029819
2022-11-03,2022-10-12,930743.CSI,中证生物科技主题指数,3786.988,0.00680894257608311
2022-11-03,2022-10-13,930743.CSI,中证生物科技主题指数,3902.0373,0.0303801596413826
2022-11-03,2022-10-14,930743.CSI,中证生物科技主题指数,4255.0054,0.0904573874780745
2022-11-03,2022-10-17,930743.CSI,中证生物科技主题指数,4302.2325,0.0110991868541459
2022-11-03,2022-10-18,930743.CSI,中证生物科技主题指数,4344.834,0.00990218450537017
2022-11-03,2022-10-19,930743.CSI,中证生物科技主题指数,4265.0909,-0.0183535435415944
2022-11-03,2022-10-20,930743.CSI,中证生物科技主题指数,4269.6749,0.00107477193510697
2022-11-03,2022-10-21,930743.CSI,中证生物科技主题指数,4276.0569,0.0014947273854502
2022-11-03,2022-10-24,930743.CSI,中证生物科技主题指数,4145.1104,-0.0306231893219194
2022-11-03,2022-10-25,930743.CSI,中证生物科技主题指数,4059.2455,-0.0207147438099597
2022-11-03,2022-10-26,930743.CSI,中证生物科技主题指数,4281.3071,0.0547051416328477
2022-11-03,2022-10-27,930743.CSI,中证生物科技主题指数,4250.9989,-0.00707919317443972
2022-11-03,2022-10-28,930743.CSI,中证生物科技主题指数,4172.0527,-0.0185712115804122
2022-11-03,2022-10-31,930743.CSI,中证生物科技主题指数,4139.3029,-0.00784980496531129
2022-11-03,2022-11-01,930743.CSI,中证生物科技主题指数,4299.562,0.0387164466751153
2022-11-03,2022-11-02,930743.CSI,中证生物科技主题指数,4377.1185,0.0180382327316131
2022-11-03,2022-11-03,930743.CSI,中证生物科技主题指数,4338.0577,-0.00892386166835535
2022-11-03,2022-08-04,930821.CSI,中证虚拟现实主题指数,2311.5141,0.0143996030722231
2022-11-03,2022-08-05,930821.CSI,中证虚拟现实主题指数,2379.3157,0.0293321161225018
2022-11-03,2022-08-08,930821.CSI,中证虚拟现实主题指数,2374.4995,-0.00202419544409349
2022-11-03,2022-08-09,930821.CSI,中证虚拟现实主题指数,2374.4388,-2.55632818620954e-05
2022-11-03,2022-08-10,930821.CSI,中证虚拟现实主题指数,2339.2101,-0.0148366426626789
2022-11-03,2022-08-11,930821.CSI,中证虚拟现实主题指数,2451.3362,0.0479333173193808
2022-11-03,2022-08-12,930821.CSI,中证虚拟现实主题指数,2415.0994,-0.0147824684349703
2022-11-03,2022-08-15,930821.CSI,中证虚拟现实主题指数,2407.7486,-0.00304368424753043
2022-11-03,2022-08-16,930821.CSI,中证虚拟现实主题指数,2396.9257,-0.0044950290906618
2022-11-03,2022-08-17,930821.CSI,中证虚拟现实主题指数,2466.4328,0.0289984374567807
2022-11-03,2022-08-18,930821.CSI,中证虚拟现实主题指数,2490.0874,0.00959061199640221
2022-11-03,2022-08-19,930821.CSI,中证虚拟现实主题指数,2446.8906,-0.0173475035454578
2022-11-03,2022-08-22,930821.CSI,中证虚拟现实主题指数,2478.6427,0.0129765098611272
2022-11-03,2022-08-23,930821.CSI,中证虚拟现实主题指数,2450.9505,-0.0111723242724738
2022-11-03,2022-08-24,930821.CSI,中证虚拟现实主题指数,2347.8163,-0.0420792667987379
2022-11-03,2022-08-25,930821.CSI,中证虚拟现实主题指数,2332.1395,-0.00667718338951806
2022-11-03,2022-08-26,930821.CSI,中证虚拟现实主题指数,2320.8947,-0.00482166697146569
2022-11-03,2022-08-29,930821.CSI,中证虚拟现实主题指数,2312.9539,-0.00342143915447768
2022-11-03,2022-08-30,930821.CSI,中证虚拟现实主题指数,2304.6012,-0.0036112695544861
2022-11-03,2022-08-31,930821.CSI,中证虚拟现实主题指数,2261.0824,-0.018883440657759
2022-11-03,2022-09-01,930821.CSI,中证虚拟现实主题指数,2216.8133,-0.0195787203509258
2022-11-03,2022-09-02,930821.CSI,中证虚拟现实主题指数,2263.7184,0.0211587958264237
2022-11-03,2022-09-05,930821.CSI,中证虚拟现实主题指数,2241.3715,-0.00987176673565049
2022-11-03,2022-09-06,930821.CSI,中证虚拟现实主题指数,2260.3301,0.00845848178224795
2022-11-03,2022-09-07,930821.CSI,中证虚拟现实主题指数,2262.0913,0.000779178227109378
2022-11-03,2022-09-08,930821.CSI,中证虚拟现实主题指数,2224.7431,-0.0165104741793578
2022-11-03,2022-09-09,930821.CSI,中证虚拟现实主题指数,2232.7551,0.00360131468662583
2022-11-03,2022-09-13,930821.CSI,中证虚拟现实主题指数,2239.2491,0.00290851423875371
2022-11-03,2022-09-14,930821.CSI,中证虚拟现实主题指数,2200.3584,-0.017367741713059
2022-11-03,2022-09-15,930821.CSI,中证虚拟现实主题指数,2153.7471,-0.0211835035601473
2022-11-03,2022-09-16,930821.CSI,中证虚拟现实主题指数,2100.9061,-0.0245344497503908
2022-11-03,2022-09-19,930821.CSI,中证虚拟现实主题指数,2075.4182,-0.0121318606290877
2022-11-03,2022-09-20,930821.CSI,中证虚拟现实主题指数,2063.2657,-0.0058554463866608
2022-11-03,2022-09-21,930821.CSI,中证虚拟现实主题指数,2046.7677,-0.00799606177721068
2022-11-03,2022-09-22,930821.CSI,中证虚拟现实主题指数,2021.2235,-0.0124802633928609
2022-11-03,2022-09-23,930821.CSI,中证虚拟现实主题指数,1979.2765,-0.0207532714714628
2022-11-03,2022-09-26,930821.CSI,中证虚拟现实主题指数,1963.504,-0.00796882093027429
2022-11-03,2022-09-27,930821.CSI,中证虚拟现实主题指数,2002.108,0.0196607697259594
2022-11-03,2022-09-28,930821.CSI,中证虚拟现实主题指数,1933.3346,-0.0343504945787141
2022-11-03,2022-09-29,930821.CSI,中证虚拟现实主题指数,1922.911,-0.00539151370900814
2022-11-03,2022-09-30,930821.CSI,中证虚拟现实主题指数,1892.2011,-0.0159705259369779
2022-11-03,2022-10-10,930821.CSI,中证虚拟现实主题指数,1832.2103,-0.0317042411612593
2022-11-03,2022-10-11,930821.CSI,中证虚拟现实主题指数,1832.8036,0.000323816540055422
2022-11-03,2022-10-12,930821.CSI,中证虚拟现实主题指数,1904.8131,0.0392892615444449
2022-11-03,2022-10-13,930821.CSI,中证虚拟现实主题指数,1902.953,-0.00097652625341571
2022-11-03,2022-10-14,930821.CSI,中证虚拟现实主题指数,1964.2456,0.0322092032751202
2022-11-03,2022-10-17,930821.CSI,中证虚拟现实主题指数,2000.3907,0.0184015176106287
2022-11-03,2022-10-18,930821.CSI,中证虚拟现实主题指数,1986.5367,-0.00692564707484389
2022-11-03,2022-10-19,930821.CSI,中证虚拟现实主题指数,1960.1062,-0.0133048133467658
2022-11-03,2022-10-20,930821.CSI,中证虚拟现实主题指数,1975.2437,0.00772279583626645
2022-11-03,2022-10-21,930821.CSI,中证虚拟现实主题指数,1943.0504,-0.016298393965261
2022-11-03,2022-10-24,930821.CSI,中证虚拟现实主题指数,1908.5026,-0.0177801872766656
2022-11-03,2022-10-25,930821.CSI,中证虚拟现实主题指数,1893.6059,-0.00780543867218209
2022-11-03,2022-10-26,930821.CSI,中证虚拟现实主题指数,1940.7743,0.0249093013493462
2022-11-03,2022-10-27,930821.CSI,中证虚拟现实主题指数,1941.7012,0.000477592886509282
2022-11-03,2022-10-28,930821.CSI,中证虚拟现实主题指数,1852.7332,-0.0458196142640279
2022-11-03,2022-10-31,930821.CSI,中证虚拟现实主题指数,1877.8822,0.0135739997534454
2022-11-03,2022-11-01,930821.CSI,中证虚拟现实主题指数,1946.8786,0.0367416017895053
2022-11-03,2022-11-02,930821.CSI,中证虚拟现实主题指数,1992.7936,0.0235839050262301
2022-11-03,2022-11-03,930821.CSI,中证虚拟现实主题指数,1985.9747,-0.00342177935537324
2022-11-03,2022-08-04,930851.CSI,中证云计算与大数据主题指数,2968.9458,0.0110978270841988
2022-11-03,2022-08-05,930851.CSI,中证云计算与大数据主题指数,3131.2985,0.0546836186770401
2022-11-03,2022-08-08,930851.CSI,中证云计算与大数据主题指数,3146.1771,0.00475157510534374
2022-11-03,2022-08-09,930851.CSI,中证云计算与大数据主题指数,3108.8998,-0.0118484429881585
2022-11-03,2022-08-10,930851.CSI,中证云计算与大数据主题指数,3088.2184,-0.00665232118449099
2022-11-03,2022-08-11,930851.CSI,中证云计算与大数据主题指数,3146.475,0.0188641451006184
2022-11-03,2022-08-12,930851.CSI,中证云计算与大数据主题指数,3103.9377,-0.0135190332038233
2022-11-03,2022-08-15,930851.CSI,中证云计算与大数据主题指数,3081.7435,-0.00715033681249466
2022-11-03,2022-08-16,930851.CSI,中证云计算与大数据主题指数,3040.944,-0.0132390966347459
2022-11-03,2022-08-17,930851.CSI,中证云计算与大数据主题指数,3066.1191,0.00827871213675757
2022-11-03,2022-08-18,930851.CSI,中证云计算与大数据主题指数,3053.5538,-0.00409811217052847
2022-11-03,2022-08-19,930851.CSI,中证云计算与大数据主题指数,3004.6982,-0.0159995871040491
2022-11-03,2022-08-22,930851.CSI,中证云计算与大数据主题指数,3025.4532,0.006907515703241
2022-11-03,2022-08-23,930851.CSI,中证云计算与大数据主题指数,3033.6649,0.00271420493299979
2022-11-03,2022-08-24,930851.CSI,中证云计算与大数据主题指数,2906.0476,-0.04206703911167
2022-11-03,2022-08-25,930851.CSI,中证云计算与大数据主题指数,2899.793,-0.00215227032069254
2022-11-03,2022-08-26,930851.CSI,中证云计算与大数据主题指数,2890.3278,-0.00326409505781966
2022-11-03,2022-08-29,930851.CSI,中证云计算与大数据主题指数,2871.4105,-0.00654503617202173
2022-11-03,2022-08-30,930851.CSI,中证云计算与大数据主题指数,2895.7359,0.00847158565450679
2022-11-03,2022-08-31,930851.CSI,中证云计算与大数据主题指数,2869.9188,-0.00891555752719031
2022-11-03,2022-09-01,930851.CSI,中证云计算与大数据主题指数,2894.4465,0.00854647873661096
2022-11-03,2022-09-02,930851.CSI,中证云计算与大数据主题指数,2916.146,0.00749694285245917
2022-11-03,2022-09-05,930851.CSI,中证云计算与大数据主题指数,2899.4255,-0.00573376641635925
2022-11-03,2022-09-06,930851.CSI,中证云计算与大数据主题指数,2902.4926,0.00105783024947526
2022-11-03,2022-09-07,930851.CSI,中证云计算与大数据主题指数,2912.886,0.00358085322939328
2022-11-03,2022-09-08,930851.CSI,中证云计算与大数据主题指数,2877.0576,-0.0122999664250506
2022-11-03,2022-09-09,930851.CSI,中证云计算与大数据主题指数,2903.8129,0.00929953574791131
2022-11-03,2022-09-13,930851.CSI,中证云计算与大数据主题指数,2915.1606,0.00390786197003257
2022-11-03,2022-09-14,930851.CSI,中证云计算与大数据主题指数,2918.4148,0.0011163021344347
2022-11-03,2022-09-15,930851.CSI,中证云计算与大数据主题指数,2875.2583,-0.0147876511591156
2022-11-03,2022-09-16,930851.CSI,中证云计算与大数据主题指数,2868.3766,-0.0023934197494534
2022-11-03,2022-09-19,930851.CSI,中证云计算与大数据主题指数,2799.6804,-0.023949505096367
2022-11-03,2022-09-20,930851.CSI,中证云计算与大数据主题指数,2784.6088,-0.0053833287542393
2022-11-03,2022-09-21,930851.CSI,中证云计算与大数据主题指数,2788.1226,0.00126186486231039
2022-11-03,2022-09-22,930851.CSI,中证云计算与大数据主题指数,2795.0774,0.00249443837225805
2022-11-03,2022-09-23,930851.CSI,中证云计算与大数据主题指数,2746.7339,-0.0172959432178873
2022-11-03,2022-09-26,930851.CSI,中证云计算与大数据主题指数,2682.6216,-0.0233412854445056
2022-11-03,2022-09-27,930851.CSI,中证云计算与大数据主题指数,2747.0373,0.0240122199865982
2022-11-03,2022-09-28,930851.CSI,中证云计算与大数据主题指数,2680.1749,-0.0243398223970239
2022-11-03,2022-09-29,930851.CSI,中证云计算与大数据主题指数,2688.8192,0.00322527458935595
2022-11-03,2022-09-30,930851.CSI,中证云计算与大数据主题指数,2660.1236,-0.0106721939504151
2022-11-03,2022-10-10,930851.CSI,中证云计算与大数据主题指数,2579.9711,-0.0301311187194458
2022-11-03,2022-10-11,930851.CSI,中证云计算与大数据主题指数,2566.591,-0.00518614336416412
2022-11-03,2022-10-12,930851.CSI,中证云计算与大数据主题指数,2696.8599,0.0507556131849602
2022-11-03,2022-10-13,930851.CSI,中证云计算与大数据主题指数,2758.5047,0.0228579912512326
2022-11-03,2022-10-14,930851.CSI,中证云计算与大数据主题指数,2806.0034,0.0172190027444943
2022-11-03,2022-10-17,930851.CSI,中证云计算与大数据主题指数,2872.2846,0.0236212115780046
2022-11-03,2022-10-18,930851.CSI,中证云计算与大数据主题指数,2847.7212,-0.0085518684325363
2022-11-03,2022-10-19,930851.CSI,中证云计算与大数据主题指数,2837.432,-0.00361313460039558
2022-11-03,2022-10-20,930851.CSI,中证云计算与大数据主题指数,2867.6763,0.0106590395822703
2022-11-03,2022-10-21,930851.CSI,中证云计算与大数据主题指数,2897.6319,0.0104459488680781
2022-11-03,2022-10-24,930851.CSI,中证云计算与大数据主题指数,2891.4762,-0.00212438991992037
2022-11-03,2022-10-25,930851.CSI,中证云计算与大数据主题指数,2839.4814,-0.017982095097307
2022-11-03,2022-10-26,930851.CSI,中证云计算与大数据主题指数,2993.9438,0.0543981024140534
2022-11-03,2022-10-27,930851.CSI,中证云计算与大数据主题指数,3086.7978,0.0310139422122753
2022-11-03,2022-10-28,930851.CSI,中证云计算与大数据主题指数,3031.0046,-0.0180747828704555
2022-11-03,2022-10-31,930851.CSI,中证云计算与大数据主题指数,3167.5445,0.0450477376378775
2022-11-03,2022-11-01,930851.CSI,中证云计算与大数据主题指数,3209.3443,0.013196278694743
2022-11-03,2022-11-02,930851.CSI,中证云计算与大数据主题指数,3213.8844,0.00141465033838828
2022-11-03,2022-11-03,930851.CSI,中证云计算与大数据主题指数,3128.2649,-0.0266405039334955
2022-11-03,2022-08-04,930901.CSI,中证动漫游戏指数,1160.2763,0.0141206267940635
2022-11-03,2022-08-05,930901.CSI,中证动漫游戏指数,1199.324,0.0336537943591539
2022-11-03,2022-08-08,930901.CSI,中证动漫游戏指数,1207.5221,0.00683560072173983
2022-11-03,2022-08-09,930901.CSI,中证动漫游戏指数,1196.3614,-0.00924264657350782
2022-11-03,2022-08-10,930901.CSI,中证动漫游戏指数,1184.3802,-0.0100146995715509
2022-11-03,2022-08-11,930901.CSI,中证动漫游戏指数,1221.8749,0.0316576552022736
2022-11-03,2022-08-12,930901.CSI,中证动漫游戏指数,1244.0283,0.0181306613303864
2022-11-03,2022-08-15,930901.CSI,中证动漫游戏指数,1233.6859,-0.00831363723799527
2022-11-03,2022-08-16,930901.CSI,中证动漫游戏指数,1224.1206,-0.0077534322147963
2022-11-03,2022-08-17,930901.CSI,中证动漫游戏指数,1249.6234,0.0208335681958134
2022-11-03,2022-08-18,930901.CSI,中证动漫游戏指数,1227.3066,-0.017858820505442
2022-11-03,2022-08-19,930901.CSI,中证动漫游戏指数,1238.5359,0.00914954747248986
2022-11-03,2022-08-22,930901.CSI,中证动漫游戏指数,1263.7663,0.0203711495161343
2022-11-03,2022-08-23,930901.CSI,中证动漫游戏指数,1250.3931,-0.0105820197927418
2022-11-03,2022-08-24,930901.CSI,中证动漫游戏指数,1230.9385,-0.0155587870726415
2022-11-03,2022-08-25,930901.CSI,中证动漫游戏指数,1224.0608,-0.00558736281300809
2022-11-03,2022-08-26,930901.CSI,中证动漫游戏指数,1216.4064,-0.00625328415059112
2022-11-03,2022-08-29,930901.CSI,中证动漫游戏指数,1217.4874,0.000888683255859224
2022-11-03,2022-08-30,930901.CSI,中证动漫游戏指数,1236.7018,0.0157820113785161
2022-11-03,2022-08-31,930901.CSI,中证动漫游戏指数,1231.4032,-0.00428446048999043
2022-11-03,2022-09-01,930901.CSI,中证动漫游戏指数,1206.85,-0.0199392043158569
2022-11-03,2022-09-02,930901.CSI,中证动漫游戏指数,1241.635,0.0288229688859427
2022-11-03,2022-09-05,930901.CSI,中证动漫游戏指数,1208.3307,-0.0268229391085142
2022-11-03,2022-09-06,930901.CSI,中证动漫游戏指数,1213.6555,0.00440674063813828
2022-11-03,2022-09-07,930901.CSI,中证动漫游戏指数,1188.4734,-0.0207489687147629
2022-11-03,2022-09-08,930901.CSI,中证动漫游戏指数,1177.4787,-0.00925111155201297
2022-11-03,2022-09-09,930901.CSI,中证动漫游戏指数,1184.6169,0.0060622752666355
2022-11-03,2022-09-13,930901.CSI,中证动漫游戏指数,1186.6098,0.00168231602976454
2022-11-03,2022-09-14,930901.CSI,中证动漫游戏指数,1176.0672,-0.00888463924703808
2022-11-03,2022-09-15,930901.CSI,中证动漫游戏指数,1159.5583,-0.0140373781362154
2022-11-03,2022-09-16,930901.CSI,中证动漫游戏指数,1138.6841,-0.0180018546717314
2022-11-03,2022-09-19,930901.CSI,中证动漫游戏指数,1104.1928,-0.0302904905759199
2022-11-03,2022-09-20,930901.CSI,中证动漫游戏指数,1107.7733,0.00324264023456777
2022-11-03,2022-09-21,930901.CSI,中证动漫游戏指数,1114.4135,0.00599418671672258
2022-11-03,2022-09-22,930901.CSI,中证动漫游戏指数,1099.4628,-0.0134157563597355
2022-11-03,2022-09-23,930901.CSI,中证动漫游戏指数,1069.0476,-0.0276636917592845
2022-11-03,2022-09-26,930901.CSI,中证动漫游戏指数,1049.6371,-0.0181568154682731
2022-11-03,2022-09-27,930901.CSI,中证动漫游戏指数,1077.2748,0.0263307194457971
2022-11-03,2022-09-28,930901.CSI,中证动漫游戏指数,1049.8252,-0.0254805923242611
2022-11-03,2022-09-29,930901.CSI,中证动漫游戏指数,1036.6036,-0.0125940966172274
2022-11-03,2022-09-30,930901.CSI,中证动漫游戏指数,1035.0484,-0.00150028419735371
2022-11-03,2022-10-10,930901.CSI,中证动漫游戏指数,1016.6164,-0.0178078628980054
2022-11-03,2022-10-11,930901.CSI,中证动漫游戏指数,1006.2778,-0.0101696175666653
2022-11-03,2022-10-12,930901.CSI,中证动漫游戏指数,1030.6679,0.0242379390661307
2022-11-03,2022-10-13,930901.CSI,中证动漫游戏指数,1030.2593,-0.000396441957685845
2022-11-03,2022-10-14,930901.CSI,中证动漫游戏指数,1050.8922,0.0200269000241009
2022-11-03,2022-10-17,930901.CSI,中证动漫游戏指数,1065.4905,0.0138913391877873
2022-11-03,2022-10-18,930901.CSI,中证动漫游戏指数,1060.9969,-0.00421740034284679
2022-11-03,2022-10-19,930901.CSI,中证动漫游戏指数,1045.9423,-0.0141891083753404
2022-11-03,2022-10-20,930901.CSI,中证动漫游戏指数,1054.9763,0.00863718773014543
2022-11-03,2022-10-21,930901.CSI,中证动漫游戏指数,1038.6823,-0.0154448967242203
2022-11-03,2022-10-24,930901.CSI,中证动漫游戏指数,1012.1074,-0.0255852054088146
2022-11-03,2022-10-25,930901.CSI,中证动漫游戏指数,1001.6314,-0.010350680174851
2022-11-03,2022-10-26,930901.CSI,中证动漫游戏指数,1027.235,0.0255618983190822
2022-11-03,2022-10-27,930901.CSI,中证动漫游戏指数,1052.8492,0.0249350927489818
2022-11-03,2022-10-28,930901.CSI,中证动漫游戏指数,1005.2311,-0.0452278445954085
2022-11-03,2022-10-31,930901.CSI,中证动漫游戏指数,1026.2346,0.0208942003485566
2022-11-03,2022-11-01,930901.CSI,中证动漫游戏指数,1049.8723,0.0230334272494808
2022-11-03,2022-11-02,930901.CSI,中证动漫游戏指数,1080.1056,0.0287971213260889
2022-11-03,2022-11-03,930901.CSI,中证动漫游戏指数,1060.5095,-0.0181427630779807
2022-11-03,2022-08-04,930902.CSI,中证大数据产业指数,2451.7779,0.0119423313969722
2022-11-03,2022-08-05,930902.CSI,中证大数据产业指数,2576.3807,0.0508214059682977
2022-11-03,2022-08-08,930902.CSI,中证大数据产业指数,2584.8085,0.00327117805221877
2022-11-03,2022-08-09,930902.CSI,中证大数据产业指数,2559.3963,-0.0098313666176818
2022-11-03,2022-08-10,930902.CSI,中证大数据产业指数,2536.2752,-0.00903381004340742
2022-11-03,2022-08-11,930902.CSI,中证大数据产业指数,2573.9108,0.0148389259966741
2022-11-03,2022-08-12,930902.CSI,中证大数据产业指数,2549.2036,-0.00959908944785515
2022-11-03,2022-08-15,930902.CSI,中证大数据产业指数,2518.6835,-0.0119724058133293
2022-11-03,2022-08-16,930902.CSI,中证大数据产业指数,2489.8501,-0.0114478059668871
2022-11-03,2022-08-17,930902.CSI,中证大数据产业指数,2517.3635,0.0110502234652599
2022-11-03,2022-08-18,930902.CSI,中证大数据产业指数,2501.8139,-0.00617693869002223
2022-11-03,2022-08-19,930902.CSI,中证大数据产业指数,2466.9748,-0.0139255361879635
2022-11-03,2022-08-22,930902.CSI,中证大数据产业指数,2482.7679,0.00640180840112348
2022-11-03,2022-08-23,930902.CSI,中证大数据产业指数,2491.4812,0.00350951049431569
2022-11-03,2022-08-24,930902.CSI,中证大数据产业指数,2389.219,-0.041044740775086
2022-11-03,2022-08-25,930902.CSI,中证大数据产业指数,2394.0383,0.00201710265990696
2022-11-03,2022-08-26,930902.CSI,中证大数据产业指数,2379.5351,-0.00605804844475555
2022-11-03,2022-08-29,930902.CSI,中证大数据产业指数,2368.2902,-0.00472567099346433
2022-11-03,2022-08-30,930902.CSI,中证大数据产业指数,2387.3147,0.00803301048157024
2022-11-03,2022-08-31,930902.CSI,中证大数据产业指数,2368.8587,-0.00773086179212135
2022-11-03,2022-09-01,930902.CSI,中证大数据产业指数,2377.885,0.00381040034173408
2022-11-03,2022-09-02,930902.CSI,中证大数据产业指数,2402.2997,0.0102674014933437
2022-11-03,2022-09-05,930902.CSI,中证大数据产业指数,2384.5899,-0.00737201940290799
2022-11-03,2022-09-06,930902.CSI,中证大数据产业指数,2384.3838,-8.64299559433235e-05
2022-11-03,2022-09-07,930902.CSI,中证大数据产业指数,2385.478,0.000458902631363278
2022-11-03,2022-09-08,930902.CSI,中证大数据产业指数,2361.2648,-0.0101502508092718
2022-11-03,2022-09-09,930902.CSI,中证大数据产业指数,2386.4418,0.0106625059586711
2022-11-03,2022-09-13,930902.CSI,中证大数据产业指数,2391.2583,0.00201827674992949
2022-11-03,2022-09-14,930902.CSI,中证大数据产业指数,2383.8177,-0.00311158355414798
2022-11-03,2022-09-15,930902.CSI,中证大数据产业指数,2351.0583,-0.0137424099166643
2022-11-03,2022-09-16,930902.CSI,中证大数据产业指数,2341.9438,-0.00387676477439969
2022-11-03,2022-09-19,930902.CSI,中证大数据产业指数,2283.4994,-0.0249555091800238
2022-11-03,2022-09-20,930902.CSI,中证大数据产业指数,2279.3062,-0.00183630440191929
2022-11-03,2022-09-21,930902.CSI,中证大数据产业指数,2287.8638,0.00375447581373667
2022-11-03,2022-09-22,930902.CSI,中证大数据产业指数,2287.4298,-0.000189696606939682
2022-11-03,2022-09-23,930902.CSI,中证大数据产业指数,2242.886,-0.0194732970603075
2022-11-03,2022-09-26,930902.CSI,中证大数据产业指数,2193.4989,-0.0220194428071689
2022-11-03,2022-09-27,930902.CSI,中证大数据产业指数,2246.1304,0.0239943133775904
2022-11-03,2022-09-28,930902.CSI,中证大数据产业指数,2190.4156,-0.0248047931678411
2022-11-03,2022-09-29,930902.CSI,中证大数据产业指数,2188.7895,-0.000742370534614456
2022-11-03,2022-09-30,930902.CSI,中证大数据产业指数,2167.5531,-0.00970234917519464
2022-11-03,2022-10-10,930902.CSI,中证大数据产业指数,2099.1739,-0.0315467242763281
2022-11-03,2022-10-11,930902.CSI,中证大数据产业指数,2089.3483,-0.00468069844046726
2022-11-03,2022-10-12,930902.CSI,中证大数据产业指数,2172.5651,0.0398290701459396
2022-11-03,2022-10-13,930902.CSI,中证大数据产业指数,2225.1301,0.0241949021458552
2022-11-03,2022-10-14,930902.CSI,中证大数据产业指数,2265.0681,0.0179486134316371
2022-11-03,2022-10-17,930902.CSI,中证大数据产业指数,2322.1209,0.0251881168605923
2022-11-03,2022-10-18,930902.CSI,中证大数据产业指数,2301.6235,-0.00882701671562391
2022-11-03,2022-10-19,930902.CSI,中证大数据产业指数,2285.367,-0.00706305788066552
2022-11-03,2022-10-20,930902.CSI,中证大数据产业指数,2304.4205,0.00833717297921943
2022-11-03,2022-10-21,930902.CSI,中证大数据产业指数,2319.1179,0.00637791583610725
2022-11-03,2022-10-24,930902.CSI,中证大数据产业指数,2313.0687,-0.0026084055493687
2022-11-03,2022-10-25,930902.CSI,中证大数据产业指数,2275.0119,-0.0164529484143726
2022-11-03,2022-10-26,930902.CSI,中证大数据产业指数,2393.5726,0.0521143208086077
2022-11-03,2022-10-27,930902.CSI,中证大数据产业指数,2465.7823,0.0301681678675634
2022-11-03,2022-10-28,930902.CSI,中证大数据产业指数,2426.1382,-0.0160776967212394
2022-11-03,2022-10-31,930902.CSI,中证大数据产业指数,2544.4901,0.048782010851649
2022-11-03,2022-11-01,930902.CSI,中证大数据产业指数,2583.0662,0.0151606406328719
2022-11-03,2022-11-02,930902.CSI,中证大数据产业指数,2589.3045,0.00241507554084364
2022-11-03,2022-11-03,930902.CSI,中证大数据产业指数,2524.7099,-0.0249466990073977
2022-11-03,2022-08-04,930997.CSI,中证新能源汽车产业指数,3623.4274,0.00332509179009444
2022-11-03,2022-08-05,930997.CSI,中证新能源汽车产业指数,3656.1787,0.00903876258152714
2022-11-03,2022-08-08,930997.CSI,中证新能源汽车产业指数,3672.0645,0.00434491891766675
2022-11-03,2022-08-09,930997.CSI,中证新能源汽车产业指数,3710.0143,0.0103347313207598
2022-11-03,2022-08-10,930997.CSI,中证新能源汽车产业指数,3641.8676,-0.0183683119496332
2022-11-03,2022-08-11,930997.CSI,中证新能源汽车产业指数,3693.0593,0.0140564418102405
2022-11-03,2022-08-12,930997.CSI,中证新能源汽车产业指数,3630.6294,-0.0169046567976854
2022-11-03,2022-08-15,930997.CSI,中证新能源汽车产业指数,3720.4247,0.024732708879623
2022-11-03,2022-08-16,930997.CSI,中证新能源汽车产业指数,3736.36,0.00428319379774034
2022-11-03,2022-08-17,930997.CSI,中证新能源汽车产业指数,3746.2122,0.00263684441542034
2022-11-03,2022-08-18,930997.CSI,中证新能源汽车产业指数,3732.0002,-0.0037936986057544
2022-11-03,2022-08-19,930997.CSI,中证新能源汽车产业指数,3614.6218,-0.0314518739843583
2022-11-03,2022-08-22,930997.CSI,中证新能源汽车产业指数,3745.7144,0.036267307412355
2022-11-03,2022-08-23,930997.CSI,中证新能源汽车产业指数,3762.129,0.00438223480145727
2022-11-03,2022-08-24,930997.CSI,中证新能源汽车产业指数,3595.3563,-0.044329341178891
2022-11-03,2022-08-25,930997.CSI,中证新能源汽车产业指数,3526.3925,-0.0191813534586266
2022-11-03,2022-08-26,930997.CSI,中证新能源汽车产业指数,3519.5633,-0.00193659667776636
2022-11-03,2022-08-29,930997.CSI,中证新能源汽车产业指数,3482.2176,-0.0106108902772113
2022-11-03,2022-08-30,930997.CSI,中证新能源汽车产业指数,3457.616,-0.0070649232259351
2022-11-03,2022-08-31,930997.CSI,中证新能源汽车产业指数,3334.8043,-0.0355191843165927
2022-11-03,2022-09-01,930997.CSI,中证新能源汽车产业指数,3276.8912,-0.0173662664402825
2022-11-03,2022-09-02,930997.CSI,中证新能源汽车产业指数,3256.0208,-0.00636896336381265
2022-11-03,2022-09-05,930997.CSI,中证新能源汽车产业指数,3243.9125,-0.00371874160017649
2022-11-03,2022-09-06,930997.CSI,中证新能源汽车产业指数,3293.4385,0.0152673661820411
2022-11-03,2022-09-07,930997.CSI,中证新能源汽车产业指数,3361.0697,0.0205351337211852
2022-11-03,2022-09-08,930997.CSI,中证新能源汽车产业指数,3277.3175,-0.0249183169274948
2022-11-03,2022-09-09,930997.CSI,中证新能源汽车产业指数,3317.0142,0.0121125585177511
2022-11-03,2022-09-13,930997.CSI,中证新能源汽车产业指数,3340.4419,0.00706288806360855
2022-11-03,2022-09-14,930997.CSI,中证新能源汽车产业指数,3267.4308,-0.0218567190167264
2022-11-03,2022-09-15,930997.CSI,中证新能源汽车产业指数,3134.1005,-0.0408058527207371
2022-11-03,2022-09-16,930997.CSI,中证新能源汽车产业指数,3058.1579,-0.0242310672551821
2022-11-03,2022-09-19,930997.CSI,中证新能源汽车产业指数,3094.3787,0.0118439927513225
2022-11-03,2022-09-20,930997.CSI,中证新能源汽车产业指数,3171.0242,0.0247692695144262
2022-11-03,2022-09-21,930997.CSI,中证新能源汽车产业指数,3156.9492,-0.00443862900825542
2022-11-03,2022-09-22,930997.CSI,中证新能源汽车产业指数,3143.2968,-0.00432455485821559
2022-11-03,2022-09-23,930997.CSI,中证新能源汽车产业指数,3104.3729,-0.0123831449833183
2022-11-03,2022-09-26,930997.CSI,中证新能源汽车产业指数,3140.6468,0.0116847753696085
2022-11-03,2022-09-27,930997.CSI,中证新能源汽车产业指数,3142.9099,0.000720584052940954
2022-11-03,2022-09-28,930997.CSI,中证新能源汽车产业指数,3003.2471,-0.0444374176937112
2022-11-03,2022-09-29,930997.CSI,中证新能源汽车产业指数,3038.09,0.0116017426604691
2022-11-03,2022-09-30,930997.CSI,中证新能源汽车产业指数,2936.8356,-0.0333283082462996
2022-11-03,2022-10-10,930997.CSI,中证新能源汽车产业指数,2860.9395,-0.0258428153077415
2022-11-03,2022-10-11,930997.CSI,中证新能源汽车产业指数,2944.3756,0.0291638813054242
2022-11-03,2022-10-12,930997.CSI,中证新能源汽车产业指数,3053.0252,0.0369007269317134
2022-11-03,2022-10-13,930997.CSI,中证新能源汽车产业指数,3018.8561,-0.0111918827266805
2022-11-03,2022-10-14,930997.CSI,中证新能源汽车产业指数,3071.6742,0.0174960641548962
2022-11-03,2022-10-17,930997.CSI,中证新能源汽车产业指数,3057.9945,-0.00445349965826458
2022-11-03,2022-10-18,930997.CSI,中证新能源汽车产业指数,3077.3345,0.00632440640426268
2022-11-03,2022-10-19,930997.CSI,中证新能源汽车产业指数,3077.0408,-9.54397385138916e-05
2022-11-03,2022-10-20,930997.CSI,中证新能源汽车产业指数,2996.6932,-0.0261119709559913
2022-11-03,2022-10-21,930997.CSI,中证新能源汽车产业指数,2976.6159,-0.00669981831973998
2022-11-03,2022-10-24,930997.CSI,中证新能源汽车产业指数,2945.7539,-0.0103681499517622
2022-11-03,2022-10-25,930997.CSI,中证新能源汽车产业指数,2971.2227,0.00864593610484565
2022-11-03,2022-10-26,930997.CSI,中证新能源汽车产业指数,2980.4356,0.00310071002082735
2022-11-03,2022-10-27,930997.CSI,中证新能源汽车产业指数,2942.5899,-0.0126980431987861
2022-11-03,2022-10-28,930997.CSI,中证新能源汽车产业指数,2788.7664,-0.0522748684755562
2022-11-03,2022-10-31,930997.CSI,中证新能源汽车产业指数,2830.4923,0.0149621352293974
2022-11-03,2022-11-01,930997.CSI,中证新能源汽车产业指数,2950.6322,0.0424448778751316
2022-11-03,2022-11-02,930997.CSI,中证新能源汽车产业指数,3017.1474,0.0225426944096929
2022-11-03,2022-11-03,930997.CSI,中证新能源汽车产业指数,3010.8196,-0.00209727903913481
2022-11-03,2022-08-04,931009.CSI,中证全指建筑材料指数,8640.3787,0.00684522198594872
2022-11-03,2022-08-05,931009.CSI,中证全指建筑材料指数,8742.7057,0.0118428836921234
2022-11-03,2022-08-08,931009.CSI,中证全指建筑材料指数,8894.3915,0.0173499835411364
2022-11-03,2022-08-09,931009.CSI,中证全指建筑材料指数,8835.7306,-0.00659526849026137
2022-11-03,2022-08-10,931009.CSI,中证全指建筑材料指数,8788.7354,-0.00531876786736807
2022-11-03,2022-08-11,931009.CSI,中证全指建筑材料指数,8946.8522,0.0179908476935147
2022-11-03,2022-08-12,931009.CSI,中证全指建筑材料指数,9019.1227,0.00807775722504966
2022-11-03,2022-08-15,931009.CSI,中证全指建筑材料指数,8995.0527,-0.00266877398175325
2022-11-03,2022-08-16,931009.CSI,中证全指建筑材料指数,9119.1814,0.0137996634527777
2022-11-03,2022-08-17,931009.CSI,中证全指建筑材料指数,9085.0019,-0.00374808861681386
2022-11-03,2022-08-18,931009.CSI,中证全指建筑材料指数,8963.5015,-0.0133737341320753
2022-11-03,2022-08-19,931009.CSI,中证全指建筑材料指数,8973.3324,0.00109677005130182
2022-11-03,2022-08-22,931009.CSI,中证全指建筑材料指数,8972.3466,-0.000109858852436862
2022-11-03,2022-08-23,931009.CSI,中证全指建筑材料指数,8747.7772,-0.0250290598448348
2022-11-03,2022-08-24,931009.CSI,中证全指建筑材料指数,8539.8643,-0.0237675120486609
2022-11-03,2022-08-25,931009.CSI,中证全指建筑材料指数,8641.3536,0.0118841818130531
2022-11-03,2022-08-26,931009.CSI,中证全指建筑材料指数,8621.6337,-0.00228203831399743
2022-11-03,2022-08-29,931009.CSI,中证全指建筑材料指数,8600.1478,-0.00249209149305418
2022-11-03,2022-08-30,931009.CSI,中证全指建筑材料指数,8555.8193,-0.00515438816063152
2022-11-03,2022-08-31,931009.CSI,中证全指建筑材料指数,8593.366,0.00438844004103744
2022-11-03,2022-09-01,931009.CSI,中证全指建筑材料指数,8632.7836,0.00458698023568416
2022-11-03,2022-09-02,931009.CSI,中证全指建筑材料指数,8573.1043,-0.00691310042800097
2022-11-03,2022-09-05,931009.CSI,中证全指建筑材料指数,8549.1283,-0.00279665324962863
2022-11-03,2022-09-06,931009.CSI,中证全指建筑材料指数,8626.6305,0.00906550905312753
2022-11-03,2022-09-07,931009.CSI,中证全指建筑材料指数,8529.3939,-0.0112716778584639
2022-11-03,2022-09-08,931009.CSI,中证全指建筑材料指数,8509.6604,-0.00231358760438982
2022-11-03,2022-09-09,931009.CSI,中证全指建筑材料指数,8825.6435,0.0371322808604677
2022-11-03,2022-09-13,931009.CSI,中证全指建筑材料指数,8843.0378,0.00197088178329441
2022-11-03,2022-09-14,931009.CSI,中证全指建筑材料指数,8832.5639,-0.00118442329851864
2022-11-03,2022-09-15,931009.CSI,中证全指建筑材料指数,8873.8278,0.00467179184517419
2022-11-03,2022-09-16,931009.CSI,中证全指建筑材料指数,8526.031,-0.039193548470706
2022-11-03,2022-09-19,931009.CSI,中证全指建筑材料指数,8348.5264,-0.0208191361255899
2022-11-03,2022-09-20,931009.CSI,中证全指建筑材料指数,8312.0186,-0.00437296335314952
2022-11-03,2022-09-21,931009.CSI,中证全指建筑材料指数,8226.3267,-0.0103093970458632
2022-11-03,2022-09-22,931009.CSI,中证全指建筑材料指数,8119.2751,-0.0130132930412307
2022-11-03,2022-09-23,931009.CSI,中证全指建筑材料指数,8022.327,-0.0119404871501397
2022-11-03,2022-09-26,931009.CSI,中证全指建筑材料指数,7970.5959,-0.00644839084719429
2022-11-03,2022-09-27,931009.CSI,中证全指建筑材料指数,8123.721,0.0192112486846812
2022-11-03,2022-09-28,931009.CSI,中证全指建筑材料指数,7920.0544,-0.0250706049604608
2022-11-03,2022-09-29,931009.CSI,中证全指建筑材料指数,7855.9747,-0.00809081563884206
2022-11-03,2022-09-30,931009.CSI,中证全指建筑材料指数,7871.6168,0.00199110875446173
2022-11-03,2022-10-10,931009.CSI,中证全指建筑材料指数,7756.2659,-0.0146540288902274
2022-11-03,2022-10-11,931009.CSI,中证全指建筑材料指数,7691.5538,-0.00834320288065427
2022-11-03,2022-10-12,931009.CSI,中证全指建筑材料指数,7787.4225,0.0124641525617359
2022-11-03,2022-10-13,931009.CSI,中证全指建筑材料指数,7719.1656,-0.00876501820724374
2022-11-03,2022-10-14,931009.CSI,中证全指建筑材料指数,7935.1557,0.0279810164974308
2022-11-03,2022-10-17,931009.CSI,中证全指建筑材料指数,7912.9349,-0.00280029791980008
2022-11-03,2022-10-18,931009.CSI,中证全指建筑材料指数,7871.577,-0.00522661951888415
2022-11-03,2022-10-19,931009.CSI,中证全指建筑材料指数,7732.7241,-0.0176397817108312
2022-11-03,2022-10-20,931009.CSI,中证全指建筑材料指数,7609.9099,-0.0158823977697589
2022-11-03,2022-10-21,931009.CSI,中证全指建筑材料指数,7576.2352,-0.00442511152464498
2022-11-03,2022-10-24,931009.CSI,中证全指建筑材料指数,7350.7496,-0.0297622227989965
2022-11-03,2022-10-25,931009.CSI,中证全指建筑材料指数,7434.0524,0.0113325585189297
2022-11-03,2022-10-26,931009.CSI,中证全指建筑材料指数,7498.4089,0.00865698767471712
2022-11-03,2022-10-27,931009.CSI,中证全指建筑材料指数,7493.1291,-0.00070412271061937
2022-11-03,2022-10-28,931009.CSI,中证全指建筑材料指数,7159.8309,-0.0444805094843488
2022-11-03,2022-10-31,931009.CSI,中证全指建筑材料指数,6986.749,-0.0241740206462139
2022-11-03,2022-11-01,931009.CSI,中证全指建筑材料指数,7293.5716,0.0439149309643154
2022-11-03,2022-11-02,931009.CSI,中证全指建筑材料指数,7383.0716,0.012271079919199
2022-11-03,2022-11-03,931009.CSI,中证全指建筑材料指数,7340.0629,-0.00582531259753738
2022-11-03,2022-08-04,931066.CSI,中证军工龙头指数,3728.3027,-0.0125318027406374
2022-11-03,2022-08-05,931066.CSI,中证军工龙头指数,3736.9221,0.00231188309897679
2022-11-03,2022-08-08,931066.CSI,中证军工龙头指数,3826.263,0.0239076163776601
2022-11-03,2022-08-09,931066.CSI,中证军工龙头指数,3917.3527,0.0238064398605113
2022-11-03,2022-08-10,931066.CSI,中证军工龙头指数,3933.6502,0.00416033511611036
2022-11-03,2022-08-11,931066.CSI,中证军工龙头指数,3923.0118,-0.00270446009662983
2022-11-03,2022-08-12,931066.CSI,中证军工龙头指数,3841.5156,-0.0207738860229786
2022-11-03,2022-08-15,931066.CSI,中证军工龙头指数,3847.0363,0.00143711508030853
2022-11-03,2022-08-16,931066.CSI,中证军工龙头指数,3840.2305,-0.00176910210075221
2022-11-03,2022-08-17,931066.CSI,中证军工龙头指数,3803.2185,-0.00963796313788978
2022-11-03,2022-08-18,931066.CSI,中证军工龙头指数,3827.189,0.00630268810482493
2022-11-03,2022-08-19,931066.CSI,中证军工龙头指数,3759.4348,-0.0177033849125298
2022-11-03,2022-08-22,931066.CSI,中证军工龙头指数,3800.0664,0.0108079012302595
2022-11-03,2022-08-23,931066.CSI,中证军工龙头指数,3770.3276,-0.0078258632533369
2022-11-03,2022-08-24,931066.CSI,中证军工龙头指数,3614.1443,-0.0414243314029265
2022-11-03,2022-08-25,931066.CSI,中证军工龙头指数,3597.1162,-0.00471151636087142
2022-11-03,2022-08-26,931066.CSI,中证军工龙头指数,3538.9722,-0.0161640594207103
2022-11-03,2022-08-29,931066.CSI,中证军工龙头指数,3595.4271,0.0159523434515818
2022-11-03,2022-08-30,931066.CSI,中证军工龙头指数,3557.1525,-0.0106453555962794
2022-11-03,2022-08-31,931066.CSI,中证军工龙头指数,3473.1457,-0.0236163054578066
2022-11-03,2022-09-01,931066.CSI,中证军工龙头指数,3471.0141,-0.000613737569374107
2022-11-03,2022-09-02,931066.CSI,中证军工龙头指数,3495.3292,0.00700518617887491
2022-11-03,2022-09-05,931066.CSI,中证军工龙头指数,3489.7437,-0.00159798968291747
2022-11-03,2022-09-06,931066.CSI,中证军工龙头指数,3608.7294,0.0340958277251135
2022-11-03,2022-09-07,931066.CSI,中证军工龙头指数,3654.8706,0.0127859960904799
2022-11-03,2022-09-08,931066.CSI,中证军工龙头指数,3722.7045,0.0185598636515338
2022-11-03,2022-09-09,931066.CSI,中证军工龙头指数,3706.716,-0.00429486143743074
2022-11-03,2022-09-13,931066.CSI,中证军工龙头指数,3754.9692,0.0130177763821129
2022-11-03,2022-09-14,931066.CSI,中证军工龙头指数,3795.1002,0.0106874378623398
2022-11-03,2022-09-15,931066.CSI,中证军工龙头指数,3690.5927,-0.027537481092067
2022-11-03,2022-09-16,931066.CSI,中证军工龙头指数,3707.0818,0.00446787314135211
2022-11-03,2022-09-19,931066.CSI,中证军工龙头指数,3645.6164,-0.0165805351260391
2022-11-03,2022-09-20,931066.CSI,中证军工龙头指数,3635.5634,-0.00275755836516423
2022-11-03,2022-09-21,931066.CSI,中证军工龙头指数,3613.849,-0.005972774398598
2022-11-03,2022-09-22,931066.CSI,中证军工龙头指数,3688.674,0.0207050709645034
2022-11-03,2022-09-23,931066.CSI,中证军工龙头指数,3684.4538,-0.00114409676756477
2022-11-03,2022-09-26,931066.CSI,中证军工龙头指数,3566.4493,-0.032027678023809
2022-11-03,2022-09-27,931066.CSI,中证军工龙头指数,3613.7195,0.0132541348618078
2022-11-03,2022-09-28,931066.CSI,中证军工龙头指数,3479.9395,-0.0370200288096517
2022-11-03,2022-09-29,931066.CSI,中证军工龙头指数,3487.4238,0.00215069830955406
2022-11-03,2022-09-30,931066.CSI,中证军工龙头指数,3375.7018,-0.0320356820412823
2022-11-03,2022-10-10,931066.CSI,中证军工龙头指数,3318.5388,-0.0169336639865524
2022-11-03,2022-10-11,931066.CSI,中证军工龙头指数,3330.9258,0.00373266691954921
2022-11-03,2022-10-12,931066.CSI,中证军工龙头指数,3412.1065,0.0243718127855024
2022-11-03,2022-10-13,931066.CSI,中证军工龙头指数,3443.009,0.009056721998566
2022-11-03,2022-10-14,931066.CSI,中证军工龙头指数,3513.3588,0.02043265062624
2022-11-03,2022-10-17,931066.CSI,中证军工龙头指数,3608.5687,0.027099395598309
2022-11-03,2022-10-18,931066.CSI,中证军工龙头指数,3605.7682,-0.000776069470424634
2022-11-03,2022-10-19,931066.CSI,中证军工龙头指数,3581.0567,-0.00685332462580368
2022-11-03,2022-10-20,931066.CSI,中证军工龙头指数,3579.2274,-0.000510826874089987
2022-11-03,2022-10-21,931066.CSI,中证军工龙头指数,3554.8962,-0.00679789163437905
2022-11-03,2022-10-24,931066.CSI,中证军工龙头指数,3720.1712,0.0464922154407772
2022-11-03,2022-10-25,931066.CSI,中证军工龙头指数,3714.6935,-0.00147243223645199
2022-11-03,2022-10-26,931066.CSI,中证军工龙头指数,3752.1014,0.010070252094823
2022-11-03,2022-10-27,931066.CSI,中证军工龙头指数,3717.069,-0.00933674127250406
2022-11-03,2022-10-28,931066.CSI,中证军工龙头指数,3659.7209,-0.0154283119307175
2022-11-03,2022-10-31,931066.CSI,中证军工龙头指数,3731.7956,0.0196940427888914
2022-11-03,2022-11-01,931066.CSI,中证军工龙头指数,3679.0304,-0.0141393596155158
2022-11-03,2022-11-02,931066.CSI,中证军工龙头指数,3641.1767,-0.0102890424607527
2022-11-03,2022-11-03,931066.CSI,中证军工龙头指数,3681.8611,0.0111734209438394
2022-11-03,2022-08-04,931079.CSI,中证5G通信主题指数,793.3857,0.0092227115074579
2022-11-03,2022-08-05,931079.CSI,中证5G通信主题指数,818.6632,0.0318602919109834
2022-11-03,2022-08-08,931079.CSI,中证5G通信主题指数,818.3642,-0.000365229559603941
2022-11-03,2022-08-09,931079.CSI,中证5G通信主题指数,818.1751,-0.000231070713992532
2022-11-03,2022-08-10,931079.CSI,中证5G通信主题指数,803.5789,-0.0178399464857829
2022-11-03,2022-08-11,931079.CSI,中证5G通信主题指数,832.3076,0.0357509387068278
2022-11-03,2022-08-12,931079.CSI,中证5G通信主题指数,819.8498,-0.0149677835454104
2022-11-03,2022-08-15,931079.CSI,中证5G通信主题指数,814.9771,-0.00594340573114738
2022-11-03,2022-08-16,931079.CSI,中证5G通信主题指数,810.734,-0.00520640395908045
2022-11-03,2022-08-17,931079.CSI,中证5G通信主题指数,828.4241,0.0218198570677928
2022-11-03,2022-08-18,931079.CSI,中证5G通信主题指数,834.9026,0.00782026983522099
2022-11-03,2022-08-19,931079.CSI,中证5G通信主题指数,818.1537,-0.0200609029125075
2022-11-03,2022-08-22,931079.CSI,中证5G通信主题指数,826.3331,0.0099973880213462
2022-11-03,2022-08-23,931079.CSI,中证5G通信主题指数,818.8626,-0.00904054309333602
2022-11-03,2022-08-24,931079.CSI,中证5G通信主题指数,788.0725,-0.0376010578575698
2022-11-03,2022-08-25,931079.CSI,中证5G通信主题指数,786.6422,-0.00181493453965209
2022-11-03,2022-08-26,931079.CSI,中证5G通信主题指数,784.0434,-0.00330366207152377
2022-11-03,2022-08-29,931079.CSI,中证5G通信主题指数,782.1034,-0.00247435282281572
2022-11-03,2022-08-30,931079.CSI,中证5G通信主题指数,780.2924,-0.00231555060366684
2022-11-03,2022-08-31,931079.CSI,中证5G通信主题指数,768.5456,-0.0150543565463408
2022-11-03,2022-09-01,931079.CSI,中证5G通信主题指数,754.7068,-0.018006478730735
2022-11-03,2022-09-02,931079.CSI,中证5G通信主题指数,770.2017,0.0205310194634525
2022-11-03,2022-09-05,931079.CSI,中证5G通信主题指数,763.5642,-0.00861787243523349
2022-11-03,2022-09-06,931079.CSI,中证5G通信主题指数,769.3927,0.00763328086885151
2022-11-03,2022-09-07,931079.CSI,中证5G通信主题指数,775.6513,0.00813446761322267
2022-11-03,2022-09-08,931079.CSI,中证5G通信主题指数,764.6245,-0.0142161819363933
2022-11-03,2022-09-09,931079.CSI,中证5G通信主题指数,765.0548,0.000562759890639031
2022-11-03,2022-09-13,931079.CSI,中证5G通信主题指数,767.0683,0.00263183761476959
2022-11-03,2022-09-14,931079.CSI,中证5G通信主题指数,756.5311,-0.0137369775285981
2022-11-03,2022-09-15,931079.CSI,中证5G通信主题指数,737.6707,-0.0249301053188693
2022-11-03,2022-09-16,931079.CSI,中证5G通信主题指数,723.163,-0.0196669055718223
2022-11-03,2022-09-19,931079.CSI,中证5G通信主题指数,712.1142,-0.0152784365350551
2022-11-03,2022-09-20,931079.CSI,中证5G通信主题指数,709.0472,-0.00430689347298507
2022-11-03,2022-09-21,931079.CSI,中证5G通信主题指数,700.2593,-0.0123939562838693
2022-11-03,2022-09-22,931079.CSI,中证5G通信主题指数,692.3844,-0.0112456914174507
2022-11-03,2022-09-23,931079.CSI,中证5G通信主题指数,680.714,-0.0168553768686873
2022-11-03,2022-09-26,931079.CSI,中证5G通信主题指数,675.8449,-0.0071529305993413
2022-11-03,2022-09-27,931079.CSI,中证5G通信主题指数,686.4491,0.0156902863364066
2022-11-03,2022-09-28,931079.CSI,中证5G通信主题指数,663.5268,-0.0333925705489309
2022-11-03,2022-09-29,931079.CSI,中证5G通信主题指数,662.3806,-0.00172743587749591
2022-11-03,2022-09-30,931079.CSI,中证5G通信主题指数,649.2282,-0.0198562578674556
2022-11-03,2022-10-10,931079.CSI,中证5G通信主题指数,623.6782,-0.0393544211419037
2022-11-03,2022-10-11,931079.CSI,中证5G通信主题指数,624.5674,0.0014257352589846
2022-11-03,2022-10-12,931079.CSI,中证5G通信主题指数,645.8482,0.0340728638734586
2022-11-03,2022-10-13,931079.CSI,中证5G通信主题指数,647.1023,0.00194178755936769
2022-11-03,2022-10-14,931079.CSI,中证5G通信主题指数,664.2358,0.0264772664229442
2022-11-03,2022-10-17,931079.CSI,中证5G通信主题指数,673.018,0.0132215095904196
2022-11-03,2022-10-18,931079.CSI,中证5G通信主题指数,669.4242,-0.00533982746375283
2022-11-03,2022-10-19,931079.CSI,中证5G通信主题指数,661.8344,-0.0113378034436163
2022-11-03,2022-10-20,931079.CSI,中证5G通信主题指数,667.5079,0.00857238608328603
2022-11-03,2022-10-21,931079.CSI,中证5G通信主题指数,658.929,-0.0128521325365587
2022-11-03,2022-10-24,931079.CSI,中证5G通信主题指数,650.5898,-0.0126556882456228
2022-11-03,2022-10-25,931079.CSI,中证5G通信主题指数,647.6258,-0.0045558660772117
2022-11-03,2022-10-26,931079.CSI,中证5G通信主题指数,662.3584,0.0227486304591322
2022-11-03,2022-10-27,931079.CSI,中证5G通信主题指数,662.9774,0.000934539367206666
2022-11-03,2022-10-28,931079.CSI,中证5G通信主题指数,636.9821,-0.0392099338529489
2022-11-03,2022-10-31,931079.CSI,中证5G通信主题指数,653.0662,0.0252504740714066
2022-11-03,2022-11-01,931079.CSI,中证5G通信主题指数,668.3794,0.0234481588543398
2022-11-03,2022-11-02,931079.CSI,中证5G通信主题指数,682.0089,0.0203918612692133
2022-11-03,2022-11-03,931079.CSI,中证5G通信主题指数,686.8213,0.00705621290279335
2022-11-03,2022-08-04,931087.CSI,中证科技龙头指数,3357.006,0.0177054974733846
2022-11-03,2022-08-05,931087.CSI,中证科技龙头指数,3493.7569,0.0407359712791695
2022-11-03,2022-08-08,931087.CSI,中证科技龙头指数,3489.8511,-0.00111793696922646
2022-11-03,2022-08-09,931087.CSI,中证科技龙头指数,3483.0338,-0.00195346443290934
2022-11-03,2022-08-10,931087.CSI,中证科技龙头指数,3425.1621,-0.0166153139254636
2022-11-03,2022-08-11,931087.CSI,中证科技龙头指数,3522.6798,0.0284709736803406
2022-11-03,2022-08-12,931087.CSI,中证科技龙头指数,3484.2346,-0.0109136232024267
2022-11-03,2022-08-15,931087.CSI,中证科技龙头指数,3431.9391,-0.0150091787734384
2022-11-03,2022-08-16,931087.CSI,中证科技龙头指数,3401.7402,-0.0087993694293701
2022-11-03,2022-08-17,931087.CSI,中证科技龙头指数,3442.224,0.011900908834837
2022-11-03,2022-08-18,931087.CSI,中证科技龙头指数,3420.3729,-0.00634795992358439
2022-11-03,2022-08-19,931087.CSI,中证科技龙头指数,3344.8894,-0.0220687925576769
2022-11-03,2022-08-22,931087.CSI,中证科技龙头指数,3374.9988,0.00900161302792246
2022-11-03,2022-08-23,931087.CSI,中证科技龙头指数,3359.006,-0.00473860909224622
2022-11-03,2022-08-24,931087.CSI,中证科技龙头指数,3245.6638,-0.0337427798580889
2022-11-03,2022-08-25,931087.CSI,中证科技龙头指数,3249.889,0.00130179841793843
2022-11-03,2022-08-26,931087.CSI,中证科技龙头指数,3247.3267,-0.000788426927812003
2022-11-03,2022-08-29,931087.CSI,中证科技龙头指数,3221.927,-0.00782172609857823
2022-11-03,2022-08-30,931087.CSI,中证科技龙头指数,3216.0298,-0.0018303332136328
2022-11-03,2022-08-31,931087.CSI,中证科技龙头指数,3224.3223,0.00257848978886943
2022-11-03,2022-09-01,931087.CSI,中证科技龙头指数,3189.6828,-0.0107431878010458
2022-11-03,2022-09-02,931087.CSI,中证科技龙头指数,3209.9854,0.00636508432750738
2022-11-03,2022-09-05,931087.CSI,中证科技龙头指数,3182.4856,-0.00856695485281644
2022-11-03,2022-09-06,931087.CSI,中证科技龙头指数,3191.9672,0.00297930648924227
2022-11-03,2022-09-07,931087.CSI,中证科技龙头指数,3205.5512,0.00425568282781841
2022-11-03,2022-09-08,931087.CSI,中证科技龙头指数,3177.8655,-0.00863679856369159
2022-11-03,2022-09-09,931087.CSI,中证科技龙头指数,3207.3926,0.00929148826468595
2022-11-03,2022-09-13,931087.CSI,中证科技龙头指数,3221.7234,0.0044680529599026
2022-11-03,2022-09-14,931087.CSI,中证科技龙头指数,3208.2084,-0.00419495975352813
2022-11-03,2022-09-15,931087.CSI,中证科技龙头指数,3153.206,-0.017144272797241
2022-11-03,2022-09-16,931087.CSI,中证科技龙头指数,3115.0737,-0.0120931838896666
2022-11-03,2022-09-19,931087.CSI,中证科技龙头指数,3072.3579,-0.0137126129632181
2022-11-03,2022-09-20,931087.CSI,中证科技龙头指数,3056.5798,-0.0051355019543784
2022-11-03,2022-09-21,931087.CSI,中证科技龙头指数,3004.2689,-0.0171141941067594
2022-11-03,2022-09-22,931087.CSI,中证科技龙头指数,2974.0231,-0.0100676074634998
2022-11-03,2022-09-23,931087.CSI,中证科技龙头指数,2927.6439,-0.0155947679088303
2022-11-03,2022-09-26,931087.CSI,中证科技龙头指数,2908.1928,-0.00664394327465856
2022-11-03,2022-09-27,931087.CSI,中证科技龙头指数,2992.8567,0.0291122032899607
2022-11-03,2022-09-28,931087.CSI,中证科技龙头指数,2937.8698,-0.0183727139358192
2022-11-03,2022-09-29,931087.CSI,中证科技龙头指数,2953.3374,0.00526490316214834
2022-11-03,2022-09-30,931087.CSI,中证科技龙头指数,2916.9531,-0.0123197234423672
2022-11-03,2022-10-10,931087.CSI,中证科技龙头指数,2796.0051,-0.0414638137308414
2022-11-03,2022-10-11,931087.CSI,中证科技龙头指数,2786.9172,-0.00325031595972414
2022-11-03,2022-10-12,931087.CSI,中证科技龙头指数,2854.8663,0.0243814563274432
2022-11-03,2022-10-13,931087.CSI,中证科技龙头指数,2885.1824,0.0106190962427908
2022-11-03,2022-10-14,931087.CSI,中证科技龙头指数,3009.2928,0.0430164831173239
2022-11-03,2022-10-17,931087.CSI,中证科技龙头指数,3055.5877,0.015383979917142
2022-11-03,2022-10-18,931087.CSI,中证科技龙头指数,3040.3566,-0.00498467119762258
2022-11-03,2022-10-19,931087.CSI,中证科技龙头指数,3004.3515,-0.0118423937507857
2022-11-03,2022-10-20,931087.CSI,中证科技龙头指数,3048.2471,0.0146106738841976
2022-11-03,2022-10-21,931087.CSI,中证科技龙头指数,3039.7136,-0.00279947777199563
2022-11-03,2022-10-24,931087.CSI,中证科技龙头指数,3013.2306,-0.00871233395146176
2022-11-03,2022-10-25,931087.CSI,中证科技龙头指数,2964.1234,-0.0162971927870372
2022-11-03,2022-10-26,931087.CSI,中证科技龙头指数,3060.4935,0.0325121754377702
2022-11-03,2022-10-27,931087.CSI,中证科技龙头指数,3070.8042,0.00336896647550478
2022-11-03,2022-10-28,931087.CSI,中证科技龙头指数,2997.2785,-0.0239434673171283
2022-11-03,2022-10-31,931087.CSI,中证科技龙头指数,3073.2376,0.0253426900436513
2022-11-03,2022-11-01,931087.CSI,中证科技龙头指数,3120.32,0.0153201301454857
2022-11-03,2022-11-02,931087.CSI,中证科技龙头指数,3156.734,0.0116699569274945
2022-11-03,2022-11-03,931087.CSI,中证科技龙头指数,3154.3563,-0.000753215190130052
2022-11-03,2022-08-04,931139.CSI,中证消费50指数,19184.89,0.0116387904137119
2022-11-03,2022-08-05,931139.CSI,中证消费50指数,19296.75,0.00583063025120301
2022-11-03,2022-08-08,931139.CSI,中证消费50指数,19118.62,-0.00923108813660334
2022-11-03,2022-08-09,931139.CSI,中证消费50指数,19109.32,-0.000486436782571098
2022-11-03,2022-08-10,931139.CSI,中证消费50指数,18804.53,-0.0159498087844048
2022-11-03,2022-08-11,931139.CSI,中证消费50指数,19194.42,0.0207338338155754
2022-11-03,2022-08-12,931139.CSI,中证消费50指数,19250.94,0.0029446057760536
2022-11-03,2022-08-15,931139.CSI,中证消费50指数,19081.86,-0.00878294774177246
2022-11-03,2022-08-16,931139.CSI,中证消费50指数,19039.36,-0.00222724619088499
2022-11-03,2022-08-17,931139.CSI,中证消费50指数,19186.31,0.00771822162089486
2022-11-03,2022-08-18,931139.CSI,中证消费50指数,18879.13,-0.0160103740635902
2022-11-03,2022-08-19,931139.CSI,中证消费50指数,18902.78,0.0012527060304155
2022-11-03,2022-08-22,931139.CSI,中证消费50指数,19004.62,0.00538756733136614
2022-11-03,2022-08-23,931139.CSI,中证消费50指数,18785.46,-0.0115319327616127
2022-11-03,2022-08-24,931139.CSI,中证消费50指数,18617.06,-0.00896437989806997
2022-11-03,2022-08-25,931139.CSI,中证消费50指数,18909.46,0.0157060244743261
2022-11-03,2022-08-26,931139.CSI,中证消费50指数,18957.82,0.00255745008054165
2022-11-03,2022-08-29,931139.CSI,中证消费50指数,18832.31,-0.00662048695472361
2022-11-03,2022-08-30,931139.CSI,中证消费50指数,18831.98,-1.75230760327549e-05
2022-11-03,2022-08-31,931139.CSI,中证消费50指数,19172.63,0.0180889104597606
2022-11-03,2022-09-01,931139.CSI,中证消费50指数,18983.72,-0.0098531083111707
2022-11-03,2022-09-02,931139.CSI,中证消费50指数,18747.65,-0.0124353920095746
2022-11-03,2022-09-05,931139.CSI,中证消费50指数,18580.41,-0.00892058471328416
2022-11-03,2022-09-06,931139.CSI,中证消费50指数,18651.01,0.00379970086774173
2022-11-03,2022-09-07,931139.CSI,中证消费50指数,18466.3,-0.00990348511957262
2022-11-03,2022-09-08,931139.CSI,中证消费50指数,18504.26,0.00205563648375695
2022-11-03,2022-09-09,931139.CSI,中证消费50指数,18920.48,0.022493198863397
2022-11-03,2022-09-13,931139.CSI,中证消费50指数,19154.82,0.0123855208747348
2022-11-03,2022-09-14,931139.CSI,中证消费50指数,19048.26,-0.00556309064768035
2022-11-03,2022-09-15,931139.CSI,中证消费50指数,19114.24,0.00346383344200474
2022-11-03,2022-09-16,931139.CSI,中证消费50指数,18748.27,-0.0191464583472846
2022-11-03,2022-09-19,931139.CSI,中证消费50指数,18815.59,0.00359073130480847
2022-11-03,2022-09-20,931139.CSI,中证消费50指数,18845.51,0.00159017070418721
2022-11-03,2022-09-21,931139.CSI,中证消费50指数,18535.37,-0.0164569703871107
2022-11-03,2022-09-22,931139.CSI,中证消费50指数,18203.93,-0.0178814882033647
2022-11-03,2022-09-23,931139.CSI,中证消费50指数,18202.22,-9.39357600253654e-05
2022-11-03,2022-09-26,931139.CSI,中证消费50指数,18381.53,0.00985099619716712
2022-11-03,2022-09-27,931139.CSI,中证消费50指数,18895.18,0.0279438109885304
2022-11-03,2022-09-28,931139.CSI,中证消费50指数,18769.37,-0.00665831180226917
2022-11-03,2022-09-29,931139.CSI,中证消费50指数,18626.77,-0.00759748462521648
2022-11-03,2022-09-30,931139.CSI,中证消费50指数,18535.14,-0.00491926404846366
2022-11-03,2022-10-10,931139.CSI,中证消费50指数,17919.91,-0.0331926276251487
2022-11-03,2022-10-11,931139.CSI,中证消费50指数,17880.21,-0.00221541291223004
2022-11-03,2022-10-12,931139.CSI,中证消费50指数,17818.54,-0.00344906463626538
2022-11-03,2022-10-13,931139.CSI,中证消费50指数,17584.28,-0.0131469806168183
2022-11-03,2022-10-14,931139.CSI,中证消费50指数,17938.75,0.0201583459772023
2022-11-03,2022-10-17,931139.CSI,中证消费50指数,17867.78,-0.00395623998327654
2022-11-03,2022-10-18,931139.CSI,中证消费50指数,17864.02,-0.000210434648288627
2022-11-03,2022-10-19,931139.CSI,中证消费50指数,17235.77,-0.0351684559242544
2022-11-03,2022-10-20,931139.CSI,中证消费50指数,17073.69,-0.00940369939956276
2022-11-03,2022-10-21,931139.CSI,中证消费50指数,16867.12,-0.0120987320257073
2022-11-03,2022-10-24,931139.CSI,中证消费50指数,16084.64,-0.0463908479930183
2022-11-03,2022-10-25,931139.CSI,中证消费50指数,16006.04,-0.00488664962349161
2022-11-03,2022-10-26,931139.CSI,中证消费50指数,15996.17,-0.000616642217562968
2022-11-03,2022-10-27,931139.CSI,中证消费50指数,15593.03,-0.0252022827964443
2022-11-03,2022-10-28,931139.CSI,中证消费50指数,15159.3,-0.02781563301039
2022-11-03,2022-10-31,931139.CSI,中证消费50指数,14820.78,-0.0223308464111138
2022-11-03,2022-11-01,931139.CSI,中证消费50指数,15700.16,0.0593342590605892
2022-11-03,2022-11-02,931139.CSI,中证消费50指数,15963.58,0.0167781729612946
2022-11-03,2022-11-03,931139.CSI,中证消费50指数,15776.13,-0.0117423535322277
2022-11-03,2022-08-04,931140.CSI,中证医药50指数,13293.5849,0.0210482214488177
2022-11-03,2022-08-05,931140.CSI,中证医药50指数,13584.8667,0.0219114559534652
2022-11-03,2022-08-08,931140.CSI,中证医药50指数,13476.84,-0.00795198822230625
2022-11-03,2022-08-09,931140.CSI,中证医药50指数,13368.655,-0.00802747528352343
2022-11-03,2022-08-10,931140.CSI,中证医药50指数,13128.6902,-0.0179498087129933
2022-11-03,2022-08-11,931140.CSI,中证医药50指数,13501.7336,0.0284143653568731
2022-11-03,2022-08-12,931140.CSI,中证医药50指数,13539.118,0.00276885925226678
2022-11-03,2022-08-15,931140.CSI,中证医药50指数,13318.6026,-0.0162872795702054
2022-11-03,2022-08-16,931140.CSI,中证医药50指数,13158.0218,-0.0120568805018628
2022-11-03,2022-08-17,931140.CSI,中证医药50指数,13288.2197,0.00989494484649645
2022-11-03,2022-08-18,931140.CSI,中证医药50指数,13010.7602,-0.020880110824778
2022-11-03,2022-08-19,931140.CSI,中证医药50指数,12891.1097,-0.00919627278965607
2022-11-03,2022-08-22,931140.CSI,中证医药50指数,12941.8826,0.00393859808671082
2022-11-03,2022-08-23,931140.CSI,中证医药50指数,12779.9758,-0.0125102973813099
2022-11-03,2022-08-24,931140.CSI,中证医药50指数,12648.5937,-0.0102803089814928
2022-11-03,2022-08-25,931140.CSI,中证医药50指数,12790.813,0.0112438823930285
2022-11-03,2022-08-26,931140.CSI,中证医药50指数,12791.2504,3.41964189454202e-05
2022-11-03,2022-08-29,931140.CSI,中证医药50指数,12656.7136,-0.0105178771263833
2022-11-03,2022-08-30,931140.CSI,中证医药50指数,12629.91,-0.00211773773564716
2022-11-03,2022-08-31,931140.CSI,中证医药50指数,12843.7354,0.0169300810536259
2022-11-03,2022-09-01,931140.CSI,中证医药50指数,12781.2368,-0.00486607657769089
2022-11-03,2022-09-02,931140.CSI,中证医药50指数,12678.2538,-0.00805735795459173
2022-11-03,2022-09-05,931140.CSI,中证医药50指数,12474.8136,-0.0160463896061145
2022-11-03,2022-09-06,931140.CSI,中证医药50指数,12472.4146,-0.000192307482654419
2022-11-03,2022-09-07,931140.CSI,中证医药50指数,12418.6381,-0.00431163505420995
2022-11-03,2022-09-08,931140.CSI,中证医药50指数,12353.4631,-0.00524816002166928
2022-11-03,2022-09-09,931140.CSI,中证医药50指数,12706.3791,0.0285681834432321
2022-11-03,2022-09-13,931140.CSI,中证医药50指数,12580.909,-0.00987457551931537
2022-11-03,2022-09-14,931140.CSI,中证医药50指数,12511.3691,-0.00552741459301542
2022-11-03,2022-09-15,931140.CSI,中证医药50指数,12421.5502,-0.00717898251439164
2022-11-03,2022-09-16,931140.CSI,中证医药50指数,12035.9178,-0.0310454326385124
2022-11-03,2022-09-19,931140.CSI,中证医药50指数,11863.3477,-0.014337926103151
2022-11-03,2022-09-20,931140.CSI,中证医药50指数,11853.1009,-0.000863735958780087
2022-11-03,2022-09-21,931140.CSI,中证医药50指数,11544.4886,-0.0260364188749965
2022-11-03,2022-09-22,931140.CSI,中证医药50指数,11314.0431,-0.0199615165283284
2022-11-03,2022-09-23,931140.CSI,中证医药50指数,11254.2786,-0.00528232917903604
2022-11-03,2022-09-26,931140.CSI,中证医药50指数,11216.3386,-0.00337116232398949
2022-11-03,2022-09-27,931140.CSI,中证医药50指数,11834.7795,0.0551375027141212
2022-11-03,2022-09-28,931140.CSI,中证医药50指数,11746.7864,-0.00743512796330503
2022-11-03,2022-09-29,931140.CSI,中证医药50指数,11986.49,0.0204058873497519
2022-11-03,2022-09-30,931140.CSI,中证医药50指数,12004.7993,0.00152749470445479
2022-11-03,2022-10-10,931140.CSI,中证医药50指数,11674.721,-0.0274955283925489
2022-11-03,2022-10-11,931140.CSI,中证医药50指数,11545.168,-0.0110968818869419
2022-11-03,2022-10-12,931140.CSI,中证医药50指数,11594.423,0.00426628698690235
2022-11-03,2022-10-13,931140.CSI,中证医药50指数,11895.0426,0.0259279482903116
2022-11-03,2022-10-14,931140.CSI,中证医药50指数,12923.8265,0.086488458645789
2022-11-03,2022-10-17,931140.CSI,中证医药50指数,13060.255,0.0105563549618992
2022-11-03,2022-10-18,931140.CSI,中证医药50指数,13248.9972,0.0144516473836078
2022-11-03,2022-10-19,931140.CSI,中证医药50指数,12984.7059,-0.0199480229341432
2022-11-03,2022-10-20,931140.CSI,中证医药50指数,13043.6136,0.00453669882503838
2022-11-03,2022-10-21,931140.CSI,中证医药50指数,13021.8706,-0.00166694603710127
2022-11-03,2022-10-24,931140.CSI,中证医药50指数,12549.4688,-0.0362775682934524
2022-11-03,2022-10-25,931140.CSI,中证医药50指数,12279.0559,-0.0215477566668002
2022-11-03,2022-10-26,931140.CSI,中证医药50指数,12924.677,0.0525790504789543
2022-11-03,2022-10-27,931140.CSI,中证医药50指数,12703.8915,-0.0170824771868574
2022-11-03,2022-10-28,931140.CSI,中证医药50指数,12420.9181,-0.0222745447723636
2022-11-03,2022-10-31,931140.CSI,中证医药50指数,12344.2137,-0.00617542112285574
2022-11-03,2022-11-01,931140.CSI,中证医药50指数,12811.5903,0.0378619984519548
2022-11-03,2022-11-02,931140.CSI,中证医药50指数,13006.778,0.0152352436683836
2022-11-03,2022-11-03,931140.CSI,中证医药50指数,12929.9001,-0.00591060291795553
2022-11-03,2022-08-04,931151.CSI,中证光伏产业指数,5155.9855,-0.00085690907161895
2022-11-03,2022-08-05,931151.CSI,中证光伏产业指数,5162.0696,0.00118000719746014
2022-11-03,2022-08-08,931151.CSI,中证光伏产业指数,5224.8137,0.0121548341773616
2022-11-03,2022-08-09,931151.CSI,中证光伏产业指数,5394.3386,0.0324461138202881
2022-11-03,2022-08-10,931151.CSI,中证光伏产业指数,5416.3963,0.00408904624563244
2022-11-03,2022-08-11,931151.CSI,中证光伏产业指数,5429.0757,0.00234092915246986
2022-11-03,2022-08-12,931151.CSI,中证光伏产业指数,5321.5241,-0.0198102966219463
2022-11-03,2022-08-15,931151.CSI,中证光伏产业指数,5545.5884,0.0421052870924703
2022-11-03,2022-08-16,931151.CSI,中证光伏产业指数,5622.6071,0.013888282801515
2022-11-03,2022-08-17,931151.CSI,中证光伏产业指数,5641.8115,0.00341556855359859
2022-11-03,2022-08-18,931151.CSI,中证光伏产业指数,5760.4877,0.0210351232046657
2022-11-03,2022-08-19,931151.CSI,中证光伏产业指数,5608.2402,-0.0264296198393063
2022-11-03,2022-08-22,931151.CSI,中证光伏产业指数,5581.5736,-0.00475489619720648
2022-11-03,2022-08-23,931151.CSI,中证光伏产业指数,5659.5429,0.0139690534583294
2022-11-03,2022-08-24,931151.CSI,中证光伏产业指数,5480.1608,-0.0316955102504834
2022-11-03,2022-08-25,931151.CSI,中证光伏产业指数,5359.3619,-0.0220429480828372
2022-11-03,2022-08-26,931151.CSI,中证光伏产业指数,5285.4923,-0.0137832826702746
2022-11-03,2022-08-29,931151.CSI,中证光伏产业指数,5380.8443,0.0180403252124688
2022-11-03,2022-08-30,931151.CSI,中证光伏产业指数,5289.3371,-0.0170061044137627
2022-11-03,2022-08-31,931151.CSI,中证光伏产业指数,4960.891,-0.0620958909954898
2022-11-03,2022-09-01,931151.CSI,中证光伏产业指数,4948.4651,-0.00250477182425479
2022-11-03,2022-09-02,931151.CSI,中证光伏产业指数,4887.7579,-0.0122678848437268
2022-11-03,2022-09-05,931151.CSI,中证光伏产业指数,4964.1043,0.0156199225824996
2022-11-03,2022-09-06,931151.CSI,中证光伏产业指数,5203.0055,0.0481257414353684
2022-11-03,2022-09-07,931151.CSI,中证光伏产业指数,5266.5914,0.0122209941926834
2022-11-03,2022-09-08,931151.CSI,中证光伏产业指数,5251.2461,-0.00291370619714304
2022-11-03,2022-09-09,931151.CSI,中证光伏产业指数,5169.7417,-0.0155209636813634
2022-11-03,2022-09-13,931151.CSI,中证光伏产业指数,5141.7739,-0.00540990278102282
2022-11-03,2022-09-14,931151.CSI,中证光伏产业指数,5060.0157,-0.0159007769672642
2022-11-03,2022-09-15,931151.CSI,中证光伏产业指数,4717.7644,-0.0676383869718032
2022-11-03,2022-09-16,931151.CSI,中证光伏产业指数,4668.3991,-0.0104637060723084
2022-11-03,2022-09-19,931151.CSI,中证光伏产业指数,4619.3331,-0.0105102410802881
2022-11-03,2022-09-20,931151.CSI,中证光伏产业指数,4759.7511,0.0303978944493093
2022-11-03,2022-09-21,931151.CSI,中证光伏产业指数,4707.3088,-0.0110178660392558
2022-11-03,2022-09-22,931151.CSI,中证光伏产业指数,4731.8113,0.00520520344873066
2022-11-03,2022-09-23,931151.CSI,中证光伏产业指数,4678.7979,-0.011203616678459
2022-11-03,2022-09-26,931151.CSI,中证光伏产业指数,4752.7683,0.0158097018894534
2022-11-03,2022-09-27,931151.CSI,中证光伏产业指数,4783.2927,0.00642244647188051
2022-11-03,2022-09-28,931151.CSI,中证光伏产业指数,4608.4161,-0.0365598785121386
2022-11-03,2022-09-29,931151.CSI,中证光伏产业指数,4691.8629,0.0181074794873666
2022-11-03,2022-09-30,931151.CSI,中证光伏产业指数,4545.9076,-0.0311081766690158
2022-11-03,2022-10-10,931151.CSI,中证光伏产业指数,4454.5248,-0.0201022123722883
2022-11-03,2022-10-11,931151.CSI,中证光伏产业指数,4503.3989,0.010971787607962
2022-11-03,2022-10-12,931151.CSI,中证光伏产业指数,4691.5071,0.0417702726711595
2022-11-03,2022-10-13,931151.CSI,中证光伏产业指数,4659.3606,-0.00685206252805204
2022-11-03,2022-10-14,931151.CSI,中证光伏产业指数,4872.3363,0.0457092116888314
2022-11-03,2022-10-17,931151.CSI,中证光伏产业指数,4805.0513,-0.0138095968457678
2022-11-03,2022-10-18,931151.CSI,中证光伏产业指数,4835.1362,0.00626109860679325
2022-11-03,2022-10-19,931151.CSI,中证光伏产业指数,4763.7982,-0.0147540828322478
2022-11-03,2022-10-20,931151.CSI,中证光伏产业指数,4629.6134,-0.0281676079393959
2022-11-03,2022-10-21,931151.CSI,中证光伏产业指数,4661.9226,0.00697881166492209
2022-11-03,2022-10-24,931151.CSI,中证光伏产业指数,4564.3125,-0.0209377350022928
2022-11-03,2022-10-25,931151.CSI,中证光伏产业指数,4694.3566,0.0284914978980952
2022-11-03,2022-10-26,931151.CSI,中证光伏产业指数,4808.9696,0.0244150604153082
2022-11-03,2022-10-27,931151.CSI,中证光伏产业指数,4783.7214,-0.00525023073549891
2022-11-03,2022-10-28,931151.CSI,中证光伏产业指数,4627.637,-0.032628237923722
2022-11-03,2022-10-31,931151.CSI,中证光伏产业指数,4548.8917,-0.0170163087554187
2022-11-03,2022-11-01,931151.CSI,中证光伏产业指数,4734.2957,0.0407580598148773
2022-11-03,2022-11-02,931151.CSI,中证光伏产业指数,4813.3093,0.0166896208025198
2022-11-03,2022-11-03,931151.CSI,中证光伏产业指数,4850.7415,0.00777681168338806
2022-11-03,2022-08-04,931152.CSI,中证创新药产业指数,2260.8085,0.0306347834831733
2022-11-03,2022-08-05,931152.CSI,中证创新药产业指数,2321.4113,0.0268058086299658
2022-11-03,2022-08-08,931152.CSI,中证创新药产业指数,2297.68,-0.0102227899037108
2022-11-03,2022-08-09,931152.CSI,中证创新药产业指数,2281.364,-0.00710107586783182
2022-11-03,2022-08-10,931152.CSI,中证创新药产业指数,2245.0642,-0.0159114459595225
2022-11-03,2022-08-11,931152.CSI,中证创新药产业指数,2315.3293,0.0312975905098838
2022-11-03,2022-08-12,931152.CSI,中证创新药产业指数,2321.8585,0.00281998763631597
2022-11-03,2022-08-15,931152.CSI,中证创新药产业指数,2283.3406,-0.0165892538240379
2022-11-03,2022-08-16,931152.CSI,中证创新药产业指数,2254.6236,-0.0125767482958959
2022-11-03,2022-08-17,931152.CSI,中证创新药产业指数,2276.6405,0.00976522200867591
2022-11-03,2022-08-18,931152.CSI,中证创新药产业指数,2227.3603,-0.021646017454227
2022-11-03,2022-08-19,931152.CSI,中证创新药产业指数,2213.8169,-0.00608047112988408
2022-11-03,2022-08-22,931152.CSI,中证创新药产业指数,2210.969,-0.00128642075141794
2022-11-03,2022-08-23,931152.CSI,中证创新药产业指数,2170.8769,-0.0181332709775668
2022-11-03,2022-08-24,931152.CSI,中证创新药产业指数,2138.2265,-0.0150401895197282
2022-11-03,2022-08-25,931152.CSI,中证创新药产业指数,2165.3545,0.0126871498412351
2022-11-03,2022-08-26,931152.CSI,中证创新药产业指数,2165.4752,5.57414501873854e-05
2022-11-03,2022-08-29,931152.CSI,中证创新药产业指数,2142.6915,-0.0105213396117397
2022-11-03,2022-08-30,931152.CSI,中证创新药产业指数,2138.3433,-0.00202931686619368
2022-11-03,2022-08-31,931152.CSI,中证创新药产业指数,2170.344,0.0149651835605631
2022-11-03,2022-09-01,931152.CSI,中证创新药产业指数,2163.392,-0.00320317885091037
2022-11-03,2022-09-02,931152.CSI,中证创新药产业指数,2144.212,-0.00886570718575264
2022-11-03,2022-09-05,931152.CSI,中证创新药产业指数,2102.1518,-0.0196156909857793
2022-11-03,2022-09-06,931152.CSI,中证创新药产业指数,2100.9295,-0.00058145182474445
2022-11-03,2022-09-07,931152.CSI,中证创新药产业指数,2088.4935,-0.00591928477371573
2022-11-03,2022-09-08,931152.CSI,中证创新药产业指数,2067.5364,-0.0100345536148425
2022-11-03,2022-09-09,931152.CSI,中证创新药产业指数,2111.0549,0.0210484806942215
2022-11-03,2022-09-13,931152.CSI,中证创新药产业指数,2058.1372,-0.0250669463877988
2022-11-03,2022-09-14,931152.CSI,中证创新药产业指数,2046.0462,-0.00587472982850712
2022-11-03,2022-09-15,931152.CSI,中证创新药产业指数,2036.9597,-0.00444100431358774
2022-11-03,2022-09-16,931152.CSI,中证创新药产业指数,1967.388,-0.0341546766978258
2022-11-03,2022-09-19,931152.CSI,中证创新药产业指数,1956.3165,-0.00562751221416413
2022-11-03,2022-09-20,931152.CSI,中证创新药产业指数,1959.8639,0.00181330577133099
2022-11-03,2022-09-21,931152.CSI,中证创新药产业指数,1916.5203,-0.0221156173140391
2022-11-03,2022-09-22,931152.CSI,中证创新药产业指数,1888.2974,-0.0147261158673874
2022-11-03,2022-09-23,931152.CSI,中证创新药产业指数,1881.802,-0.00343981832522777
2022-11-03,2022-09-26,931152.CSI,中证创新药产业指数,1861.085,-0.0110091284842931
2022-11-03,2022-09-27,931152.CSI,中证创新药产业指数,1950.4694,0.048028112633222
2022-11-03,2022-09-28,931152.CSI,中证创新药产业指数,1921.1031,-0.0150560167721677
2022-11-03,2022-09-29,931152.CSI,中证创新药产业指数,1961.4527,0.0210033495859749
2022-11-03,2022-09-30,931152.CSI,中证创新药产业指数,1954.8932,-0.0033442050374195
2022-11-03,2022-10-10,931152.CSI,中证创新药产业指数,1889.9026,-0.0332450898084867
2022-11-03,2022-10-11,931152.CSI,中证创新药产业指数,1864.5996,-0.0133885206570963
2022-11-03,2022-10-12,931152.CSI,中证创新药产业指数,1879.6072,0.00804869849805812
2022-11-03,2022-10-13,931152.CSI,中证创新药产业指数,1952.8571,0.0389708551871901
2022-11-03,2022-10-14,931152.CSI,中证创新药产业指数,2111.8654,0.0814234180268492
2022-11-03,2022-10-17,931152.CSI,中证创新药产业指数,2135.0492,0.0109778776620895
2022-11-03,2022-10-18,931152.CSI,中证创新药产业指数,2171.3794,0.0170160949920966
2022-11-03,2022-10-19,931152.CSI,中证创新药产业指数,2128.566,-0.019717143857955
2022-11-03,2022-10-20,931152.CSI,中证创新药产业指数,2121.4393,-0.00334812263279594
2022-11-03,2022-10-21,931152.CSI,中证创新药产业指数,2125.7288,0.00202197630636891
2022-11-03,2022-10-24,931152.CSI,中证创新药产业指数,2054.1503,-0.0336724515375622
2022-11-03,2022-10-25,931152.CSI,中证创新药产业指数,2023.2379,-0.0150487527616648
2022-11-03,2022-10-26,931152.CSI,中证创新药产业指数,2147.1037,0.061221569643392
2022-11-03,2022-10-27,931152.CSI,中证创新药产业指数,2128.1447,-0.00883003461826282
2022-11-03,2022-10-28,931152.CSI,中证创新药产业指数,2090.0535,-0.0178987829164059
2022-11-03,2022-10-31,931152.CSI,中证创新药产业指数,2071.2031,-0.00901909927186062
2022-11-03,2022-11-01,931152.CSI,中证创新药产业指数,2171.8138,0.0485759701692219
2022-11-03,2022-11-02,931152.CSI,中证创新药产业指数,2204.5485,0.0150725168059986
2022-11-03,2022-11-03,931152.CSI,中证创新药产业指数,2189.2171,-0.00695443987737177
2022-11-03,2022-08-04,931160.CSI,中证全指通信设备指数,4824.6573,0.00590257605450328
2022-11-03,2022-08-05,931160.CSI,中证全指通信设备指数,4968.6155,0.0298380156451734
2022-11-03,2022-08-08,931160.CSI,中证全指通信设备指数,4964.0154,-0.000925831350805817
2022-11-03,2022-08-09,931160.CSI,中证全指通信设备指数,5000.0959,0.00726841016649549
2022-11-03,2022-08-10,931160.CSI,中证全指通信设备指数,4964.549,-0.007109243644707
2022-11-03,2022-08-11,931160.CSI,中证全指通信设备指数,5085.8618,0.0244358148141957
2022-11-03,2022-08-12,931160.CSI,中证全指通信设备指数,4958.16,-0.0251091761872098
2022-11-03,2022-08-15,931160.CSI,中证全指通信设备指数,4970.43,0.00247470835955288
2022-11-03,2022-08-16,931160.CSI,中证全指通信设备指数,4962.2509,-0.00164555179330572
2022-11-03,2022-08-17,931160.CSI,中证全指通信设备指数,5021.1285,0.011865099364484
2022-11-03,2022-08-18,931160.CSI,中证全指通信设备指数,5108.1127,0.017323635513411
2022-11-03,2022-08-19,931160.CSI,中证全指通信设备指数,4994.4489,-0.0222516233833289
2022-11-03,2022-08-22,931160.CSI,中证全指通信设备指数,5009.2711,0.00296773483857238
2022-11-03,2022-08-23,931160.CSI,中证全指通信设备指数,4953.5992,-0.0111137726205316
2022-11-03,2022-08-24,931160.CSI,中证全指通信设备指数,4782.2767,-0.0345854585893827
2022-11-03,2022-08-25,931160.CSI,中证全指通信设备指数,4736.8944,-0.0094896851116959
2022-11-03,2022-08-26,931160.CSI,中证全指通信设备指数,4728.9121,-0.00168513361834721
2022-11-03,2022-08-29,931160.CSI,中证全指通信设备指数,4748.5385,0.00415029917769028
2022-11-03,2022-08-30,931160.CSI,中证全指通信设备指数,4803.6021,0.011595904718894
2022-11-03,2022-08-31,931160.CSI,中证全指通信设备指数,4657.7532,-0.0303624024146379
2022-11-03,2022-09-01,931160.CSI,中证全指通信设备指数,4668.9616,0.00240639628565975
2022-11-03,2022-09-02,931160.CSI,中证全指通信设备指数,4772.3026,0.0221336153203746
2022-11-03,2022-09-05,931160.CSI,中证全指通信设备指数,4752.9085,-0.00406388731510876
2022-11-03,2022-09-06,931160.CSI,中证全指通信设备指数,4833.1113,0.0168744674971126
2022-11-03,2022-09-07,931160.CSI,中证全指通信设备指数,4854.9284,0.00451409012658166
2022-11-03,2022-09-08,931160.CSI,中证全指通信设备指数,4818.6108,-0.0074805634620686
2022-11-03,2022-09-09,931160.CSI,中证全指通信设备指数,4788.9886,-0.0061474564411802
2022-11-03,2022-09-13,931160.CSI,中证全指通信设备指数,4798.2798,0.00194011737676725
2022-11-03,2022-09-14,931160.CSI,中证全指通信设备指数,4745.9747,-0.0109008024083965
2022-11-03,2022-09-15,931160.CSI,中证全指通信设备指数,4603.1856,-0.0300863592888516
2022-11-03,2022-09-16,931160.CSI,中证全指通信设备指数,4510.134,-0.0202146096390291
2022-11-03,2022-09-19,931160.CSI,中证全指通信设备指数,4440.9236,-0.0153455307536317
2022-11-03,2022-09-20,931160.CSI,中证全指通信设备指数,4450.5785,0.00217407478030007
2022-11-03,2022-09-21,931160.CSI,中证全指通信设备指数,4415.0766,-0.00797691805683221
2022-11-03,2022-09-22,931160.CSI,中证全指通信设备指数,4410.5771,-0.00101912161614592
2022-11-03,2022-09-23,931160.CSI,中证全指通信设备指数,4318.2665,-0.020929369991061
2022-11-03,2022-09-26,931160.CSI,中证全指通信设备指数,4307.5374,-0.00248458496019166
2022-11-03,2022-09-27,931160.CSI,中证全指通信设备指数,4423.0981,0.0268275558094979
2022-11-03,2022-09-28,931160.CSI,中证全指通信设备指数,4284.5441,-0.0313251021947716
2022-11-03,2022-09-29,931160.CSI,中证全指通信设备指数,4271.3878,-0.00307064175159255
2022-11-03,2022-09-30,931160.CSI,中证全指通信设备指数,4185.1684,-0.0201853364847839
2022-11-03,2022-10-10,931160.CSI,中证全指通信设备指数,4068.3794,-0.0279054482013197
2022-11-03,2022-10-11,931160.CSI,中证全指通信设备指数,4120.8935,0.0129078669506586
2022-11-03,2022-10-12,931160.CSI,中证全指通信设备指数,4288.4941,0.0406709370188771
2022-11-03,2022-10-13,931160.CSI,中证全指通信设备指数,4322.4977,0.00792903037921877
2022-11-03,2022-10-14,931160.CSI,中证全指通信设备指数,4374.3924,0.0120057206739519
2022-11-03,2022-10-17,931160.CSI,中证全指通信设备指数,4417.998,0.00996837869414735
2022-11-03,2022-10-18,931160.CSI,中证全指通信设备指数,4459.2092,0.00932802595202631
2022-11-03,2022-10-19,931160.CSI,中证全指通信设备指数,4393.4317,-0.0147509338651347
2022-11-03,2022-10-20,931160.CSI,中证全指通信设备指数,4386.4996,-0.00157783265414135
2022-11-03,2022-10-21,931160.CSI,中证全指通信设备指数,4435.6481,0.0112044920738168
2022-11-03,2022-10-24,931160.CSI,中证全指通信设备指数,4406.2147,-0.0066356481254678
2022-11-03,2022-10-25,931160.CSI,中证全指通信设备指数,4400.9933,-0.00118500807507183
2022-11-03,2022-10-26,931160.CSI,中证全指通信设备指数,4480.7334,0.01811865971257
2022-11-03,2022-10-27,931160.CSI,中证全指通信设备指数,4418.4594,-0.0138981712234877
2022-11-03,2022-10-28,931160.CSI,中证全指通信设备指数,4317.9034,-0.0227581586468804
2022-11-03,2022-10-31,931160.CSI,中证全指通信设备指数,4432.4622,0.0265311169304991
2022-11-03,2022-11-01,931160.CSI,中证全指通信设备指数,4444.859,0.00279682024135486
2022-11-03,2022-11-02,931160.CSI,中证全指通信设备指数,4473.7303,0.00649543663814756
2022-11-03,2022-11-03,931160.CSI,中证全指通信设备指数,4485.4029,0.00260914253145739
2022-11-03,2022-08-04,931186.CSI,中证科技50策略指数,4634.2151,0.0115155724478042
2022-11-03,2022-08-05,931186.CSI,中证科技50策略指数,4798.7453,0.0355033584867477
2022-11-03,2022-08-08,931186.CSI,中证科技50策略指数,4799.8807,0.000236603513839251
2022-11-03,2022-08-09,931186.CSI,中证科技50策略指数,4792.5958,-0.0015177252217955
2022-11-03,2022-08-10,931186.CSI,中证科技50策略指数,4746.0759,-0.00970661869711609
2022-11-03,2022-08-11,931186.CSI,中证科技50策略指数,4865.2759,0.0251154854055327
2022-11-03,2022-08-12,931186.CSI,中证科技50策略指数,4821.068,-0.00908641172846936
2022-11-03,2022-08-15,931186.CSI,中证科技50策略指数,4806.554,-0.00301053625462244
2022-11-03,2022-08-16,931186.CSI,中证科技50策略指数,4771.0419,-0.00738826610498911
2022-11-03,2022-08-17,931186.CSI,中证科技50策略指数,4845.185,0.0155402324175775
2022-11-03,2022-08-18,931186.CSI,中证科技50策略指数,4847.8797,0.000556160394288296
2022-11-03,2022-08-19,931186.CSI,中证科技50策略指数,4766.7631,-0.0167323871506135
2022-11-03,2022-08-22,931186.CSI,中证科技50策略指数,4804.1608,0.00784551260791622
2022-11-03,2022-08-23,931186.CSI,中证科技50策略指数,4789.7272,-0.00300439568966959
2022-11-03,2022-08-24,931186.CSI,中证科技50策略指数,4643.3232,-0.0305662502031432
2022-11-03,2022-08-25,931186.CSI,中证科技50策略指数,4624.8206,-0.00398477538673159
2022-11-03,2022-08-26,931186.CSI,中证科技50策略指数,4600.7324,-0.00520846149145771
2022-11-03,2022-08-29,931186.CSI,中证科技50策略指数,4591.1733,-0.00207773440593928
2022-11-03,2022-08-30,931186.CSI,中证科技50策略指数,4579.3033,-0.00258539576364947
2022-11-03,2022-08-31,931186.CSI,中证科技50策略指数,4536.528,-0.00934100608710486
2022-11-03,2022-09-01,931186.CSI,中证科技50策略指数,4499.272,-0.00821244793375031
2022-11-03,2022-09-02,931186.CSI,中证科技50策略指数,4518.8279,0.00434645871598782
2022-11-03,2022-09-05,931186.CSI,中证科技50策略指数,4487.9744,-0.00682776611165037
2022-11-03,2022-09-06,931186.CSI,中证科技50策略指数,4521.0049,0.00735977905756324
2022-11-03,2022-09-07,931186.CSI,中证科技50策略指数,4532.3517,0.00250979599690337
2022-11-03,2022-09-08,931186.CSI,中证科技50策略指数,4479.8299,-0.0115882004479044
2022-11-03,2022-09-09,931186.CSI,中证科技50策略指数,4516.9924,0.00829551586322519
2022-11-03,2022-09-13,931186.CSI,中证科技50策略指数,4535.2984,0.00405269665718277
2022-11-03,2022-09-14,931186.CSI,中证科技50策略指数,4506.8568,-0.00627116398779848
2022-11-03,2022-09-15,931186.CSI,中证科技50策略指数,4411.8078,-0.0210898646702065
2022-11-03,2022-09-16,931186.CSI,中证科技50策略指数,4364.7175,-0.0106736970726603
2022-11-03,2022-09-19,931186.CSI,中证科技50策略指数,4295.6733,-0.0158187099165065
2022-11-03,2022-09-20,931186.CSI,中证科技50策略指数,4306.9026,0.0026140954434315
2022-11-03,2022-09-21,931186.CSI,中证科技50策略指数,4264.5956,-0.00982306867120719
2022-11-03,2022-09-22,931186.CSI,中证科技50策略指数,4247.3368,-0.00404699568700007
2022-11-03,2022-09-23,931186.CSI,中证科技50策略指数,4192.5682,-0.0128948097546679
2022-11-03,2022-09-26,931186.CSI,中证科技50策略指数,4148.0413,-0.0106204354648304
2022-11-03,2022-09-27,931186.CSI,中证科技50策略指数,4249.4403,0.0244450314417073
2022-11-03,2022-09-28,931186.CSI,中证科技50策略指数,4142.9405,-0.0250620769987051
2022-11-03,2022-09-29,931186.CSI,中证科技50策略指数,4164.1856,0.00512802440681925
2022-11-03,2022-09-30,931186.CSI,中证科技50策略指数,4112.5422,-0.0124018007266534
2022-11-03,2022-10-10,931186.CSI,中证科技50策略指数,3983.5415,-0.0313676294920451
2022-11-03,2022-10-11,931186.CSI,中证科技50策略指数,3974.8109,-0.00219166789149805
2022-11-03,2022-10-12,931186.CSI,中证科技50策略指数,4117.4331,0.0358815057088628
2022-11-03,2022-10-13,931186.CSI,中证科技50策略指数,4167.7291,0.0122153775856126
2022-11-03,2022-10-14,931186.CSI,中证科技50策略指数,4325.3662,0.0378232596739554
2022-11-03,2022-10-17,931186.CSI,中证科技50策略指数,4396.9683,0.016553997208375
2022-11-03,2022-10-18,931186.CSI,中证科技50策略指数,4387.6981,-0.00210831631422059
2022-11-03,2022-10-19,931186.CSI,中证科技50策略指数,4350.3017,-0.00852301118894205
2022-11-03,2022-10-20,931186.CSI,中证科技50策略指数,4372.3074,0.00505843077504253
2022-11-03,2022-10-21,931186.CSI,中证科技50策略指数,4389.7644,0.0039926286976073
2022-11-03,2022-10-24,931186.CSI,中证科技50策略指数,4350.5874,-0.00892462474751488
2022-11-03,2022-10-25,931186.CSI,中证科技50策略指数,4337.6889,-0.00296477206733059
2022-11-03,2022-10-26,931186.CSI,中证科技50策略指数,4486.5188,0.034310874622659
2022-11-03,2022-10-27,931186.CSI,中证科技50策略指数,4491.941,0.00120855394610175
2022-11-03,2022-10-28,931186.CSI,中证科技50策略指数,4364.2744,-0.0284212548651016
2022-11-03,2022-10-31,931186.CSI,中证科技50策略指数,4434.6676,0.0161294166104677
2022-11-03,2022-11-01,931186.CSI,中证科技50策略指数,4535.2115,0.0226722516925508
2022-11-03,2022-11-02,931186.CSI,中证科技50策略指数,4570.4283,0.00776519463314984
2022-11-03,2022-11-03,931186.CSI,中证科技50策略指数,4505.542,-0.014196984558318
2022-11-03,2022-08-04,931380.CSI,中证科技50指数,2854.6411,0.00964764455312195
2022-11-03,2022-08-05,931380.CSI,中证科技50指数,2937.5464,0.0290422848602581
2022-11-03,2022-08-08,931380.CSI,中证科技50指数,2930.2044,-0.00249936477599133
2022-11-03,2022-08-09,931380.CSI,中证科技50指数,2944.9208,0.00502231175408774
2022-11-03,2022-08-10,931380.CSI,中证科技50指数,2910.0498,-0.0118410654710986
2022-11-03,2022-08-11,931380.CSI,中证科技50指数,2976.3924,0.0227977541827635
2022-11-03,2022-08-12,931380.CSI,中证科技50指数,2950.7496,-0.00861539627637808
2022-11-03,2022-08-15,931380.CSI,中证科技50指数,2956.7264,0.00202551921044059
2022-11-03,2022-08-16,931380.CSI,中证科技50指数,2941.0405,-0.00530515775825591
2022-11-03,2022-08-17,931380.CSI,中证科技50指数,2990.6408,0.0168648816634793
2022-11-03,2022-08-18,931380.CSI,中证科技50指数,2973.6028,-0.00569710678728119
2022-11-03,2022-08-19,931380.CSI,中证科技50指数,2901.9628,-0.0240919869997434
2022-11-03,2022-08-22,931380.CSI,中证科技50指数,2921.3496,0.00668058184619058
2022-11-03,2022-08-23,931380.CSI,中证科技50指数,2921.2009,-5.09011314496766e-05
2022-11-03,2022-08-24,931380.CSI,中证科技50指数,2822.9778,-0.0336242194092161
2022-11-03,2022-08-25,931380.CSI,中证科技50指数,2812.6212,-0.0036686792223446
2022-11-03,2022-08-26,931380.CSI,中证科技50指数,2796.6461,-0.00567979079443759
2022-11-03,2022-08-29,931380.CSI,中证科技50指数,2789.8786,-0.0024198628492893
2022-11-03,2022-08-30,931380.CSI,中证科技50指数,2774.2467,-0.00560307534528559
2022-11-03,2022-08-31,931380.CSI,中证科技50指数,2758.1494,-0.00580240394626774
2022-11-03,2022-09-01,931380.CSI,中证科技50指数,2734.1829,-0.00868934075869854
2022-11-03,2022-09-02,931380.CSI,中证科技50指数,2736.2202,0.000745122061878378
2022-11-03,2022-09-05,931380.CSI,中证科技50指数,2713.105,-0.0084478581073264
2022-11-03,2022-09-06,931380.CSI,中证科技50指数,2724.612,0.00424126600334307
2022-11-03,2022-09-07,931380.CSI,中证科技50指数,2744.1892,0.0071853166616016
2022-11-03,2022-09-08,931380.CSI,中证科技50指数,2715.422,-0.0104829506653549
2022-11-03,2022-09-09,931380.CSI,中证科技50指数,2734.2889,0.00694805448287594
2022-11-03,2022-09-13,931380.CSI,中证科技50指数,2749.1405,0.00543161331635433
2022-11-03,2022-09-14,931380.CSI,中证科技50指数,2714.3342,-0.0126607934370762
2022-11-03,2022-09-15,931380.CSI,中证科技50指数,2643.4922,-0.0260992179960742
2022-11-03,2022-09-16,931380.CSI,中证科技50指数,2610.3031,-0.0125550209680967
2022-11-03,2022-09-19,931380.CSI,中证科技50指数,2583.7979,-0.0101540698472909
2022-11-03,2022-09-20,931380.CSI,中证科技50指数,2593.2269,0.00364927922574743
2022-11-03,2022-09-21,931380.CSI,中证科技50指数,2555.3011,-0.0146249446972805
2022-11-03,2022-09-22,931380.CSI,中证科技50指数,2536.6637,-0.00729362187493288
2022-11-03,2022-09-23,931380.CSI,中证科技50指数,2513.0115,-0.00932413705450985
2022-11-03,2022-09-26,931380.CSI,中证科技50指数,2505.1361,-0.00313384956654594
2022-11-03,2022-09-27,931380.CSI,中证科技50指数,2559.216,0.0215876095514331
2022-11-03,2022-09-28,931380.CSI,中证科技50指数,2506.7731,-0.0204917834211727
2022-11-03,2022-09-29,931380.CSI,中证科技50指数,2527.2921,0.00818542372263376
2022-11-03,2022-09-30,931380.CSI,中证科技50指数,2490.2614,-0.0146523229348916
2022-11-03,2022-10-10,931380.CSI,中证科技50指数,2408.7285,-0.0327406994301882
2022-11-03,2022-10-11,931380.CSI,中证科技50指数,2419.9816,0.00467180091072938
2022-11-03,2022-10-12,931380.CSI,中证科技50指数,2493.6258,0.0304317189849708
2022-11-03,2022-10-13,931380.CSI,中证科技50指数,2495.9982,0.000951385729166088
2022-11-03,2022-10-14,931380.CSI,中证科技50指数,2605.6361,0.0439254723821516
2022-11-03,2022-10-17,931380.CSI,中证科技50指数,2626.6362,0.00805949073241652
2022-11-03,2022-10-18,931380.CSI,中证科技50指数,2615.1781,-0.00436227141010237
2022-11-03,2022-10-19,931380.CSI,中证科技50指数,2589.3202,-0.00988762486195494
2022-11-03,2022-10-20,931380.CSI,中证科技50指数,2588.5874,-0.000283008644508365
2022-11-03,2022-10-21,931380.CSI,中证科技50指数,2584.1534,-0.00171290333870888
2022-11-03,2022-10-24,931380.CSI,中证科技50指数,2540.222,-0.0170003065607482
2022-11-03,2022-10-25,931380.CSI,中证科技50指数,2532.9981,-0.00284380656493821
2022-11-03,2022-10-26,931380.CSI,中证科技50指数,2603.1322,0.0276881771052258
2022-11-03,2022-10-27,931380.CSI,中证科技50指数,2606.4908,0.00129021491878123
2022-11-03,2022-10-28,931380.CSI,中证科技50指数,2535.2521,-0.0273312685392942
2022-11-03,2022-10-31,931380.CSI,中证科技50指数,2548.087,0.00506257346162919
2022-11-03,2022-11-01,931380.CSI,中证科技50指数,2619.6028,0.0280664671182735
2022-11-03,2022-11-02,931380.CSI,中证科技50指数,2657.2298,0.0143636279515351
2022-11-03,2022-11-03,931380.CSI,中证科技50指数,2633.303,-0.00900441504908611
2022-11-03,2022-08-04,931403.CSI,中证新华社民族品牌工程指数,1891.3641,0.012618025456953
2022-11-03,2022-08-05,931403.CSI,中证新华社民族品牌工程指数,1920.566,0.0154395972726775
2022-11-03,2022-08-08,931403.CSI,中证新华社民族品牌工程指数,1908.7731,-0.00614032529993758
2022-11-03,2022-08-09,931403.CSI,中证新华社民族品牌工程指数,1912.0116,0.00169663958487254
2022-11-03,2022-08-10,931403.CSI,中证新华社民族品牌工程指数,1882.7335,-0.0153127209060866
2022-11-03,2022-08-11,931403.CSI,中证新华社民族品牌工程指数,1929.1365,0.0246466108984622
2022-11-03,2022-08-12,931403.CSI,中证新华社民族品牌工程指数,1924.4676,-0.0024202019919275
2022-11-03,2022-08-15,931403.CSI,中证新华社民族品牌工程指数,1917.2877,-0.00373085002834028
2022-11-03,2022-08-16,931403.CSI,中证新华社民族品牌工程指数,1903.9591,-0.0069517996699191
2022-11-03,2022-08-17,931403.CSI,中证新华社民族品牌工程指数,1929.1572,0.0132345805117349
2022-11-03,2022-08-18,931403.CSI,中证新华社民族品牌工程指数,1909.3792,-0.0102521453409811
2022-11-03,2022-08-19,931403.CSI,中证新华社民族品牌工程指数,1892.1091,-0.00904487699457512
2022-11-03,2022-08-22,931403.CSI,中证新华社民族品牌工程指数,1909.3174,0.00909477154356475
2022-11-03,2022-08-23,931403.CSI,中证新华社民族品牌工程指数,1893.6519,-0.00820476469758247
2022-11-03,2022-08-24,931403.CSI,中证新华社民族品牌工程指数,1853.0414,-0.021445599373359
2022-11-03,2022-08-25,931403.CSI,中证新华社民族品牌工程指数,1865.8679,0.00692186369932157
2022-11-03,2022-08-26,931403.CSI,中证新华社民族品牌工程指数,1867.5432,0.000897866349488075
2022-11-03,2022-08-29,931403.CSI,中证新华社民族品牌工程指数,1852.74,-0.00792656362648003
2022-11-03,2022-08-30,931403.CSI,中证新华社民族品牌工程指数,1844.0736,-0.00467761261698896
2022-11-03,2022-08-31,931403.CSI,中证新华社民族品牌工程指数,1862.0616,0.00975449136086537
2022-11-03,2022-09-01,931403.CSI,中证新华社民族品牌工程指数,1837.6658,-0.0131014999718592
2022-11-03,2022-09-02,931403.CSI,中证新华社民族品牌工程指数,1825.5666,-0.00658400455621466
2022-11-03,2022-09-05,931403.CSI,中证新华社民族品牌工程指数,1804.6695,-0.0114469118793037
2022-11-03,2022-09-06,931403.CSI,中证新华社民族品牌工程指数,1806.5341,0.00103320857364753
2022-11-03,2022-09-07,931403.CSI,中证新华社民族品牌工程指数,1807.039,0.000279485452281181
2022-11-03,2022-09-08,931403.CSI,中证新华社民族品牌工程指数,1796.5327,-0.00581409698407176
2022-11-03,2022-09-09,931403.CSI,中证新华社民族品牌工程指数,1826.6037,0.0167383538301307
2022-11-03,2022-09-13,931403.CSI,中证新华社民族品牌工程指数,1839.4021,0.0070066648830287
2022-11-03,2022-09-14,931403.CSI,中证新华社民族品牌工程指数,1819.7684,-0.0106739575865441
2022-11-03,2022-09-15,931403.CSI,中证新华社民族品牌工程指数,1804.4502,-0.00841766457753634
2022-11-03,2022-09-16,931403.CSI,中证新华社民族品牌工程指数,1767.1944,-0.0206466213365156
2022-11-03,2022-09-19,931403.CSI,中证新华社民族品牌工程指数,1761.6583,-0.00313270571703939
2022-11-03,2022-09-20,931403.CSI,中证新华社民族品牌工程指数,1767.3368,0.00322338333148942
2022-11-03,2022-09-21,931403.CSI,中证新华社民族品牌工程指数,1740.6571,-0.0150959907585244
2022-11-03,2022-09-22,931403.CSI,中证新华社民族品牌工程指数,1715.9439,-0.0141976268617179
2022-11-03,2022-09-23,931403.CSI,中证新华社民族品牌工程指数,1710.2531,-0.00331642543791788
2022-11-03,2022-09-26,931403.CSI,中证新华社民族品牌工程指数,1720.5065,0.00599525298331582
2022-11-03,2022-09-27,931403.CSI,中证新华社民族品牌工程指数,1766.5138,0.0267405557607601
2022-11-03,2022-09-28,931403.CSI,中证新华社民族品牌工程指数,1744.6612,-0.0123704666218853
2022-11-03,2022-09-29,931403.CSI,中证新华社民族品牌工程指数,1746.264,0.000918688396348788
2022-11-03,2022-09-30,931403.CSI,中证新华社民族品牌工程指数,1728.141,-0.0103781558802104
2022-11-03,2022-10-10,931403.CSI,中证新华社民族品牌工程指数,1665.0741,-0.0364940707963066
2022-11-03,2022-10-11,931403.CSI,中证新华社民族品牌工程指数,1667.939,0.00172058408691833
2022-11-03,2022-10-12,931403.CSI,中证新华社民族品牌工程指数,1686.6023,0.0111894379830437
2022-11-03,2022-10-13,931403.CSI,中证新华社民族品牌工程指数,1677.7202,-0.00526626816529308
2022-11-03,2022-10-14,931403.CSI,中证新华社民族品牌工程指数,1734.3228,0.0337378068166552
2022-11-03,2022-10-17,931403.CSI,中证新华社民族品牌工程指数,1737.3531,0.00174725258758057
2022-11-03,2022-10-18,931403.CSI,中证新华社民族品牌工程指数,1733.5789,-0.00217238510697682
2022-11-03,2022-10-19,931403.CSI,中证新华社民族品牌工程指数,1697.0834,-0.0210521136361316
2022-11-03,2022-10-20,931403.CSI,中证新华社民族品牌工程指数,1693.711,-0.0019871739951024
2022-11-03,2022-10-21,931403.CSI,中证新华社民族品牌工程指数,1681.2007,-0.00738632505781678
2022-11-03,2022-10-24,931403.CSI,中证新华社民族品牌工程指数,1621.7852,-0.0353411106716766
2022-11-03,2022-10-25,931403.CSI,中证新华社民族品牌工程指数,1605.9155,-0.00978532792135478
2022-11-03,2022-10-26,931403.CSI,中证新华社民族品牌工程指数,1634.2837,0.0176648148672829
2022-11-03,2022-10-27,931403.CSI,中证新华社民族品牌工程指数,1611.0511,-0.0142157692694359
2022-11-03,2022-10-28,931403.CSI,中证新华社民族品牌工程指数,1564.9706,-0.0286027550584831
2022-11-03,2022-10-31,931403.CSI,中证新华社民族品牌工程指数,1560.5338,-0.00283506923388854
2022-11-03,2022-11-01,931403.CSI,中证新华社民族品牌工程指数,1628.7733,0.0437283063013438
2022-11-03,2022-11-02,931403.CSI,中证新华社民族品牌工程指数,1650.5724,0.0133837532823013
2022-11-03,2022-11-03,931403.CSI,中证新华社民族品牌工程指数,1636.6502,-0.00843477087100208
2022-11-03,2022-08-04,931461.CSI,中证电子50指数,3671.7621,0.0159049505112667
2022-11-03,2022-08-05,931461.CSI,中证电子50指数,3833.7753,0.0441241005238329
2022-11-03,2022-08-08,931461.CSI,中证电子50指数,3823.1768,-0.00276450735127842
2022-11-03,2022-08-09,931461.CSI,中证电子50指数,3827.6712,0.00117556687412423
2022-11-03,2022-08-10,931461.CSI,中证电子50指数,3786.9415,-0.0106408565082603
2022-11-03,2022-08-11,931461.CSI,中证电子50指数,3903.9637,0.0309015071925458
2022-11-03,2022-08-12,931461.CSI,中证电子50指数,3829.8627,-0.0189809654223987
2022-11-03,2022-08-15,931461.CSI,中证电子50指数,3789.3495,-0.0105782382224826
2022-11-03,2022-08-16,931461.CSI,中证电子50指数,3753.9973,-0.00932935850863048
2022-11-03,2022-08-17,931461.CSI,中证电子50指数,3807.7448,0.0143174050764501
2022-11-03,2022-08-18,931461.CSI,中证电子50指数,3828.0294,0.00532719524690828
2022-11-03,2022-08-19,931461.CSI,中证电子50指数,3751.8149,-0.019909591080988
2022-11-03,2022-08-22,931461.CSI,中证电子50指数,3780.1579,0.00755447716783686
2022-11-03,2022-08-23,931461.CSI,中证电子50指数,3750.133,-0.00794276344911427
2022-11-03,2022-08-24,931461.CSI,中证电子50指数,3605.7912,-0.0384897815624139
2022-11-03,2022-08-25,931461.CSI,中证电子50指数,3603.8587,-0.000535943401270722
2022-11-03,2022-08-26,931461.CSI,中证电子50指数,3578.3806,-0.00706967229320066
2022-11-03,2022-08-29,931461.CSI,中证电子50指数,3565.934,-0.00347827729671901
2022-11-03,2022-08-30,931461.CSI,中证电子50指数,3547.4465,-0.00518447621296414
2022-11-03,2022-08-31,931461.CSI,中证电子50指数,3522.968,-0.0069003154804449
2022-11-03,2022-09-01,931461.CSI,中证电子50指数,3481.4172,-0.0117942598399985
2022-11-03,2022-09-02,931461.CSI,中证电子50指数,3523.7323,0.0121545616538001
2022-11-03,2022-09-05,931461.CSI,中证电子50指数,3487.6588,-0.0102372986733413
2022-11-03,2022-09-06,931461.CSI,中证电子50指数,3500.6578,0.00372714211608072
2022-11-03,2022-09-07,931461.CSI,中证电子50指数,3540.5002,0.0113814038035938
2022-11-03,2022-09-08,931461.CSI,中证电子50指数,3507.9638,-0.00918977493632112
2022-11-03,2022-09-09,931461.CSI,中证电子50指数,3510.3359,0.00067620424133219
2022-11-03,2022-09-13,931461.CSI,中证电子50指数,3522.9841,0.0036031309710276
2022-11-03,2022-09-14,931461.CSI,中证电子50指数,3501.6063,-0.00606809437487954
2022-11-03,2022-09-15,931461.CSI,中证电子50指数,3435.3965,-0.0189084078355697
2022-11-03,2022-09-16,931461.CSI,中证电子50指数,3396.0649,-0.0114489259100078
2022-11-03,2022-09-19,931461.CSI,中证电子50指数,3343.5605,-0.0154603641408619
2022-11-03,2022-09-20,931461.CSI,中证电子50指数,3328.6057,-0.00447271703323449
2022-11-03,2022-09-21,931461.CSI,中证电子50指数,3279.5346,-0.0147422387698248
2022-11-03,2022-09-22,931461.CSI,中证电子50指数,3252.6969,-0.00818338675249841
2022-11-03,2022-09-23,931461.CSI,中证电子50指数,3184.3785,-0.0210036170293028
2022-11-03,2022-09-26,931461.CSI,中证电子50指数,3161.2621,-0.00725931292401327
2022-11-03,2022-09-27,931461.CSI,中证电子50指数,3215.6906,0.0172173322800409
2022-11-03,2022-09-28,931461.CSI,中证电子50指数,3140.3712,-0.0234224648353918
2022-11-03,2022-09-29,931461.CSI,中证电子50指数,3133.6197,-0.00214990508128465
2022-11-03,2022-09-30,931461.CSI,中证电子50指数,3089.7302,-0.0140060071743869
2022-11-03,2022-10-10,931461.CSI,中证电子50指数,2938.4853,-0.0489508436691334
2022-11-03,2022-10-11,931461.CSI,中证电子50指数,2909.11,-0.00999674900534631
2022-11-03,2022-10-12,931461.CSI,中证电子50指数,3020.2722,0.0382117554853545
2022-11-03,2022-10-13,931461.CSI,中证电子50指数,3018.9895,-0.000424696820372605
2022-11-03,2022-10-14,931461.CSI,中证电子50指数,3101.5733,0.0273547821216338
2022-11-03,2022-10-17,931461.CSI,中证电子50指数,3172.7753,0.0229567361828913
2022-11-03,2022-10-18,931461.CSI,中证电子50指数,3148.8835,-0.00753025277270658
2022-11-03,2022-10-19,931461.CSI,中证电子50指数,3114.6432,-0.0108737906626269
2022-11-03,2022-10-20,931461.CSI,中证电子50指数,3193.9535,0.0254636871407936
2022-11-03,2022-10-21,931461.CSI,中证电子50指数,3148.3581,-0.0142755365724643
2022-11-03,2022-10-24,931461.CSI,中证电子50指数,3130.1407,-0.00578631763648485
2022-11-03,2022-10-25,931461.CSI,中证电子50指数,3108.5794,-0.00688828460650337
2022-11-03,2022-10-26,931461.CSI,中证电子50指数,3188.9855,0.0258658665755811
2022-11-03,2022-10-27,931461.CSI,中证电子50指数,3196.351,0.00230966870184912
2022-11-03,2022-10-28,931461.CSI,中证电子50指数,3111.2571,-0.0266222013790101
2022-11-03,2022-10-31,931461.CSI,中证电子50指数,3163.9532,0.0169372373629939
2022-11-03,2022-11-01,931461.CSI,中证电子50指数,3216.9495,0.0167500265174594
2022-11-03,2022-11-02,931461.CSI,中证电子50指数,3245.1521,0.00876687681917288
2022-11-03,2022-11-03,931461.CSI,中证电子50指数,3284.0648,0.0119910250123563
2022-11-03,2022-08-04,931484.CSI,中证医药及医疗器械创新指数,2406.4554,0.0185451451996557
2022-11-03,2022-08-05,931484.CSI,中证医药及医疗器械创新指数,2463.6333,0.0237602159591239
2022-11-03,2022-08-08,931484.CSI,中证医药及医疗器械创新指数,2433.2701,-0.0123245614515763
2022-11-03,2022-08-09,931484.CSI,中证医药及医疗器械创新指数,2420.4467,-0.00527002735947824
2022-11-03,2022-08-10,931484.CSI,中证医药及医疗器械创新指数,2365.2548,-0.0228023612335689
2022-11-03,2022-08-11,931484.CSI,中证医药及医疗器械创新指数,2449.332,0.0355467833740364
2022-11-03,2022-08-12,931484.CSI,中证医药及医疗器械创新指数,2459.8865,0.00430913408227229
2022-11-03,2022-08-15,931484.CSI,中证医药及医疗器械创新指数,2412.4281,-0.0192929226612691
2022-11-03,2022-08-16,931484.CSI,中证医药及医疗器械创新指数,2380.9935,-0.013030274353047
2022-11-03,2022-08-17,931484.CSI,中证医药及医疗器械创新指数,2406.8393,0.0108550485333119
2022-11-03,2022-08-18,931484.CSI,中证医药及医疗器械创新指数,2345.7931,-0.025363637696958
2022-11-03,2022-08-19,931484.CSI,中证医药及医疗器械创新指数,2320.7323,-0.0106832951294809
2022-11-03,2022-08-22,931484.CSI,中证医药及医疗器械创新指数,2332.5602,0.00509662402682109
2022-11-03,2022-08-23,931484.CSI,中证医药及医疗器械创新指数,2299.0973,-0.0143459963005457
2022-11-03,2022-08-24,931484.CSI,中证医药及医疗器械创新指数,2271.644,-0.0119409039365146
2022-11-03,2022-08-25,931484.CSI,中证医药及医疗器械创新指数,2310.4194,0.0170693119168321
2022-11-03,2022-08-26,931484.CSI,中证医药及医疗器械创新指数,2305.6086,-0.00208221935809583
2022-11-03,2022-08-29,931484.CSI,中证医药及医疗器械创新指数,2274.8317,-0.0133487097506488
2022-11-03,2022-08-30,931484.CSI,中证医药及医疗器械创新指数,2271.94,-0.0012711709617903
2022-11-03,2022-08-31,931484.CSI,中证医药及医疗器械创新指数,2307.9876,0.0158664401348627
2022-11-03,2022-09-01,931484.CSI,中证医药及医疗器械创新指数,2297.5665,-0.00451523223088379
2022-11-03,2022-09-02,931484.CSI,中证医药及医疗器械创新指数,2274.5681,-0.0100098952522157
2022-11-03,2022-09-05,931484.CSI,中证医药及医疗器械创新指数,2239.1425,-0.0155746490949205
2022-11-03,2022-09-06,931484.CSI,中证医药及医疗器械创新指数,2235.0066,-0.00184709101810165
2022-11-03,2022-09-07,931484.CSI,中证医药及医疗器械创新指数,2229.2441,-0.0025782921625378
2022-11-03,2022-09-08,931484.CSI,中证医药及医疗器械创新指数,2204.9941,-0.0108781268054046
2022-11-03,2022-09-09,931484.CSI,中证医药及医疗器械创新指数,2268.9828,0.0290198962437134
2022-11-03,2022-09-13,931484.CSI,中证医药及医疗器械创新指数,2215.3778,-0.0236251239982956
2022-11-03,2022-09-14,931484.CSI,中证医药及医疗器械创新指数,2204.7183,-0.0048115946634476
2022-11-03,2022-09-15,931484.CSI,中证医药及医疗器械创新指数,2189.3687,-0.00696215929264066
2022-11-03,2022-09-16,931484.CSI,中证医药及医疗器械创新指数,2116.218,-0.0334117775594399
2022-11-03,2022-09-19,931484.CSI,中证医药及医疗器械创新指数,2084.6833,-0.0149014421009555
2022-11-03,2022-09-20,931484.CSI,中证医药及医疗器械创新指数,2083.8503,-0.000399581077854871
2022-11-03,2022-09-21,931484.CSI,中证医药及医疗器械创新指数,2024.2586,-0.0285969198459218
2022-11-03,2022-09-22,931484.CSI,中证医药及医疗器械创新指数,1996.2836,-0.0138198745950739
2022-11-03,2022-09-23,931484.CSI,中证医药及医疗器械创新指数,1986.4691,-0.00491638562777352
2022-11-03,2022-09-26,931484.CSI,中证医药及医疗器械创新指数,1992.483,0.00302743193941457
2022-11-03,2022-09-27,931484.CSI,中证医药及医疗器械创新指数,2106.0726,0.0570090685842739
2022-11-03,2022-09-28,931484.CSI,中证医药及医疗器械创新指数,2086.9885,-0.00906146350320503
2022-11-03,2022-09-29,931484.CSI,中证医药及医疗器械创新指数,2124.5194,0.0179832806936886
2022-11-03,2022-09-30,931484.CSI,中证医药及医疗器械创新指数,2117.728,-0.0031966759164449
2022-11-03,2022-10-10,931484.CSI,中证医药及医疗器械创新指数,2044.5024,-0.034577433929192
2022-11-03,2022-10-11,931484.CSI,中证医药及医疗器械创新指数,2012.6625,-0.0155734226577577
2022-11-03,2022-10-12,931484.CSI,中证医药及医疗器械创新指数,2026.0705,0.00666182233732693
2022-11-03,2022-10-13,931484.CSI,中证医药及医疗器械创新指数,2081.5579,0.0273867074220762
2022-11-03,2022-10-14,931484.CSI,中证医药及医疗器械创新指数,2270.7136,0.0908721779970667
2022-11-03,2022-10-17,931484.CSI,中证医药及医疗器械创新指数,2277.2733,0.00288882754742814
2022-11-03,2022-10-18,931484.CSI,中证医药及医疗器械创新指数,2298.7673,0.0094384806601826
2022-11-03,2022-10-19,931484.CSI,中证医药及医疗器械创新指数,2248.2814,-0.0219621620683399
2022-11-03,2022-10-20,931484.CSI,中证医药及医疗器械创新指数,2256.8335,0.00380383878993107
2022-11-03,2022-10-21,931484.CSI,中证医药及医疗器械创新指数,2234.111,-0.010068310311771
2022-11-03,2022-10-24,931484.CSI,中证医药及医疗器械创新指数,2147.5908,-0.0387269030052669
2022-11-03,2022-10-25,931484.CSI,中证医药及医疗器械创新指数,2097.8735,-0.0231502668012918
2022-11-03,2022-10-26,931484.CSI,中证医药及医疗器械创新指数,2228.1765,0.0621119433559745
2022-11-03,2022-10-27,931484.CSI,中证医药及医疗器械创新指数,2161.0258,-0.0301370649946269
2022-11-03,2022-10-28,931484.CSI,中证医药及医疗器械创新指数,2123.7107,-0.0172673088863631
2022-11-03,2022-10-31,931484.CSI,中证医药及医疗器械创新指数,2086.8357,-0.0173634761081158
2022-11-03,2022-11-01,931484.CSI,中证医药及医疗器械创新指数,2191.7515,0.050275064778698
2022-11-03,2022-11-02,931484.CSI,中证医药及医疗器械创新指数,2231.9644,0.0183473810785575
2022-11-03,2022-11-03,931484.CSI,中证医药及医疗器械创新指数,2214.8671,-0.00766020282402347
2022-11-03,2022-08-04,931643.CSI,中证科创创业50指数,1475.2482,0.00624544793170534
2022-11-03,2022-08-05,931643.CSI,中证科创创业50指数,1506.9825,0.0215111599526101
2022-11-03,2022-08-08,931643.CSI,中证科创创业50指数,1499.1838,-0.00517504350581377
2022-11-03,2022-08-09,931643.CSI,中证科创创业50指数,1517.0477,0.011915750423664
2022-11-03,2022-08-10,931643.CSI,中证科创创业50指数,1496.0429,-0.0138458401802397
2022-11-03,2022-08-11,931643.CSI,中证科创创业50指数,1524.5536,0.0190574080462533
2022-11-03,2022-08-12,931643.CSI,中证科创创业50指数,1504.8438,-0.0129282433887532
2022-11-03,2022-08-15,931643.CSI,中证科创创业50指数,1517.0353,0.00810150528579778
2022-11-03,2022-08-16,931643.CSI,中证科创创业50指数,1518.885,0.00121928606407518
2022-11-03,2022-08-17,931643.CSI,中证科创创业50指数,1539.4714,0.0135536265089193
2022-11-03,2022-08-18,931643.CSI,中证科创创业50指数,1550.3974,0.00709724129983846
2022-11-03,2022-08-19,931643.CSI,中证科创创业50指数,1514.5991,-0.0230897575034634
2022-11-03,2022-08-22,931643.CSI,中证科创创业50指数,1531.9345,0.0114455369741076
2022-11-03,2022-08-23,931643.CSI,中证科创创业50指数,1532.4761,0.000353539919624613
2022-11-03,2022-08-24,931643.CSI,中证科创创业50指数,1473.8501,-0.0382557352770461
2022-11-03,2022-08-25,931643.CSI,中证科创创业50指数,1460.5476,-0.00902568042706653
2022-11-03,2022-08-26,931643.CSI,中证科创创业50指数,1448.4896,-0.00825580761626665
2022-11-03,2022-08-29,931643.CSI,中证科创创业50指数,1448.1881,-0.000208147852770235
2022-11-03,2022-08-30,931643.CSI,中证科创创业50指数,1440.2559,-0.00547732715107929
2022-11-03,2022-08-31,931643.CSI,中证科创创业50指数,1416.8011,-0.0162851615466392
2022-11-03,2022-09-01,931643.CSI,中证科创创业50指数,1404.0302,-0.00901389757531945
2022-11-03,2022-09-02,931643.CSI,中证科创创业50指数,1402.1248,-0.0013570933160838
2022-11-03,2022-09-05,931643.CSI,中证科创创业50指数,1406.8565,0.00337466393861652
2022-11-03,2022-09-06,931643.CSI,中证科创创业50指数,1410.4938,0.00258540938610285
2022-11-03,2022-09-07,931643.CSI,中证科创创业50指数,1431.1987,0.0146791854030128
2022-11-03,2022-09-08,931643.CSI,中证科创创业50指数,1407.8273,-0.0163299477563807
2022-11-03,2022-09-09,931643.CSI,中证科创创业50指数,1413.765,0.00421763379641815
2022-11-03,2022-09-13,931643.CSI,中证科创创业50指数,1412.8284,-0.000662486339667478
2022-11-03,2022-09-14,931643.CSI,中证科创创业50指数,1394.7733,-0.0127794005273394
2022-11-03,2022-09-15,931643.CSI,中证科创创业50指数,1351.4399,-0.0310684180719548
2022-11-03,2022-09-16,931643.CSI,中证科创创业50指数,1337.3717,-0.01040978588837
2022-11-03,2022-09-19,931643.CSI,中证科创创业50指数,1328.8467,-0.0063744432456585
2022-11-03,2022-09-20,931643.CSI,中证科创创业50指数,1337.3697,0.00641383238563176
2022-11-03,2022-09-21,931643.CSI,中证科创创业50指数,1313.0593,-0.0181777708886331
2022-11-03,2022-09-22,931643.CSI,中证科创创业50指数,1312.9198,-0.000106240441692163
2022-11-03,2022-09-23,931643.CSI,中证科创创业50指数,1301.525,-0.00867897643100501
2022-11-03,2022-09-26,931643.CSI,中证科创创业50指数,1311.1768,0.00741576227886509
2022-11-03,2022-09-27,931643.CSI,中证科创创业50指数,1335.7141,0.0187139522297832
2022-11-03,2022-09-28,931643.CSI,中证科创创业50指数,1301.4106,-0.0256817682766095
2022-11-03,2022-09-29,931643.CSI,中证科创创业50指数,1315.4241,0.0107679313507973
2022-11-03,2022-09-30,931643.CSI,中证科创创业50指数,1290.0674,-0.0192764447602869
2022-11-03,2022-10-10,931643.CSI,中证科创创业50指数,1251.3389,-0.0300205245090295
2022-11-03,2022-10-11,931643.CSI,中证科创创业50指数,1257.7844,0.00515088278642972
2022-11-03,2022-10-12,931643.CSI,中证科创创业50指数,1312.8508,0.0437804762088001
2022-11-03,2022-10-13,931643.CSI,中证科创创业50指数,1316.8829,0.0030712553170551
2022-11-03,2022-10-14,931643.CSI,中证科创创业50指数,1370.6137,0.0408015017888075
2022-11-03,2022-10-17,931643.CSI,中证科创创业50指数,1375.8318,0.00380712669076622
2022-11-03,2022-10-18,931643.CSI,中证科创创业50指数,1380.64,0.00349475858894976
2022-11-03,2022-10-19,931643.CSI,中证科创创业50指数,1372.7036,-0.00574834859195739
2022-11-03,2022-10-20,931643.CSI,中证科创创业50指数,1365.0996,-0.00553943327605466
2022-11-03,2022-10-21,931643.CSI,中证科创创业50指数,1367.7259,0.00192388892356266
2022-11-03,2022-10-24,931643.CSI,中证科创创业50指数,1346.515,-0.0155081511580645
2022-11-03,2022-10-25,931643.CSI,中证科创创业50指数,1344.4069,-0.00156559711551685
2022-11-03,2022-10-26,931643.CSI,中证科创创业50指数,1388.3243,0.0326667469499005
2022-11-03,2022-10-27,931643.CSI,中证科创创业50指数,1381.4713,-0.00493616657145601
2022-11-03,2022-10-28,931643.CSI,中证科创创业50指数,1346.485,-0.0253253904007995
2022-11-03,2022-10-31,931643.CSI,中证科创创业50指数,1361.8529,0.0114133466024502
2022-11-03,2022-11-01,931643.CSI,中证科创创业50指数,1394.611,0.0240540663385891
2022-11-03,2022-11-02,931643.CSI,中证科创创业50指数,1415.084,0.0146800792479049
2022-11-03,2022-11-03,931643.CSI,中证科创创业50指数,1420.7958,0.00403636815906339
2022-11-03,2022-08-04,931719.CSI,中证电池主题指数,4979.6365,-0.00420653464174414
2022-11-03,2022-08-05,931719.CSI,中证电池主题指数,5011.2292,0.00634437875134064
2022-11-03,2022-08-08,931719.CSI,中证电池主题指数,5066.5136,0.0110321036603156
2022-11-03,2022-08-09,931719.CSI,中证电池主题指数,5152.903,0.0170510545950178
2022-11-03,2022-08-10,931719.CSI,中证电池主题指数,5090.8733,-0.0120378163532284
2022-11-03,2022-08-11,931719.CSI,中证电池主题指数,5161.9762,0.0139667392625937
2022-11-03,2022-08-12,931719.CSI,中证电池主题指数,5047.9453,-0.0220905512892523
2022-11-03,2022-08-15,931719.CSI,中证电池主题指数,5215.5418,0.0332009342494262
2022-11-03,2022-08-16,931719.CSI,中证电池主题指数,5249.9293,0.00659327473897342
2022-11-03,2022-08-17,931719.CSI,中证电池主题指数,5290.1408,0.00765943648041123
2022-11-03,2022-08-18,931719.CSI,中证电池主题指数,5341.741,0.00975403149950194
2022-11-03,2022-08-19,931719.CSI,中证电池主题指数,5167.6616,-0.0325885137448633
2022-11-03,2022-08-22,931719.CSI,中证电池主题指数,5298.4195,0.0253031080827737
2022-11-03,2022-08-23,931719.CSI,中证电池主题指数,5378.5312,0.0151199239697801
2022-11-03,2022-08-24,931719.CSI,中证电池主题指数,5122.9263,-0.0475231788187824
2022-11-03,2022-08-25,931719.CSI,中证电池主题指数,5003.9137,-0.0232313707109157
2022-11-03,2022-08-26,931719.CSI,中证电池主题指数,4947.5505,-0.0112638233549072
2022-11-03,2022-08-29,931719.CSI,中证电池主题指数,4928.0602,-0.00393938374151015
2022-11-03,2022-08-30,931719.CSI,中证电池主题指数,4871.0002,-0.0115785923232025
2022-11-03,2022-08-31,931719.CSI,中证电池主题指数,4610.0183,-0.0535787085371092
2022-11-03,2022-09-01,931719.CSI,中证电池主题指数,4557.7041,-0.0113479375992932
2022-11-03,2022-09-02,931719.CSI,中证电池主题指数,4523.4672,-0.00751187423510002
2022-11-03,2022-09-05,931719.CSI,中证电池主题指数,4579.3829,0.0123612480267348
2022-11-03,2022-09-06,931719.CSI,中证电池主题指数,4682.1237,0.0224355119987893
2022-11-03,2022-09-07,931719.CSI,中证电池主题指数,4779.5017,0.0207978272765412
2022-11-03,2022-09-08,931719.CSI,中证电池主题指数,4673.8358,-0.0221081415244606
2022-11-03,2022-09-09,931719.CSI,中证电池主题指数,4676.5965,0.000590671157082445
2022-11-03,2022-09-13,931719.CSI,中证电池主题指数,4665.3214,-0.00241096275892094
2022-11-03,2022-09-14,931719.CSI,中证电池主题指数,4552.2371,-0.0242393375084511
2022-11-03,2022-09-15,931719.CSI,中证电池主题指数,4289.3871,-0.0577408413107482
2022-11-03,2022-09-16,931719.CSI,中证电池主题指数,4221.5902,-0.0158057313129888
2022-11-03,2022-09-19,931719.CSI,中证电池主题指数,4240.2473,0.00441944838700836
2022-11-03,2022-09-20,931719.CSI,中证电池主题指数,4350.4948,0.0260002523909397
2022-11-03,2022-09-21,931719.CSI,中证电池主题指数,4332.0584,-0.00423777083930788
2022-11-03,2022-09-22,931719.CSI,中证电池主题指数,4343.1923,0.00257011770663107
2022-11-03,2022-09-23,931719.CSI,中证电池主题指数,4306.2859,-0.00849752841936102
2022-11-03,2022-09-26,931719.CSI,中证电池主题指数,4407.4731,0.0234975573730487
2022-11-03,2022-09-27,931719.CSI,中证电池主题指数,4397.7097,-0.00221519219255129
2022-11-03,2022-09-28,931719.CSI,中证电池主题指数,4217.4197,-0.0409963395264585
2022-11-03,2022-09-29,931719.CSI,中证电池主题指数,4255.1361,0.00894300370437384
2022-11-03,2022-09-30,931719.CSI,中证电池主题指数,4099.2391,-0.0366373710114701
2022-11-03,2022-10-10,931719.CSI,中证电池主题指数,3996.703,-0.025013447007763
2022-11-03,2022-10-11,931719.CSI,中证电池主题指数,4123.5543,0.0317389858590944
2022-11-03,2022-10-12,931719.CSI,中证电池主题指数,4310.5172,0.0453402299079706
2022-11-03,2022-10-13,931719.CSI,中证电池主题指数,4309.5449,-0.000225564579582338
2022-11-03,2022-10-14,931719.CSI,中证电池主题指数,4369.4104,0.0138913740056403
2022-11-03,2022-10-17,931719.CSI,中证电池主题指数,4313.0527,-0.0128982390850719
2022-11-03,2022-10-18,931719.CSI,中证电池主题指数,4369.2899,0.0130388390570788
2022-11-03,2022-10-19,931719.CSI,中证电池主题指数,4387.7098,0.00421576512924893
2022-11-03,2022-10-20,931719.CSI,中证电池主题指数,4249.2266,-0.0315616133045079
2022-11-03,2022-10-21,931719.CSI,中证电池主题指数,4247.9133,-0.000309068007811053
2022-11-03,2022-10-24,931719.CSI,中证电池主题指数,4170.765,-0.0181614582388016
2022-11-03,2022-10-25,931719.CSI,中证电池主题指数,4208.4623,0.00903846176900402
2022-11-03,2022-10-26,931719.CSI,中证电池主题指数,4239.5807,0.00739424468647387
2022-11-03,2022-10-27,931719.CSI,中证电池主题指数,4152.2182,-0.0206064010056467
2022-11-03,2022-10-28,931719.CSI,中证电池主题指数,3926.6074,-0.0543350058048492
2022-11-03,2022-10-31,931719.CSI,中证电池主题指数,3952.2084,0.00651987769390949
2022-11-03,2022-11-01,931719.CSI,中证电池主题指数,4094.5076,0.0360049839477088
2022-11-03,2022-11-02,931719.CSI,中证电池主题指数,4185.7477,0.0222835341665992
2022-11-03,2022-11-03,931719.CSI,中证电池主题指数,4209.743,0.00573261976587847
2022-11-03,2022-08-04,931775.CSI,中证全指房地产指数,3984.5015,0.00740032536654311
2022-11-03,2022-08-05,931775.CSI,中证全指房地产指数,4044.0548,0.0149462360598935
2022-11-03,2022-08-08,931775.CSI,中证全指房地产指数,4058.9403,0.00368083538333863
2022-11-03,2022-08-09,931775.CSI,中证全指房地产指数,4046.7909,-0.00299324432044501
2022-11-03,2022-08-10,931775.CSI,中证全指房地产指数,4024.0074,-0.00563001661390505
2022-11-03,2022-08-11,931775.CSI,中证全指房地产指数,4083.0479,0.0146720654638954
2022-11-03,2022-08-12,931775.CSI,中证全指房地产指数,4112.7784,0.00728144776356898
2022-11-03,2022-08-15,931775.CSI,中证全指房地产指数,4092.3487,-0.00496737193523489
2022-11-03,2022-08-16,931775.CSI,中证全指房地产指数,4156.125,0.0155842780455147
2022-11-03,2022-08-17,931775.CSI,中证全指房地产指数,4231.9319,0.018239802700833
2022-11-03,2022-08-18,931775.CSI,中证全指房地产指数,4184.6211,-0.0111794804637568
2022-11-03,2022-08-19,931775.CSI,中证全指房地产指数,4232.4211,0.0114227785163152
2022-11-03,2022-08-22,931775.CSI,中证全指房地产指数,4256.3843,0.00566181848020753
2022-11-03,2022-08-23,931775.CSI,中证全指房地产指数,4210.67,-0.010740172122146
2022-11-03,2022-08-24,931775.CSI,中证全指房地产指数,4131.2873,-0.0188527478999779
2022-11-03,2022-08-25,931775.CSI,中证全指房地产指数,4167.6712,0.00880691594602956
2022-11-03,2022-08-26,931775.CSI,中证全指房地产指数,4133.8823,-0.00810738140763112
2022-11-03,2022-08-29,931775.CSI,中证全指房地产指数,4128.178,-0.00137988931131405
2022-11-03,2022-08-30,931775.CSI,中证全指房地产指数,4175.2779,0.0114093675224276
2022-11-03,2022-08-31,931775.CSI,中证全指房地产指数,4162.1822,-0.003136485837266
2022-11-03,2022-09-01,931775.CSI,中证全指房地产指数,4209.6687,0.0114090392294697
2022-11-03,2022-09-02,931775.CSI,中证全指房地产指数,4186.2322,-0.00556730271909511
2022-11-03,2022-09-05,931775.CSI,中证全指房地产指数,4250.6508,0.0153882051740943
2022-11-03,2022-09-06,931775.CSI,中证全指房地产指数,4357.0449,0.0250300730419915
2022-11-03,2022-09-07,931775.CSI,中证全指房地产指数,4357.4372,9.00380898072317e-05
2022-11-03,2022-09-08,931775.CSI,中证全指房地产指数,4353.2939,-0.000950857077183009
2022-11-03,2022-09-09,931775.CSI,中证全指房地产指数,4493.3629,0.0321754063055564
2022-11-03,2022-09-13,931775.CSI,中证全指房地产指数,4394.6994,-0.0219576077418541
2022-11-03,2022-09-14,931775.CSI,中证全指房地产指数,4383.6848,-0.00250633752106011
2022-11-03,2022-09-15,931775.CSI,中证全指房地产指数,4476.4528,0.0211621054506475
2022-11-03,2022-09-16,931775.CSI,中证全指房地产指数,4309.433,-0.0373107474739821
2022-11-03,2022-09-19,931775.CSI,中证全指房地产指数,4309.2461,-4.33699746578142e-05
2022-11-03,2022-09-20,931775.CSI,中证全指房地产指数,4247.3383,-0.014366271631597
2022-11-03,2022-09-21,931775.CSI,中证全指房地产指数,4310.9021,0.014965560901989
2022-11-03,2022-09-22,931775.CSI,中证全指房地产指数,4234.4689,-0.0177302101107795
2022-11-03,2022-09-23,931775.CSI,中证全指房地产指数,4203.9245,-0.00721327767928581
2022-11-03,2022-09-26,931775.CSI,中证全指房地产指数,4156.1085,-0.0113741338599206
2022-11-03,2022-09-27,931775.CSI,中证全指房地产指数,4190.2871,0.00822370253327098
2022-11-03,2022-09-28,931775.CSI,中证全指房地产指数,4104.0625,-0.020577253525182
2022-11-03,2022-09-29,931775.CSI,中证全指房地产指数,4010.2104,-0.0228680971598264
2022-11-03,2022-09-30,931775.CSI,中证全指房地产指数,4076.5103,0.0165327734425107
2022-11-03,2022-10-10,931775.CSI,中证全指房地产指数,4072.6638,-0.000943576666542434
2022-11-03,2022-10-11,931775.CSI,中证全指房地产指数,3998.1854,-0.0182873921485982
2022-11-03,2022-10-12,931775.CSI,中证全指房地产指数,4077.4722,0.0198306961953292
2022-11-03,2022-10-13,931775.CSI,中证全指房地产指数,4004.8381,-0.0178135120087392
2022-11-03,2022-10-14,931775.CSI,中证全指房地产指数,4012.7669,0.00197980537590281
2022-11-03,2022-10-17,931775.CSI,中证全指房地产指数,4021.6343,0.00220979693587497
2022-11-03,2022-10-18,931775.CSI,中证全指房地产指数,3975.5766,-0.0114524833846777
2022-11-03,2022-10-19,931775.CSI,中证全指房地产指数,3953.7421,-0.00549215930086722
2022-11-03,2022-10-20,931775.CSI,中证全指房地产指数,3924.9922,-0.00727156685308328
2022-11-03,2022-10-21,931775.CSI,中证全指房地产指数,3930.9908,0.00152830876963272
2022-11-03,2022-10-24,931775.CSI,中证全指房地产指数,3797.3525,-0.0339960856687835
2022-11-03,2022-10-25,931775.CSI,中证全指房地产指数,3752.6069,-0.0117833674909031
2022-11-03,2022-10-26,931775.CSI,中证全指房地产指数,3718.8515,-0.00899518678601796
2022-11-03,2022-10-27,931775.CSI,中证全指房地产指数,3756.33,0.0100779770313495
2022-11-03,2022-10-28,931775.CSI,中证全指房地产指数,3620.9456,-0.0360416683305247
2022-11-03,2022-10-31,931775.CSI,中证全指房地产指数,3519.6984,-0.0279615357933021
2022-11-03,2022-11-01,931775.CSI,中证全指房地产指数,3565.2269,0.012935341278105
2022-11-03,2022-11-02,931775.CSI,中证全指房地产指数,3626.2875,0.0171267079803532
2022-11-03,2022-11-03,931775.CSI,中证全指房地产指数,3587.992,-0.0105605250548942
2022-11-03,2022-08-04,980017.SZ,国证半导体芯片指数,8927.1094,0.0170919136190903
2022-11-03,2022-08-05,980017.SZ,国证半导体芯片指数,9401.7883,0.0531727436878953
2022-11-03,2022-08-08,980017.SZ,国证半导体芯片指数,9325.7288,-0.00808989711031882
2022-11-03,2022-08-09,980017.SZ,国证半导体芯片指数,9415.2082,0.00959489621872756
2022-11-03,2022-08-10,980017.SZ,国证半导体芯片指数,9299.2056,-0.0123207684350517
2022-11-03,2022-08-11,980017.SZ,国证半导体芯片指数,9461.2718,0.0174279618035331
2022-11-03,2022-08-12,980017.SZ,国证半导体芯片指数,9236.3472,-0.0237731887165529
2022-11-03,2022-08-15,980017.SZ,国证半导体芯片指数,9279.0848,0.00462711059627563
2022-11-03,2022-08-16,980017.SZ,国证半导体芯片指数,9187.2894,-0.00989272131665409
2022-11-03,2022-08-17,980017.SZ,国证半导体芯片指数,9219.2274,0.00347632458383207
2022-11-03,2022-08-18,980017.SZ,国证半导体芯片指数,9341.1855,0.0132286681636684
2022-11-03,2022-08-19,980017.SZ,国证半导体芯片指数,9108.0516,-0.0249576351952329
2022-11-03,2022-08-22,980017.SZ,国证半导体芯片指数,9134.6252,0.00291759436233319
2022-11-03,2022-08-23,980017.SZ,国证半导体芯片指数,9094.9061,-0.00434819153828014
2022-11-03,2022-08-24,980017.SZ,国证半导体芯片指数,8717.8335,-0.0414597573470274
2022-11-03,2022-08-25,980017.SZ,国证半导体芯片指数,8663.0679,-0.00628201949486651
2022-11-03,2022-08-26,980017.SZ,国证半导体芯片指数,8523.654,-0.016092901684402
2022-11-03,2022-08-29,980017.SZ,国证半导体芯片指数,8531.3485,0.000902723174826203
2022-11-03,2022-08-30,980017.SZ,国证半导体芯片指数,8566.4416,0.00411342943029469
2022-11-03,2022-08-31,980017.SZ,国证半导体芯片指数,8447.477,-0.0138872831398278
2022-11-03,2022-09-01,980017.SZ,国证半导体芯片指数,8351.2332,-0.0113932005970541
2022-11-03,2022-09-02,980017.SZ,国证半导体芯片指数,8399.8657,0.00582339144834321
2022-11-03,2022-09-05,980017.SZ,国证半导体芯片指数,8346.2379,-0.00638436397858122
2022-11-03,2022-09-06,980017.SZ,国证半导体芯片指数,8452.0149,0.0126736142999231
2022-11-03,2022-09-07,980017.SZ,国证半导体芯片指数,8628.9819,0.0209378476131177
2022-11-03,2022-09-08,980017.SZ,国证半导体芯片指数,8561.8256,-0.007782644670978
2022-11-03,2022-09-09,980017.SZ,国证半导体芯片指数,8525.415,-0.00425266779552236
2022-11-03,2022-09-13,980017.SZ,国证半导体芯片指数,8514.8471,-0.00123957602063951
2022-11-03,2022-09-14,980017.SZ,国证半导体芯片指数,8507.693,-0.000840191246652133
2022-11-03,2022-09-15,980017.SZ,国证半导体芯片指数,8225.2048,-0.033203854440916
2022-11-03,2022-09-16,980017.SZ,国证半导体芯片指数,8118.639,-0.012956005666874
2022-11-03,2022-09-19,980017.SZ,国证半导体芯片指数,7979.1161,-0.0171855036293644
2022-11-03,2022-09-20,980017.SZ,国证半导体芯片指数,7954.1724,-0.0031261232055515
2022-11-03,2022-09-21,980017.SZ,国证半导体芯片指数,7793.8084,-0.0201609912302128
2022-11-03,2022-09-22,980017.SZ,国证半导体芯片指数,7739.5762,-0.0069583696720078
2022-11-03,2022-09-23,980017.SZ,国证半导体芯片指数,7550.0152,-0.024492426342414
2022-11-03,2022-09-26,980017.SZ,国证半导体芯片指数,7562.002,0.00158765243280579
2022-11-03,2022-09-27,980017.SZ,国证半导体芯片指数,7705.5274,0.0189798151336114
2022-11-03,2022-09-28,980017.SZ,国证半导体芯片指数,7501.1547,-0.0265228698038242
2022-11-03,2022-09-29,980017.SZ,国证半导体芯片指数,7509.1129,0.0010609299925517
2022-11-03,2022-09-30,980017.SZ,国证半导体芯片指数,7370.3747,-0.0184759773687782
2022-11-03,2022-10-10,980017.SZ,国证半导体芯片指数,6928.4185,-0.0599638713076556
2022-11-03,2022-10-11,980017.SZ,国证半导体芯片指数,6826.4058,-0.0147238074605336
2022-11-03,2022-10-12,980017.SZ,国证半导体芯片指数,7060.7115,0.0343234356211288
2022-11-03,2022-10-13,980017.SZ,国证半导体芯片指数,7011.3216,-0.00699503159136305
2022-11-03,2022-10-14,980017.SZ,国证半导体芯片指数,7225.8379,0.030595701101487
2022-11-03,2022-10-17,980017.SZ,国证半导体芯片指数,7346.5659,0.0167078201408308
2022-11-03,2022-10-18,980017.SZ,国证半导体芯片指数,7293.7571,-0.00718822926505014
2022-11-03,2022-10-19,980017.SZ,国证半导体芯片指数,7224.1349,-0.00954545086235459
2022-11-03,2022-10-20,980017.SZ,国证半导体芯片指数,7472.6441,0.0343998559606078
2022-11-03,2022-10-21,980017.SZ,国证半导体芯片指数,7357.0016,-0.0154754459669771
2022-11-03,2022-10-24,980017.SZ,国证半导体芯片指数,7333.592,-0.00318194847205144
2022-11-03,2022-10-25,980017.SZ,国证半导体芯片指数,7308.354,-0.0034414240661329
2022-11-03,2022-10-26,980017.SZ,国证半导体芯片指数,7542.4313,0.0320287304090634
2022-11-03,2022-10-27,980017.SZ,国证半导体芯片指数,7561.6218,0.00254433872006232
2022-11-03,2022-10-28,980017.SZ,国证半导体芯片指数,7421.6947,-0.0185049059184631
2022-11-03,2022-10-31,980017.SZ,国证半导体芯片指数,7517.704,0.0129363041570545
2022-11-03,2022-11-01,980017.SZ,国证半导体芯片指数,7631.1858,0.0150952737697574
2022-11-03,2022-11-02,980017.SZ,国证半导体芯片指数,7655.1717,0.00314314192166565
2022-11-03,2022-11-03,980017.SZ,国证半导体芯片指数,7866.3773,0.0275899232932946
2022-11-03,2022-08-04,980032.SZ,国证新能源车电池指数,17875.1265,0.00127450840080146
2022-11-03,2022-08-05,980032.SZ,国证新能源车电池指数,18015.4998,0.00785299617320212
2022-11-03,2022-08-08,980032.SZ,国证新能源车电池指数,18062.2429,0.00259460467480332
2022-11-03,2022-08-09,980032.SZ,国证新能源车电池指数,18266.0928,0.0112859682559134
2022-11-03,2022-08-10,980032.SZ,国证新能源车电池指数,17838.0602,-0.023433177783921
2022-11-03,2022-08-11,980032.SZ,国证新能源车电池指数,18205.1397,0.0205784427165461
2022-11-03,2022-08-12,980032.SZ,国证新能源车电池指数,17921.9953,-0.0155529924332303
2022-11-03,2022-08-15,980032.SZ,国证新能源车电池指数,18366.6793,0.0248121926468756
2022-11-03,2022-08-16,980032.SZ,国证新能源车电池指数,18428.1371,0.00334615740799693
2022-11-03,2022-08-17,980032.SZ,国证新能源车电池指数,18624.8692,0.0106756368770451
2022-11-03,2022-08-18,980032.SZ,国证新能源车电池指数,18543.6311,-0.00436180781339401
2022-11-03,2022-08-19,980032.SZ,国证新能源车电池指数,17974.5185,-0.0306904616971161
2022-11-03,2022-08-22,980032.SZ,国证新能源车电池指数,18545.6878,0.0317766119854617
2022-11-03,2022-08-23,980032.SZ,国证新能源车电池指数,18602.9928,0.00308993662666968
2022-11-03,2022-08-24,980032.SZ,国证新能源车电池指数,17768.7939,-0.0448421879731093
2022-11-03,2022-08-25,980032.SZ,国证新能源车电池指数,17451.2997,-0.017868078260506
2022-11-03,2022-08-26,980032.SZ,国证新能源车电池指数,17385.017,-0.00379815263845362
2022-11-03,2022-08-29,980032.SZ,国证新能源车电池指数,17208.2498,-0.0101677898848186
2022-11-03,2022-08-30,980032.SZ,国证新能源车电池指数,17064.2585,-0.00836757379010167
2022-11-03,2022-08-31,980032.SZ,国证新能源车电池指数,16364.6757,-0.0409969645033214
2022-11-03,2022-09-01,980032.SZ,国证新能源车电池指数,16150.7272,-0.0130738001731376
2022-11-03,2022-09-02,980032.SZ,国证新能源车电池指数,16056.2402,-0.00585032480766556
2022-11-03,2022-09-05,980032.SZ,国证新能源车电池指数,15948.0137,-0.00674046343676404
2022-11-03,2022-09-06,980032.SZ,国证新能源车电池指数,16110.8958,0.010213315781137
2022-11-03,2022-09-07,980032.SZ,国证新能源车电池指数,16527.9988,0.0258894977149564
2022-11-03,2022-09-08,980032.SZ,国证新能源车电池指数,16044.2961,-0.0292656543513303
2022-11-03,2022-09-09,980032.SZ,国证新能源车电池指数,16227.4481,0.01141539640371
2022-11-03,2022-09-13,980032.SZ,国证新能源车电池指数,16319.8944,0.00569690930023681
2022-11-03,2022-09-14,980032.SZ,国证新能源车电池指数,15863.1629,-0.0279861798615559
2022-11-03,2022-09-15,980032.SZ,国证新能源车电池指数,15167.7503,-0.043838205809511
2022-11-03,2022-09-16,980032.SZ,国证新能源车电池指数,14835.9857,-0.0218730262193201
2022-11-03,2022-09-19,980032.SZ,国证新能源车电池指数,15046.6354,0.0141985645079181
2022-11-03,2022-09-20,980032.SZ,国证新能源车电池指数,15366.9964,0.0212912050756544
2022-11-03,2022-09-21,980032.SZ,国证新能源车电池指数,15301.4751,-0.00426376751152235
2022-11-03,2022-09-22,980032.SZ,国证新能源车电池指数,15224.9877,-0.00499869453762669
2022-11-03,2022-09-23,980032.SZ,国证新能源车电池指数,15118.3703,-0.00700279055069442
2022-11-03,2022-09-26,980032.SZ,国证新能源车电池指数,15347.5138,0.015156627034066
2022-11-03,2022-09-27,980032.SZ,国证新能源车电池指数,15344.0945,-0.000222791785338017
2022-11-03,2022-09-28,980032.SZ,国证新能源车电池指数,14670.9855,-0.0438676260759472
2022-11-03,2022-09-29,980032.SZ,国证新能源车电池指数,14795.632,0.00849612318136361
2022-11-03,2022-09-30,980032.SZ,国证新能源车电池指数,14250.2717,-0.0368595474664415
2022-11-03,2022-10-10,980032.SZ,国证新能源车电池指数,13877.1575,-0.0261829534099339
2022-11-03,2022-10-11,980032.SZ,国证新能源车电池指数,14316.151,0.0316342521874526
2022-11-03,2022-10-12,980032.SZ,国证新能源车电池指数,14873.6221,0.0389400125774031
2022-11-03,2022-10-13,980032.SZ,国证新能源车电池指数,14705.1033,-0.0113300444819019
2022-11-03,2022-10-14,980032.SZ,国证新能源车电池指数,14938.3114,0.0158589909395603
2022-11-03,2022-10-17,980032.SZ,国证新能源车电池指数,14807.1719,-0.00877873653109151
2022-11-03,2022-10-18,980032.SZ,国证新能源车电池指数,14933.6525,0.00854184721121531
2022-11-03,2022-10-19,980032.SZ,国证新能源车电池指数,14959.8101,0.00175158756372573
2022-11-03,2022-10-20,980032.SZ,国证新能源车电池指数,14574.0928,-0.0257835692713774
2022-11-03,2022-10-21,980032.SZ,国证新能源车电池指数,14494.3038,-0.00547471469373384
2022-11-03,2022-10-24,980032.SZ,国证新能源车电池指数,14219.0539,-0.0189902118651604
2022-11-03,2022-10-25,980032.SZ,国证新能源车电池指数,14322.5887,0.00728141272465388
2022-11-03,2022-10-26,980032.SZ,国证新能源车电池指数,14361.9175,0.00274592818545427
2022-11-03,2022-10-27,980032.SZ,国证新能源车电池指数,14153.6407,-0.0145020189678711
2022-11-03,2022-10-28,980032.SZ,国证新能源车电池指数,13325.1585,-0.0585349181571354
2022-11-03,2022-10-31,980032.SZ,国证新能源车电池指数,13485.321,0.0120195568405435
2022-11-03,2022-11-01,980032.SZ,国证新能源车电池指数,14113.9379,0.0466149007502306
2022-11-03,2022-11-02,980032.SZ,国证新能源车电池指数,14449.5523,0.0237789341555767
2022-11-03,2022-11-03,980032.SZ,国证新能源车电池指数,14406.493,-0.00297997468059952
2022-11-03,2022-08-04,990001.CSI,中华交易服务半导体芯片行业指数,8394.5318,0.0200326880688548
2022-11-03,2022-08-05,990001.CSI,中华交易服务半导体芯片行业指数,8940.3108,0.0650160143535341
2022-11-03,2022-08-08,990001.CSI,中华交易服务半导体芯片行业指数,8897.808,-0.00475406291244351
2022-11-03,2022-08-09,990001.CSI,中华交易服务半导体芯片行业指数,8979.0686,0.00913265379518191
2022-11-03,2022-08-10,990001.CSI,中华交易服务半导体芯片行业指数,8880.5602,-0.0109708929053065
2022-11-03,2022-08-11,990001.CSI,中华交易服务半导体芯片行业指数,9021.6092,0.0158828944147016
2022-11-03,2022-08-12,990001.CSI,中华交易服务半导体芯片行业指数,8795.1878,-0.0250976732621051
2022-11-03,2022-08-15,990001.CSI,中华交易服务半导体芯片行业指数,8738.4429,-0.00645181220576097
2022-11-03,2022-08-16,990001.CSI,中华交易服务半导体芯片行业指数,8670.2111,-0.00780823320365231
2022-11-03,2022-08-17,990001.CSI,中华交易服务半导体芯片行业指数,8698.8731,0.00330580186219454
2022-11-03,2022-08-18,990001.CSI,中华交易服务半导体芯片行业指数,8809.1142,0.0126730323264514
2022-11-03,2022-08-19,990001.CSI,中华交易服务半导体芯片行业指数,8576.8294,-0.0263686898280873
2022-11-03,2022-08-22,990001.CSI,中华交易服务半导体芯片行业指数,8588.5366,0.0013649799306954
2022-11-03,2022-08-23,990001.CSI,中华交易服务半导体芯片行业指数,8525.2337,-0.00737062702859048
2022-11-03,2022-08-24,990001.CSI,中华交易服务半导体芯片行业指数,8133.8627,-0.0459073632198495
2022-11-03,2022-08-25,990001.CSI,中华交易服务半导体芯片行业指数,8086.6421,-0.00580543362257635
2022-11-03,2022-08-26,990001.CSI,中华交易服务半导体芯片行业指数,7961.8579,-0.015430904256292
2022-11-03,2022-08-29,990001.CSI,中华交易服务半导体芯片行业指数,7985.9911,0.00303110157241071
2022-11-03,2022-08-30,990001.CSI,中华交易服务半导体芯片行业指数,8022.8686,0.00461777374132044
2022-11-03,2022-08-31,990001.CSI,中华交易服务半导体芯片行业指数,7936.3017,-0.0107900184230862
2022-11-03,2022-09-01,990001.CSI,中华交易服务半导体芯片行业指数,7844.1691,-0.011609009269393
2022-11-03,2022-09-02,990001.CSI,中华交易服务半导体芯片行业指数,7950.8277,0.0135971826512511
2022-11-03,2022-09-05,990001.CSI,中华交易服务半导体芯片行业指数,7891.0738,-0.00751543138081079
2022-11-03,2022-09-06,990001.CSI,中华交易服务半导体芯片行业指数,7964.6642,0.00932577769073717
2022-11-03,2022-09-07,990001.CSI,中华交易服务半导体芯片行业指数,8163.2707,0.0249359539853544
2022-11-03,2022-09-08,990001.CSI,中华交易服务半导体芯片行业指数,8074.9472,-0.0108196216009351
2022-11-03,2022-09-09,990001.CSI,中华交易服务半导体芯片行业指数,8038.3509,-0.00453207916950826
2022-11-03,2022-09-13,990001.CSI,中华交易服务半导体芯片行业指数,8030.7856,-0.000941150752699849
2022-11-03,2022-09-14,990001.CSI,中华交易服务半导体芯片行业指数,8042.8933,0.00150766072001707
2022-11-03,2022-09-15,990001.CSI,中华交易服务半导体芯片行业指数,7791.9234,-0.0312039325450209
2022-11-03,2022-09-16,990001.CSI,中华交易服务半导体芯片行业指数,7711.9798,-0.010259803118701
2022-11-03,2022-09-19,990001.CSI,中华交易服务半导体芯片行业指数,7565.3316,-0.0190156359071376
2022-11-03,2022-09-20,990001.CSI,中华交易服务半导体芯片行业指数,7522.6627,-0.00564005680861368
2022-11-03,2022-09-21,990001.CSI,中华交易服务半导体芯片行业指数,7366.8759,-0.0207089970948717
2022-11-03,2022-09-22,990001.CSI,中华交易服务半导体芯片行业指数,7338.251,-0.00388562266944115
2022-11-03,2022-09-23,990001.CSI,中华交易服务半导体芯片行业指数,7146.0856,-0.0261868120891476
2022-11-03,2022-09-26,990001.CSI,中华交易服务半导体芯片行业指数,7145.0545,-0.000144288783778368
2022-11-03,2022-09-27,990001.CSI,中华交易服务半导体芯片行业指数,7286.7131,0.019826104895351
2022-11-03,2022-09-28,990001.CSI,中华交易服务半导体芯片行业指数,7086.0322,-0.0275406616461955
2022-11-03,2022-09-29,990001.CSI,中华交易服务半导体芯片行业指数,7086.2087,2.49081566410236e-05
2022-11-03,2022-09-30,990001.CSI,中华交易服务半导体芯片行业指数,6920.107,-0.0234401366135322
2022-11-03,2022-10-10,990001.CSI,中华交易服务半导体芯片行业指数,6452.4315,-0.0675821197562408
2022-11-03,2022-10-11,990001.CSI,中华交易服务半导体芯片行业指数,6338.7137,-0.0176240228199245
2022-11-03,2022-10-12,990001.CSI,中华交易服务半导体芯片行业指数,6591.827,0.0399313349646948
2022-11-03,2022-10-13,990001.CSI,中华交易服务半导体芯片行业指数,6555.7125,-0.00547867836944149
2022-11-03,2022-10-14,990001.CSI,中华交易服务半导体芯片行业指数,6724.5044,0.0257473005413218
2022-11-03,2022-10-17,990001.CSI,中华交易服务半导体芯片行业指数,6878.0299,0.0228307531481429
2022-11-03,2022-10-18,990001.CSI,中华交易服务半导体芯片行业指数,6819.3343,-0.00853378087233958
2022-11-03,2022-10-19,990001.CSI,中华交易服务半导体芯片行业指数,6771.3129,-0.00704194836144056
2022-11-03,2022-10-20,990001.CSI,中华交易服务半导体芯片行业指数,7075.9028,0.0449823992035576
2022-11-03,2022-10-21,990001.CSI,中华交易服务半导体芯片行业指数,6965.1738,-0.015648745203227
2022-11-03,2022-10-24,990001.CSI,中华交易服务半导体芯片行业指数,6967.6602,0.000356976016880006
2022-11-03,2022-10-25,990001.CSI,中华交易服务半导体芯片行业指数,6923.2787,-0.0063696418490673
2022-11-03,2022-10-26,990001.CSI,中华交易服务半导体芯片行业指数,7145.9478,0.0321623770540973
2022-11-03,2022-10-27,990001.CSI,中华交易服务半导体芯片行业指数,7170.2286,0.00339784178104408
2022-11-03,2022-10-28,990001.CSI,中华交易服务半导体芯片行业指数,7060.5122,-0.0153016599777587
2022-11-03,2022-10-31,990001.CSI,中华交易服务半导体芯片行业指数,7199.431,0.0196754564066894
2022-11-03,2022-11-01,990001.CSI,中华交易服务半导体芯片行业指数,7268.0331,0.00952882248611031
2022-11-03,2022-11-02,990001.CSI,中华交易服务半导体芯片行业指数,7303.6672,0.00490285329052775
2022-11-03,2022-11-03,990001.CSI,中华交易服务半导体芯片行业指数,7545.2136,0.0330719340552648
2022-11-03,2022-08-04,H11052.CSI,中证智能电动汽车指数,4681.2144,0.0015824963320672
2022-11-03,2022-08-05,H11052.CSI,中证智能电动汽车指数,4724.4296,0.00923162160656443
2022-11-03,2022-08-08,H11052.CSI,中证智能电动汽车指数,4731.387,0.00147264338535158
2022-11-03,2022-08-09,H11052.CSI,中证智能电动汽车指数,4758.3609,0.00570105552557854
2022-11-03,2022-08-10,H11052.CSI,中证智能电动汽车指数,4649.9392,-0.0227855142303308
2022-11-03,2022-08-11,H11052.CSI,中证智能电动汽车指数,4736.5403,0.0186241359887027
2022-11-03,2022-08-12,H11052.CSI,中证智能电动汽车指数,4655.7319,-0.0170606381201908
2022-11-03,2022-08-15,H11052.CSI,中证智能电动汽车指数,4731.119,0.0161923198369733
2022-11-03,2022-08-16,H11052.CSI,中证智能电动汽车指数,4748.7467,0.00372590501316927
2022-11-03,2022-08-17,H11052.CSI,中证智能电动汽车指数,4808.0709,0.0124926014689308
2022-11-03,2022-08-18,H11052.CSI,中证智能电动汽车指数,4789.8076,-0.00379846728133726
2022-11-03,2022-08-19,H11052.CSI,中证智能电动汽车指数,4642.8572,-0.0306798126922676
2022-11-03,2022-08-22,H11052.CSI,中证智能电动汽车指数,4795.9865,0.0329816949786867
2022-11-03,2022-08-23,H11052.CSI,中证智能电动汽车指数,4815.7547,0.00412182144382611
2022-11-03,2022-08-24,H11052.CSI,中证智能电动汽车指数,4596.9522,-0.0454347269805916
2022-11-03,2022-08-25,H11052.CSI,中证智能电动汽车指数,4543.5444,-0.0116180890460422
2022-11-03,2022-08-26,H11052.CSI,中证智能电动汽车指数,4547.6444,0.000902379208619575
2022-11-03,2022-08-29,H11052.CSI,中证智能电动汽车指数,4504.0982,-0.00957555080603922
2022-11-03,2022-08-30,H11052.CSI,中证智能电动汽车指数,4474.9502,-0.00647143972127429
2022-11-03,2022-08-31,H11052.CSI,中证智能电动汽车指数,4335.1285,-0.0312454203400968
2022-11-03,2022-09-01,H11052.CSI,中证智能电动汽车指数,4244.5548,-0.0208929677632393
2022-11-03,2022-09-02,H11052.CSI,中证智能电动汽车指数,4232.3057,-0.0028858385807623
2022-11-03,2022-09-05,H11052.CSI,中证智能电动汽车指数,4204.7494,-0.0065109427232537
2022-11-03,2022-09-06,H11052.CSI,中证智能电动汽车指数,4242.4656,0.00896990436576339
2022-11-03,2022-09-07,H11052.CSI,中证智能电动汽车指数,4335.2488,0.0218701125119316
2022-11-03,2022-09-08,H11052.CSI,中证智能电动汽车指数,4229.6106,-0.0243672750685037
2022-11-03,2022-09-09,H11052.CSI,中证智能电动汽车指数,4269.9938,0.00954773472527237
2022-11-03,2022-09-13,H11052.CSI,中证智能电动汽车指数,4302.3787,0.00758429672661354
2022-11-03,2022-09-14,H11052.CSI,中证智能电动汽车指数,4198.4316,-0.0241603790015045
2022-11-03,2022-09-15,H11052.CSI,中证智能电动汽车指数,4033.2145,-0.0393520999603757
2022-11-03,2022-09-16,H11052.CSI,中证智能电动汽车指数,3943.0417,-0.022357551278267
2022-11-03,2022-09-19,H11052.CSI,中证智能电动汽车指数,3985.7997,0.0108439127083033
2022-11-03,2022-09-20,H11052.CSI,中证智能电动汽车指数,4057.3466,0.0179504504453647
2022-11-03,2022-09-21,H11052.CSI,中证智能电动汽车指数,4027.5044,-0.00735510247017102
2022-11-03,2022-09-22,H11052.CSI,中证智能电动汽车指数,3993.4283,-0.00846084736741681
2022-11-03,2022-09-23,H11052.CSI,中证智能电动汽车指数,3947.9382,-0.0113912399528996
2022-11-03,2022-09-26,H11052.CSI,中证智能电动汽车指数,4006.9278,0.0149418752299617
2022-11-03,2022-09-27,H11052.CSI,中证智能电动汽车指数,4016.8719,0.00248172677331504
2022-11-03,2022-09-28,H11052.CSI,中证智能电动汽车指数,3859.2912,-0.0392297050846954
2022-11-03,2022-09-29,H11052.CSI,中证智能电动汽车指数,3889.9483,0.00794371256566495
2022-11-03,2022-09-30,H11052.CSI,中证智能电动汽车指数,3758.2581,-0.0338539717867201
2022-11-03,2022-10-10,H11052.CSI,中证智能电动汽车指数,3641.4098,-0.031091079135837
2022-11-03,2022-10-11,H11052.CSI,中证智能电动汽车指数,3732.1177,0.0249101048720195
2022-11-03,2022-10-12,H11052.CSI,中证智能电动汽车指数,3869.0111,0.0366798185384134
2022-11-03,2022-10-13,H11052.CSI,中证智能电动汽车指数,3830.5161,-0.0099495708347801
2022-11-03,2022-10-14,H11052.CSI,中证智能电动汽车指数,3903.7681,0.019123271665664
2022-11-03,2022-10-17,H11052.CSI,中证智能电动汽车指数,3888.7036,-0.00385896385597284
2022-11-03,2022-10-18,H11052.CSI,中证智能电动汽车指数,3902.9359,0.00365990866467691
2022-11-03,2022-10-19,H11052.CSI,中证智能电动汽车指数,3887.8137,-0.00387457042274253
2022-11-03,2022-10-20,H11052.CSI,中证智能电动汽车指数,3798.2401,-0.0230395813461947
2022-11-03,2022-10-21,H11052.CSI,中证智能电动汽车指数,3775.7507,-0.00592100536245721
2022-11-03,2022-10-24,H11052.CSI,中证智能电动汽车指数,3721.5397,-0.0143576746208377
2022-11-03,2022-10-25,H11052.CSI,中证智能电动汽车指数,3739.0178,0.00469647011961216
2022-11-03,2022-10-26,H11052.CSI,中证智能电动汽车指数,3761.4711,0.0060051332197455
2022-11-03,2022-10-27,H11052.CSI,中证智能电动汽车指数,3724.2572,-0.00989344302020567
2022-11-03,2022-10-28,H11052.CSI,中证智能电动汽车指数,3538.0516,-0.0499980506179863
2022-11-03,2022-10-31,H11052.CSI,中证智能电动汽车指数,3610.7901,0.0205589144036227
2022-11-03,2022-11-01,H11052.CSI,中证智能电动汽车指数,3752.9516,0.0393712999268496
2022-11-03,2022-11-02,H11052.CSI,中证智能电动汽车指数,3850.3562,0.0259541316759855
2022-11-03,2022-11-03,H11052.CSI,中证智能电动汽车指数,3837.5196,-0.0033338733699495
2022-11-03,2022-08-04,H30007.CSI,中证芯片产业指数,2149.2396,0.0225052630076572
2022-11-03,2022-08-05,H30007.CSI,中证芯片产业指数,2285.7178,0.0635006911281553
2022-11-03,2022-08-08,H30007.CSI,中证芯片产业指数,2271.8557,-0.00606465942558609
2022-11-03,2022-08-09,H30007.CSI,中证芯片产业指数,2293.3129,0.00944479000140719
2022-11-03,2022-08-10,H30007.CSI,中证芯片产业指数,2271.1885,-0.0096473533986573
2022-11-03,2022-08-11,H30007.CSI,中证芯片产业指数,2308.477,0.0164180560090013
2022-11-03,2022-08-12,H30007.CSI,中证芯片产业指数,2253.3464,-0.0238818060565472
2022-11-03,2022-08-15,H30007.CSI,中证芯片产业指数,2239.8986,-0.00596792397298518
2022-11-03,2022-08-16,H30007.CSI,中证芯片产业指数,2220.4583,-0.00867909824132229
2022-11-03,2022-08-17,H30007.CSI,中证芯片产业指数,2225.6631,0.00234402060151306
2022-11-03,2022-08-18,H30007.CSI,中证芯片产业指数,2255.9515,0.0136087083440435
2022-11-03,2022-08-19,H30007.CSI,中证芯片产业指数,2196.4059,-0.0263948936845495
2022-11-03,2022-08-22,H30007.CSI,中证芯片产业指数,2199.0682,0.00121211657644871
2022-11-03,2022-08-23,H30007.CSI,中证芯片产业指数,2183.5655,-0.00704966767288073
2022-11-03,2022-08-24,H30007.CSI,中证芯片产业指数,2081.8074,-0.0466018079146241
2022-11-03,2022-08-25,H30007.CSI,中证芯片产业指数,2072.1021,-0.00466195864228369
2022-11-03,2022-08-26,H30007.CSI,中证芯片产业指数,2039.2171,-0.0158703569674487
2022-11-03,2022-08-29,H30007.CSI,中证芯片产业指数,2043.8645,0.00227901188156965
2022-11-03,2022-08-30,H30007.CSI,中证芯片产业指数,2054.4844,0.005195990242993
2022-11-03,2022-08-31,H30007.CSI,中证芯片产业指数,2035.2356,-0.00936916337743909
2022-11-03,2022-09-01,H30007.CSI,中证芯片产业指数,2010.6318,-0.0120889198282498
2022-11-03,2022-09-02,H30007.CSI,中证芯片产业指数,2039.4998,0.0143576760299922
2022-11-03,2022-09-05,H30007.CSI,中证芯片产业指数,2021.7784,-0.0086890913154295
2022-11-03,2022-09-06,H30007.CSI,中证芯片产业指数,2039.5825,0.00880615798447537
2022-11-03,2022-09-07,H30007.CSI,中证芯片产业指数,2090.4713,0.0249505965068832
2022-11-03,2022-09-08,H30007.CSI,中证芯片产业指数,2066.1948,-0.0116129314954001
2022-11-03,2022-09-09,H30007.CSI,中证芯片产业指数,2057.5415,-0.00418803686854718
2022-11-03,2022-09-13,H30007.CSI,中证芯片产业指数,2055.6372,-0.000925522036857918
2022-11-03,2022-09-14,H30007.CSI,中证芯片产业指数,2057.0315,0.00067828116751345
2022-11-03,2022-09-15,H30007.CSI,中证芯片产业指数,1993.5484,-0.0308615108713698
2022-11-03,2022-09-16,H30007.CSI,中证芯片产业指数,1972.6219,-0.0104971115825429
2022-11-03,2022-09-19,H30007.CSI,中证芯片产业指数,1933.1216,-0.0200242631393275
2022-11-03,2022-09-20,H30007.CSI,中证芯片产业指数,1923.1153,-0.00517623930124211
2022-11-03,2022-09-21,H30007.CSI,中证芯片产业指数,1884.2203,-0.020224996389972
2022-11-03,2022-09-22,H30007.CSI,中证芯片产业指数,1875.3823,-0.00469053432870881
2022-11-03,2022-09-23,H30007.CSI,中证芯片产业指数,1829.4504,-0.0244920195738224
2022-11-03,2022-09-26,H30007.CSI,中证芯片产业指数,1827.6634,-0.000976796091328835
2022-11-03,2022-09-27,H30007.CSI,中证芯片产业指数,1865.8865,0.0209136430701629
2022-11-03,2022-09-28,H30007.CSI,中证芯片产业指数,1814.2869,-0.0276542008316154
2022-11-03,2022-09-29,H30007.CSI,中证芯片产业指数,1813.0956,-0.000656621618113418
2022-11-03,2022-09-30,H30007.CSI,中证芯片产业指数,1772.4434,-0.0224214321627607
2022-11-03,2022-10-10,H30007.CSI,中证芯片产业指数,1651.3811,-0.068302491351769
2022-11-03,2022-10-11,H30007.CSI,中证芯片产业指数,1620.7377,-0.0185562254527438
2022-11-03,2022-10-12,H30007.CSI,中证芯片产业指数,1686.2091,0.0403960492805222
2022-11-03,2022-10-13,H30007.CSI,中证芯片产业指数,1678.1422,-0.00478404487320105
2022-11-03,2022-10-14,H30007.CSI,中证芯片产业指数,1721.4656,0.0258162866055094
2022-11-03,2022-10-17,H30007.CSI,中证芯片产业指数,1763.3512,0.024331360440778
2022-11-03,2022-10-18,H30007.CSI,中证芯片产业指数,1748.3609,-0.00850102917671769
2022-11-03,2022-10-19,H30007.CSI,中证芯片产业指数,1734.0805,-0.00816787884011816
2022-11-03,2022-10-20,H30007.CSI,中证芯片产业指数,1814.4469,0.0463452532912976
2022-11-03,2022-10-21,H30007.CSI,中证芯片产业指数,1784.6916,-0.0163991021175653
2022-11-03,2022-10-24,H30007.CSI,中证芯片产业指数,1784.568,-6.92556629953156e-05
2022-11-03,2022-10-25,H30007.CSI,中证芯片产业指数,1772.6433,-0.00668212138736102
2022-11-03,2022-10-26,H30007.CSI,中证芯片产业指数,1826.8453,0.0305769355854051
2022-11-03,2022-10-27,H30007.CSI,中证芯片产业指数,1834.5265,0.00420462531775412
2022-11-03,2022-10-28,H30007.CSI,中证芯片产业指数,1807.1326,-0.0149324089894586
2022-11-03,2022-10-31,H30007.CSI,中证芯片产业指数,1840.449,0.0184360572101905
2022-11-03,2022-11-01,H30007.CSI,中证芯片产业指数,1858.125,0.00960417811088488
2022-11-03,2022-11-02,H30007.CSI,中证芯片产业指数,1870.2436,0.00652195089135543
2022-11-03,2022-11-03,H30007.CSI,中证芯片产业指数,1932.6532,0.0333697706544751
2022-11-03,2022-08-04,H30015.CSI,中证800汽车与零部件指数,9112.9862,-0.0138266197438033
2022-11-03,2022-08-05,H30015.CSI,中证800汽车与零部件指数,9076.1839,-0.00403844570729184
2022-11-03,2022-08-08,H30015.CSI,中证800汽车与零部件指数,9145.6089,0.00764913985491189
2022-11-03,2022-08-09,H30015.CSI,中证800汽车与零部件指数,9024.0821,-0.0132879944166429
2022-11-03,2022-08-10,H30015.CSI,中证800汽车与零部件指数,8864.4582,-0.0176886577749553
2022-11-03,2022-08-11,H30015.CSI,中证800汽车与零部件指数,8953.5854,0.0100544441621937
2022-11-03,2022-08-12,H30015.CSI,中证800汽车与零部件指数,8840.766,-0.0126004717618486
2022-11-03,2022-08-15,H30015.CSI,中证800汽车与零部件指数,8817.3985,-0.00264315331952003
2022-11-03,2022-08-16,H30015.CSI,中证800汽车与零部件指数,8921.8353,0.0118444005904919
2022-11-03,2022-08-17,H30015.CSI,中证800汽车与零部件指数,9028.2658,0.0119292159540312
2022-11-03,2022-08-18,H30015.CSI,中证800汽车与零部件指数,8961.8821,-0.0073528739040889
2022-11-03,2022-08-19,H30015.CSI,中证800汽车与零部件指数,8729.4783,-0.0259324768398816
2022-11-03,2022-08-22,H30015.CSI,中证800汽车与零部件指数,8908.3246,0.0204876275366879
2022-11-03,2022-08-23,H30015.CSI,中证800汽车与零部件指数,8867.9008,-0.00453775561793068
2022-11-03,2022-08-24,H30015.CSI,中证800汽车与零部件指数,8480.7027,-0.0436628812988075
2022-11-03,2022-08-25,H30015.CSI,中证800汽车与零部件指数,8513.3171,0.00384571905816244
2022-11-03,2022-08-26,H30015.CSI,中证800汽车与零部件指数,8550.4771,0.00436492609913475
2022-11-03,2022-08-29,H30015.CSI,中证800汽车与零部件指数,8486.7656,-0.0074512216400181
2022-11-03,2022-08-30,H30015.CSI,中证800汽车与零部件指数,8473.2195,-0.00159614400096086
2022-11-03,2022-08-31,H30015.CSI,中证800汽车与零部件指数,8155.385,-0.0375104763897595
2022-11-03,2022-09-01,H30015.CSI,中证800汽车与零部件指数,8074.8414,-0.00987612479361799
2022-11-03,2022-09-02,H30015.CSI,中证800汽车与零部件指数,8036.5808,-0.00473824786205712
2022-11-03,2022-09-05,H30015.CSI,中证800汽车与零部件指数,7956.169,-0.0100057228317794
2022-11-03,2022-09-06,H30015.CSI,中证800汽车与零部件指数,8185.2203,0.0287891446247559
2022-11-03,2022-09-07,H30015.CSI,中证800汽车与零部件指数,8255.7536,0.008617153529759
2022-11-03,2022-09-08,H30015.CSI,中证800汽车与零部件指数,8227.1126,-0.00346921691073721
2022-11-03,2022-09-09,H30015.CSI,中证800汽车与零部件指数,8216.2443,-0.00132103455105259
2022-11-03,2022-09-13,H30015.CSI,中证800汽车与零部件指数,8323.8724,0.0130994279223173
2022-11-03,2022-09-14,H30015.CSI,中证800汽车与零部件指数,8172.6255,-0.0181702569107138
2022-11-03,2022-09-15,H30015.CSI,中证800汽车与零部件指数,7866.6421,-0.0374400368645302
2022-11-03,2022-09-16,H30015.CSI,中证800汽车与零部件指数,7707.4966,-0.0202304233467033
2022-11-03,2022-09-19,H30015.CSI,中证800汽车与零部件指数,7783.0188,0.00979853821797327
2022-11-03,2022-09-20,H30015.CSI,中证800汽车与零部件指数,7843.6345,0.00778819909827289
2022-11-03,2022-09-21,H30015.CSI,中证800汽车与零部件指数,7837.232,-0.000816266999692616
2022-11-03,2022-09-22,H30015.CSI,中证800汽车与零部件指数,7721.5219,-0.0147641539768123
2022-11-03,2022-09-23,H30015.CSI,中证800汽车与零部件指数,7623.1749,-0.0127367378184863
2022-11-03,2022-09-26,H30015.CSI,中证800汽车与零部件指数,7661.659,0.00504830343063478
2022-11-03,2022-09-27,H30015.CSI,中证800汽车与零部件指数,7714.5966,0.0069094173990254
2022-11-03,2022-09-28,H30015.CSI,中证800汽车与零部件指数,7479.7337,-0.0304439638489976
2022-11-03,2022-09-29,H30015.CSI,中证800汽车与零部件指数,7477.1022,-0.000351817338095861
2022-11-03,2022-09-30,H30015.CSI,中证800汽车与零部件指数,7276.9097,-0.0267740756572781
2022-11-03,2022-10-10,H30015.CSI,中证800汽车与零部件指数,7089.103,-0.025808579155517
2022-11-03,2022-10-11,H30015.CSI,中证800汽车与零部件指数,7169.6171,0.01135744536368
2022-11-03,2022-10-12,H30015.CSI,中证800汽车与零部件指数,7423.7807,0.0354500939806115
2022-11-03,2022-10-13,H30015.CSI,中证800汽车与零部件指数,7378.6869,-0.00607423654095829
2022-11-03,2022-10-14,H30015.CSI,中证800汽车与零部件指数,7536.5021,0.0213879789370111
2022-11-03,2022-10-17,H30015.CSI,中证800汽车与零部件指数,7489.1375,-0.00628469273563925
2022-11-03,2022-10-18,H30015.CSI,中证800汽车与零部件指数,7500.5197,0.00151982788405203
2022-11-03,2022-10-19,H30015.CSI,中证800汽车与零部件指数,7387.9825,-0.0150039203283473
2022-11-03,2022-10-20,H30015.CSI,中证800汽车与零部件指数,7263.2117,-0.0168883453635685
2022-11-03,2022-10-21,H30015.CSI,中证800汽车与零部件指数,7204.3109,-0.00810947036006116
2022-11-03,2022-10-24,H30015.CSI,中证800汽车与零部件指数,7073.2774,-0.0181882072857239
2022-11-03,2022-10-25,H30015.CSI,中证800汽车与零部件指数,7155.5632,0.0116333342164694
2022-11-03,2022-10-26,H30015.CSI,中证800汽车与零部件指数,7123.1903,-0.00452415821021601
2022-11-03,2022-10-27,H30015.CSI,中证800汽车与零部件指数,7134.3369,0.00156483254420414
2022-11-03,2022-10-28,H30015.CSI,中证800汽车与零部件指数,6841.921,-0.0409871168265127
2022-11-03,2022-10-31,H30015.CSI,中证800汽车与零部件指数,6879.8325,0.00554106076349026
2022-11-03,2022-11-01,H30015.CSI,中证800汽车与零部件指数,7143.7821,0.0383657014905523
2022-11-03,2022-11-02,H30015.CSI,中证800汽车与零部件指数,7404.9435,0.0365578619762212
2022-11-03,2022-11-03,H30015.CSI,中证800汽车与零部件指数,7386.3649,-0.00250894554428416
2022-11-03,2022-08-04,H30022.CSI,中证800银行指数,5457.0222,0.0102705422044589
2022-11-03,2022-08-05,H30022.CSI,中证800银行指数,5510.4319,0.00978733419849376
2022-11-03,2022-08-08,H30022.CSI,中证800银行指数,5480.6954,-0.00539640096087568
2022-11-03,2022-08-09,H30022.CSI,中证800银行指数,5453.8645,-0.00489552840320229
2022-11-03,2022-08-10,H30022.CSI,中证800银行指数,5422.556,-0.00574060833377876
2022-11-03,2022-08-11,H30022.CSI,中证800银行指数,5519.4424,0.0178672935788953
2022-11-03,2022-08-12,H30022.CSI,中证800银行指数,5530.7185,0.00204297810952792
2022-11-03,2022-08-15,H30022.CSI,中证800银行指数,5461.9913,-0.0124264505597239
2022-11-03,2022-08-16,H30022.CSI,中证800银行指数,5461.2829,-0.000129696288604375
2022-11-03,2022-08-17,H30022.CSI,中证800银行指数,5520.0741,0.0107650896458777
2022-11-03,2022-08-18,H30022.CSI,中证800银行指数,5457.2529,-0.0113804994030785
2022-11-03,2022-08-19,H30022.CSI,中证800银行指数,5482.4616,0.0046193021400931
2022-11-03,2022-08-22,H30022.CSI,中证800银行指数,5475.369,-0.0012936889516928
2022-11-03,2022-08-23,H30022.CSI,中证800银行指数,5427.406,-0.00875977491197388
2022-11-03,2022-08-24,H30022.CSI,中证800银行指数,5413.8011,-0.00250670393922992
2022-11-03,2022-08-25,H30022.CSI,中证800银行指数,5488.8545,0.0138633464018472
2022-11-03,2022-08-26,H30022.CSI,中证800银行指数,5499.1327,0.00187255829062316
2022-11-03,2022-08-29,H30022.CSI,中证800银行指数,5434.249,-0.0117988969424215
2022-11-03,2022-08-30,H30022.CSI,中证800银行指数,5460.0146,0.00474133592332637
2022-11-03,2022-08-31,H30022.CSI,中证800银行指数,5547.3741,0.0159998656413849
2022-11-03,2022-09-01,H30022.CSI,中证800银行指数,5523.551,-0.00429448232092366
2022-11-03,2022-09-02,H30022.CSI,中证800银行指数,5512.5763,-0.00198689212790837
2022-11-03,2022-09-05,H30022.CSI,中证800银行指数,5531.6509,0.00346019700443878
2022-11-03,2022-09-06,H30022.CSI,中证800银行指数,5511.2885,-0.003681071052405
2022-11-03,2022-09-07,H30022.CSI,中证800银行指数,5485.9069,-0.00460538402226629
2022-11-03,2022-09-08,H30022.CSI,中证800银行指数,5509.2282,0.00425112938026695
2022-11-03,2022-09-09,H30022.CSI,中证800银行指数,5601.0967,0.0166753847662364
2022-11-03,2022-09-13,H30022.CSI,中证800银行指数,5647.6235,0.00830673035871698
2022-11-03,2022-09-14,H30022.CSI,中证800银行指数,5600.9156,-0.00827036363171152
2022-11-03,2022-09-15,H30022.CSI,中证800银行指数,5664.8618,0.0114170975902581
2022-11-03,2022-09-16,H30022.CSI,中证800银行指数,5551.8091,-0.0199568328392405
2022-11-03,2022-09-19,H30022.CSI,中证800银行指数,5573.7551,0.00395294571637916
2022-11-03,2022-09-20,H30022.CSI,中证800银行指数,5520.5203,-0.00955097578650344
2022-11-03,2022-09-21,H30022.CSI,中证800银行指数,5541.7683,0.00384891257441788
2022-11-03,2022-09-22,H30022.CSI,中证800银行指数,5527.1562,-0.00263672156773487
2022-11-03,2022-09-23,H30022.CSI,中证800银行指数,5551.5651,0.00441617698446795
2022-11-03,2022-09-26,H30022.CSI,中证800银行指数,5464.7203,-0.0156433003010268
2022-11-03,2022-09-27,H30022.CSI,中证800银行指数,5483.1978,0.00338123435155491
2022-11-03,2022-09-28,H30022.CSI,中证800银行指数,5490.4534,0.00132324243345749
2022-11-03,2022-09-29,H30022.CSI,中证800银行指数,5426.1824,-0.0117059549216829
2022-11-03,2022-09-30,H30022.CSI,中证800银行指数,5461.0331,0.00642269231495063
2022-11-03,2022-10-10,H30022.CSI,中证800银行指数,5389.7876,-0.0130461578780762
2022-11-03,2022-10-11,H30022.CSI,中证800银行指数,5373.0578,-0.00310398131458833
2022-11-03,2022-10-12,H30022.CSI,中证800银行指数,5395.6594,0.00420646880068931
2022-11-03,2022-10-13,H30022.CSI,中证800银行指数,5311.3425,-0.0156268017955321
2022-11-03,2022-10-14,H30022.CSI,中证800银行指数,5363.6213,0.00984285987958788
2022-11-03,2022-10-17,H30022.CSI,中证800银行指数,5355.4204,-0.00152898565004944
2022-11-03,2022-10-18,H30022.CSI,中证800银行指数,5347.5737,-0.00146518842853127
2022-11-03,2022-10-19,H30022.CSI,中证800银行指数,5286.401,-0.0114393374326005
2022-11-03,2022-10-20,H30022.CSI,中证800银行指数,5271.9681,-0.00273019394480289
2022-11-03,2022-10-21,H30022.CSI,中证800银行指数,5250.8722,-0.00400152269510134
2022-11-03,2022-10-24,H30022.CSI,中证800银行指数,5107.2451,-0.0273529986123067
2022-11-03,2022-10-25,H30022.CSI,中证800银行指数,5099.6161,-0.00149376030533566
2022-11-03,2022-10-26,H30022.CSI,中证800银行指数,5052.8147,-0.00917743592502973
2022-11-03,2022-10-27,H30022.CSI,中证800银行指数,5041.8894,-0.00216222059360294
2022-11-03,2022-10-28,H30022.CSI,中证800银行指数,5009.9029,-0.00634414947697981
2022-11-03,2022-10-31,H30022.CSI,中证800银行指数,4945.9626,-0.0127627822886548
2022-11-03,2022-11-01,H30022.CSI,中证800银行指数,5029.0685,0.0168027756619107
2022-11-03,2022-11-02,H30022.CSI,中证800银行指数,5025.895,-0.00063103137290732
2022-11-03,2022-11-03,H30022.CSI,中证800银行指数,4982.6002,-0.00861434630050972
2022-11-03,2022-08-04,H30035.CSI,沪深300非银行金融指数,7497.5973,0.00844113795715384
2022-11-03,2022-08-05,H30035.CSI,沪深300非银行金融指数,7629.1108,0.0175407526888647
2022-11-03,2022-08-08,H30035.CSI,沪深300非银行金融指数,7604.3846,-0.00324103301789769
2022-11-03,2022-08-09,H30035.CSI,沪深300非银行金融指数,7567.4466,-0.00485746078650473
2022-11-03,2022-08-10,H30035.CSI,沪深300非银行金融指数,7510.3002,-0.00755160928390308
2022-11-03,2022-08-11,H30035.CSI,沪深300非银行金融指数,7842.604,0.0442464070876956
2022-11-03,2022-08-12,H30035.CSI,沪深300非银行金融指数,7840.8698,-0.000221125534325073
2022-11-03,2022-08-15,H30035.CSI,沪深300非银行金融指数,7775.8466,-0.00829285546866254
2022-11-03,2022-08-16,H30035.CSI,沪深300非银行金融指数,7754.0017,-0.00280932753997487
2022-11-03,2022-08-17,H30035.CSI,沪深300非银行金融指数,7862.5031,0.0139929554052072
2022-11-03,2022-08-18,H30035.CSI,沪深300非银行金融指数,7784.8853,-0.0098718943589351
2022-11-03,2022-08-19,H30035.CSI,沪深300非银行金融指数,7770.8388,-0.00180432973110078
2022-11-03,2022-08-22,H30035.CSI,沪深300非银行金融指数,7750.9368,-0.00256111347979582
2022-11-03,2022-08-23,H30035.CSI,沪深300非银行金融指数,7741.5078,-0.0012164981141376
2022-11-03,2022-08-24,H30035.CSI,沪深300非银行金融指数,7721.6687,-0.00256269198617876
2022-11-03,2022-08-25,H30035.CSI,沪深300非银行金融指数,7908.276,0.0241667063493671
2022-11-03,2022-08-26,H30035.CSI,沪深300非银行金融指数,7839.986,-0.00863525754538663
2022-11-03,2022-08-29,H30035.CSI,沪深300非银行金融指数,7802.6856,-0.00475771257754798
2022-11-03,2022-08-30,H30035.CSI,沪深300非银行金融指数,7792.9605,-0.00124637855458376
2022-11-03,2022-08-31,H30035.CSI,沪深300非银行金融指数,7913.9646,0.0155273595958814
2022-11-03,2022-09-01,H30035.CSI,沪深300非银行金融指数,7845.6649,-0.00863027615766698
2022-11-03,2022-09-02,H30035.CSI,沪深300非银行金融指数,7826.4507,-0.00244902124229129
2022-11-03,2022-09-05,H30035.CSI,沪深300非银行金融指数,7871.3283,0.00573409348889142
2022-11-03,2022-09-06,H30035.CSI,沪深300非银行金融指数,7948.637,0.00982155705537013
2022-11-03,2022-09-07,H30035.CSI,沪深300非银行金融指数,7900.9402,-0.00600062627089393
2022-11-03,2022-09-08,H30035.CSI,沪深300非银行金融指数,7904.5871,0.000461577977770355
2022-11-03,2022-09-09,H30035.CSI,沪深300非银行金融指数,8047.8325,0.0181218067671114
2022-11-03,2022-09-13,H30035.CSI,沪深300非银行金融指数,8067.056,0.00238865557900203
2022-11-03,2022-09-14,H30035.CSI,沪深300非银行金融指数,7964.8236,-0.0126728263693719
2022-11-03,2022-09-15,H30035.CSI,沪深300非银行金融指数,7984.6837,0.00249347644058306
2022-11-03,2022-09-16,H30035.CSI,沪深300非银行金融指数,7588.6999,-0.0495929225098798
2022-11-03,2022-09-19,H30035.CSI,沪深300非银行金融指数,7522.4517,-0.00872984844215541
2022-11-03,2022-09-20,H30035.CSI,沪深300非银行金融指数,7479.5249,-0.00570649061129891
2022-11-03,2022-09-21,H30035.CSI,沪深300非银行金融指数,7458.7271,-0.00278063116014227
2022-11-03,2022-09-22,H30035.CSI,沪深300非银行金融指数,7408.5224,-0.00673100105780788
2022-11-03,2022-09-23,H30035.CSI,沪深300非银行金融指数,7441.3292,0.00442825144188008
2022-11-03,2022-09-26,H30035.CSI,沪深300非银行金融指数,7310.786,-0.0175429948724752
2022-11-03,2022-09-27,H30035.CSI,沪深300非银行金融指数,7356.6186,0.00626917543476169
2022-11-03,2022-09-28,H30035.CSI,沪深300非银行金融指数,7245.802,-0.0150635238858244
2022-11-03,2022-09-29,H30035.CSI,沪深300非银行金融指数,7154.8291,-0.0125552561331375
2022-11-03,2022-09-30,H30035.CSI,沪深300非银行金融指数,7171.0857,0.00227211576583985
2022-11-03,2022-10-10,H30035.CSI,沪深300非银行金融指数,7109.5614,-0.00857949584956152
2022-11-03,2022-10-11,H30035.CSI,沪深300非银行金融指数,7111.6064,0.000287640810022305
2022-11-03,2022-10-12,H30035.CSI,沪深300非银行金融指数,7279.1726,0.0235623557569216
2022-11-03,2022-10-13,H30035.CSI,沪深300非银行金融指数,7230.7285,-0.00665516572584079
2022-11-03,2022-10-14,H30035.CSI,沪深300非银行金融指数,7325.8951,0.0131614124358286
2022-11-03,2022-10-17,H30035.CSI,沪深300非银行金融指数,7362.8516,0.00504463952807632
2022-11-03,2022-10-18,H30035.CSI,沪深300非银行金融指数,7309.4937,-0.00724690689134633
2022-11-03,2022-10-19,H30035.CSI,沪深300非银行金融指数,7217.9434,-0.0125248483352547
2022-11-03,2022-10-20,H30035.CSI,沪深300非银行金融指数,7174.461,-0.00602420905655754
2022-11-03,2022-10-21,H30035.CSI,沪深300非银行金融指数,7158.8824,-0.00217139656902443
2022-11-03,2022-10-24,H30035.CSI,沪深300非银行金融指数,6918.316,-0.0336039044306693
2022-11-03,2022-10-25,H30035.CSI,沪深300非银行金融指数,6815.4204,-0.0148729257235432
2022-11-03,2022-10-26,H30035.CSI,沪深300非银行金融指数,6841.6459,0.00384796512332541
2022-11-03,2022-10-27,H30035.CSI,沪深300非银行金融指数,6875.4167,0.00493606370361843
2022-11-03,2022-10-28,H30035.CSI,沪深300非银行金融指数,6716.911,-0.0230539772229369
2022-11-03,2022-10-31,H30035.CSI,沪深300非银行金融指数,6705.0546,-0.0017651566322674
2022-11-03,2022-11-01,H30035.CSI,沪深300非银行金融指数,6948.5219,0.0363110093093051
2022-11-03,2022-11-02,H30035.CSI,沪深300非银行金融指数,6952.0019,0.000500825938247518
2022-11-03,2022-11-03,H30035.CSI,沪深300非银行金融指数,6890.3648,-0.00886609366433
2022-11-03,2022-08-04,H30184.CSI,中证全指半导体产品与设备指数,6129.7891,0.0218027026794554
2022-11-03,2022-08-05,H30184.CSI,中证全指半导体产品与设备指数,6547.0691,0.0680741202009707
2022-11-03,2022-08-08,H30184.CSI,中证全指半导体产品与设备指数,6532.9828,-0.00215154289420894
2022-11-03,2022-08-09,H30184.CSI,中证全指半导体产品与设备指数,6605.8106,0.0111477103536841
2022-11-03,2022-08-10,H30184.CSI,中证全指半导体产品与设备指数,6552.4316,-0.00808061314988351
2022-11-03,2022-08-11,H30184.CSI,中证全指半导体产品与设备指数,6658.0753,0.0161228237773594
2022-11-03,2022-08-12,H30184.CSI,中证全指半导体产品与设备指数,6489.1605,-0.0253699143354538
2022-11-03,2022-08-15,H30184.CSI,中证全指半导体产品与设备指数,6416.0996,-0.0112589139997386
2022-11-03,2022-08-16,H30184.CSI,中证全指半导体产品与设备指数,6361.4044,-0.00852468063307488
2022-11-03,2022-08-17,H30184.CSI,中证全指半导体产品与设备指数,6375.4413,0.0022065724983622
2022-11-03,2022-08-18,H30184.CSI,中证全指半导体产品与设备指数,6422.227,0.00733842534163087
2022-11-03,2022-08-19,H30184.CSI,中证全指半导体产品与设备指数,6231.9698,-0.0296248014901996
2022-11-03,2022-08-22,H30184.CSI,中证全指半导体产品与设备指数,6232.1019,2.11971502173114e-05
2022-11-03,2022-08-23,H30184.CSI,中证全指半导体产品与设备指数,6189.3957,-0.00685261580848018
2022-11-03,2022-08-24,H30184.CSI,中证全指半导体产品与设备指数,5897.2495,-0.0472010862062027
2022-11-03,2022-08-25,H30184.CSI,中证全指半导体产品与设备指数,5868.4863,-0.00487739241827911
2022-11-03,2022-08-26,H30184.CSI,中证全指半导体产品与设备指数,5771.183,-0.0165806470401063
2022-11-03,2022-08-29,H30184.CSI,中证全指半导体产品与设备指数,5772.7996,0.000280115879188081
2022-11-03,2022-08-30,H30184.CSI,中证全指半导体产品与设备指数,5802.9936,0.00523039116064239
2022-11-03,2022-08-31,H30184.CSI,中证全指半导体产品与设备指数,5757.6066,-0.00782130795388081
2022-11-03,2022-09-01,H30184.CSI,中证全指半导体产品与设备指数,5687.995,-0.0120903710232652
2022-11-03,2022-09-02,H30184.CSI,中证全指半导体产品与设备指数,5773.8208,0.0150889373144667
2022-11-03,2022-09-05,H30184.CSI,中证全指半导体产品与设备指数,5743.0164,-0.00533518463198579
2022-11-03,2022-09-06,H30184.CSI,中证全指半导体产品与设备指数,5783.117,0.00698249790824201
2022-11-03,2022-09-07,H30184.CSI,中证全指半导体产品与设备指数,5937.9353,0.0267707362655814
2022-11-03,2022-09-08,H30184.CSI,中证全指半导体产品与设备指数,5858.3437,-0.0134039183619935
2022-11-03,2022-09-09,H30184.CSI,中证全指半导体产品与设备指数,5829.294,-0.00495868823811074
2022-11-03,2022-09-13,H30184.CSI,中证全指半导体产品与设备指数,5833.307,0.000688419558183107
2022-11-03,2022-09-14,H30184.CSI,中证全指半导体产品与设备指数,5844.2521,0.00187631132734833
2022-11-03,2022-09-15,H30184.CSI,中证全指半导体产品与设备指数,5669.4357,-0.0299125357716857
2022-11-03,2022-09-16,H30184.CSI,中证全指半导体产品与设备指数,5623.9379,-0.00802510203969686
2022-11-03,2022-09-19,H30184.CSI,中证全指半导体产品与设备指数,5520.4288,-0.0184050929865354
2022-11-03,2022-09-20,H30184.CSI,中证全指半导体产品与设备指数,5512.6367,-0.00141150267167645
2022-11-03,2022-09-21,H30184.CSI,中证全指半导体产品与设备指数,5408.7888,-0.0188381541631429
2022-11-03,2022-09-22,H30184.CSI,中证全指半导体产品与设备指数,5390.3603,-0.00340713987575181
2022-11-03,2022-09-23,H30184.CSI,中证全指半导体产品与设备指数,5242.6766,-0.0273977418541022
2022-11-03,2022-09-26,H30184.CSI,中证全指半导体产品与设备指数,5235.0913,-0.0014468372891816
2022-11-03,2022-09-27,H30184.CSI,中证全指半导体产品与设备指数,5355.3516,0.0229719584833219
2022-11-03,2022-09-28,H30184.CSI,中证全指半导体产品与设备指数,5207.5339,-0.0276018665142359
2022-11-03,2022-09-29,H30184.CSI,中证全指半导体产品与设备指数,5200.6972,-0.00131284791060138
2022-11-03,2022-09-30,H30184.CSI,中证全指半导体产品与设备指数,5079.6537,-0.0232744755837736
2022-11-03,2022-10-10,H30184.CSI,中证全指半导体产品与设备指数,4719.1803,-0.0709641682857238
2022-11-03,2022-10-11,H30184.CSI,中证全指半导体产品与设备指数,4632.1363,-0.018444728632216
2022-11-03,2022-10-12,H30184.CSI,中证全指半导体产品与设备指数,4825.504,0.0417448208508027
2022-11-03,2022-10-13,H30184.CSI,中证全指半导体产品与设备指数,4798.9935,-0.00549383028176964
2022-11-03,2022-10-14,H30184.CSI,中证全指半导体产品与设备指数,4908.51,0.0228207227202954
2022-11-03,2022-10-17,H30184.CSI,中证全指半导体产品与设备指数,5019.2164,0.0225539725904602
2022-11-03,2022-10-18,H30184.CSI,中证全指半导体产品与设备指数,4977.9241,-0.00822684194289769
2022-11-03,2022-10-19,H30184.CSI,中证全指半导体产品与设备指数,4948.5947,-0.00589189377154231
2022-11-03,2022-10-20,H30184.CSI,中证全指半导体产品与设备指数,5195.3791,0.0498695922703067
2022-11-03,2022-10-21,H30184.CSI,中证全指半导体产品与设备指数,5112.2032,-0.0160095920623001
2022-11-03,2022-10-24,H30184.CSI,中证全指半导体产品与设备指数,5132.0003,0.00387251821289092
2022-11-03,2022-10-25,H30184.CSI,中证全指半导体产品与设备指数,5089.01,-0.00837690909721878
2022-11-03,2022-10-26,H30184.CSI,中证全指半导体产品与设备指数,5232.86,0.0282667945238857
2022-11-03,2022-10-27,H30184.CSI,中证全指半导体产品与设备指数,5255.2736,0.00428324090459142
2022-11-03,2022-10-28,H30184.CSI,中证全指半导体产品与设备指数,5193.1637,-0.0118185854300716
2022-11-03,2022-10-31,H30184.CSI,中证全指半导体产品与设备指数,5299.0296,0.0203856273585212
2022-11-03,2022-11-01,H30184.CSI,中证全指半导体产品与设备指数,5328.4339,0.00554899712203905
2022-11-03,2022-11-02,H30184.CSI,中证全指半导体产品与设备指数,5351.1427,0.00426181508979595
2022-11-03,2022-11-03,H30184.CSI,中证全指半导体产品与设备指数,5533.2126,0.034024489759916
2022-11-03,2022-08-04,H30202.CSI,中证全指软件指数,13045.3545,0.00710254728106019
2022-11-03,2022-08-05,H30202.CSI,中证全指软件指数,13702.6564,0.0503858979071823
2022-11-03,2022-08-08,H30202.CSI,中证全指软件指数,13746.9992,0.00323607326240771
2022-11-03,2022-08-09,H30202.CSI,中证全指软件指数,13586.7028,-0.0116604647798336
2022-11-03,2022-08-10,H30202.CSI,中证全指软件指数,13384.0263,-0.0149172689638872
2022-11-03,2022-08-11,H30202.CSI,中证全指软件指数,13623.6861,0.0179064053393261
2022-11-03,2022-08-12,H30202.CSI,中证全指软件指数,13539.4789,-0.00618094100098221
2022-11-03,2022-08-15,H30202.CSI,中证全指软件指数,13393.5765,-0.0107760720392275
2022-11-03,2022-08-16,H30202.CSI,中证全指软件指数,13240.5181,-0.0114277467262012
2022-11-03,2022-08-17,H30202.CSI,中证全指软件指数,13355.8718,0.00871217418599368
2022-11-03,2022-08-18,H30202.CSI,中证全指软件指数,13260.6595,-0.00712887196176903
2022-11-03,2022-08-19,H30202.CSI,中证全指软件指数,13010.5349,-0.0188621538770375
2022-11-03,2022-08-22,H30202.CSI,中证全指软件指数,13102.6721,0.00708173804598911
2022-11-03,2022-08-23,H30202.CSI,中证全指软件指数,13181.2407,0.00599637992925128
2022-11-03,2022-08-24,H30202.CSI,中证全指软件指数,12659.3787,-0.0395912654868673
2022-11-03,2022-08-25,H30202.CSI,中证全指软件指数,12624.1204,-0.00278515248145628
2022-11-03,2022-08-26,H30202.CSI,中证全指软件指数,12610.4186,-0.00108536670800441
2022-11-03,2022-08-29,H30202.CSI,中证全指软件指数,12569.8872,-0.00321412010859035
2022-11-03,2022-08-30,H30202.CSI,中证全指软件指数,12680.9634,0.00883669027674339
2022-11-03,2022-08-31,H30202.CSI,中证全指软件指数,12628.0723,-0.00417090550076038
2022-11-03,2022-09-01,H30202.CSI,中证全指软件指数,12699.6483,0.00566800682634683
2022-11-03,2022-09-02,H30202.CSI,中证全指软件指数,12807.5747,0.00849837707710366
2022-11-03,2022-09-05,H30202.CSI,中证全指软件指数,12695.417,-0.00875713807080114
2022-11-03,2022-09-06,H30202.CSI,中证全指软件指数,12753.0292,0.00453803132264197
2022-11-03,2022-09-07,H30202.CSI,中证全指软件指数,12821.5645,0.00537404085924931
2022-11-03,2022-09-08,H30202.CSI,中证全指软件指数,12645.3833,-0.0137410064115031
2022-11-03,2022-09-09,H30202.CSI,中证全指软件指数,12822.1242,0.0139767135409807
2022-11-03,2022-09-13,H30202.CSI,中证全指软件指数,12892.2193,0.00546673069973846
2022-11-03,2022-09-14,H30202.CSI,中证全指软件指数,12926.1747,0.00263379013417797
2022-11-03,2022-09-15,H30202.CSI,中证全指软件指数,12797.0667,-0.00998810576186937
2022-11-03,2022-09-16,H30202.CSI,中证全指软件指数,12765.9329,-0.00243288565496025
2022-11-03,2022-09-19,H30202.CSI,中证全指软件指数,12454.2332,-0.0244165234489051
2022-11-03,2022-09-20,H30202.CSI,中证全指软件指数,12365.5683,-0.00711925805275593
2022-11-03,2022-09-21,H30202.CSI,中证全指软件指数,12367.2911,0.0001393223471986
2022-11-03,2022-09-22,H30202.CSI,中证全指软件指数,12382.4951,0.00122937188726802
2022-11-03,2022-09-23,H30202.CSI,中证全指软件指数,12178.3492,-0.0164866530009771
2022-11-03,2022-09-26,H30202.CSI,中证全指软件指数,11904.0546,-0.0225231347447321
2022-11-03,2022-09-27,H30202.CSI,中证全指软件指数,12206.7656,0.0254292348423872
2022-11-03,2022-09-28,H30202.CSI,中证全指软件指数,11901.2541,-0.0250280467415546
2022-11-03,2022-09-29,H30202.CSI,中证全指软件指数,11902.1233,7.30343199712991e-05
2022-11-03,2022-09-30,H30202.CSI,中证全指软件指数,11762.7498,-0.0117099694304125
2022-11-03,2022-10-10,H30202.CSI,中证全指软件指数,11493.5674,-0.0228843089053887
2022-11-03,2022-10-11,H30202.CSI,中证全指软件指数,11443.0872,-0.00439203932453558
2022-11-03,2022-10-12,H30202.CSI,中证全指软件指数,11965.6512,0.0456663478016668
2022-11-03,2022-10-13,H30202.CSI,中证全指软件指数,12292.5007,0.0273156466402764
2022-11-03,2022-10-14,H30202.CSI,中证全指软件指数,12547.7171,0.0207619593627519
2022-11-03,2022-10-17,H30202.CSI,中证全指软件指数,12857.1314,0.0246590114786698
2022-11-03,2022-10-18,H30202.CSI,中证全指软件指数,12706.3721,-0.0117257337822649
2022-11-03,2022-10-19,H30202.CSI,中证全指软件指数,12652.3142,-0.00425439295926178
2022-11-03,2022-10-20,H30202.CSI,中证全指软件指数,12780.412,0.0101244561251885
2022-11-03,2022-10-21,H30202.CSI,中证全指软件指数,12977.5366,0.0154239628581614
2022-11-03,2022-10-24,H30202.CSI,中证全指软件指数,13063.9148,0.00665597814611441
2022-11-03,2022-10-25,H30202.CSI,中证全指软件指数,12749.4466,-0.024071513387396
2022-11-03,2022-10-26,H30202.CSI,中证全指软件指数,13458.0089,0.0555759259386208
2022-11-03,2022-10-27,H30202.CSI,中证全指软件指数,13734.913,0.0205754136482998
2022-11-03,2022-10-28,H30202.CSI,中证全指软件指数,13485.7449,-0.0181412215716256
2022-11-03,2022-10-31,H30202.CSI,中证全指软件指数,14070.8914,0.0433900021347728
2022-11-03,2022-11-01,H30202.CSI,中证全指软件指数,14224.8913,0.0109445731348619
2022-11-03,2022-11-02,H30202.CSI,中证全指软件指数,14275.5721,0.00356282511628048
2022-11-03,2022-11-03,H30202.CSI,中证全指软件指数,13849.5462,-0.0298430001274694
2022-11-03,2022-08-04,H30217.CSI,中证全指医疗器械指数,13410.6111,0.00785129987278199
2022-11-03,2022-08-05,H30217.CSI,中证全指医疗器械指数,13751.7371,0.0254370212853312
2022-11-03,2022-08-08,H30217.CSI,中证全指医疗器械指数,13734.1319,-0.00128021644625531
2022-11-03,2022-08-09,H30217.CSI,中证全指医疗器械指数,13680.4233,-0.00391059299496022
2022-11-03,2022-08-10,H30217.CSI,中证全指医疗器械指数,13556.993,-0.00902240356846273
2022-11-03,2022-08-11,H30217.CSI,中证全指医疗器械指数,13890.1812,0.0245768512235716
2022-11-03,2022-08-12,H30217.CSI,中证全指医疗器械指数,13874.6218,-0.00112017257197483
2022-11-03,2022-08-15,H30217.CSI,中证全指医疗器械指数,13714.6938,-0.0115266565320001
2022-11-03,2022-08-16,H30217.CSI,中证全指医疗器械指数,13684.3873,-0.00220978320347176
2022-11-03,2022-08-17,H30217.CSI,中证全指医疗器械指数,13749.7686,0.00477780251074877
2022-11-03,2022-08-18,H30217.CSI,中证全指医疗器械指数,13590.5347,-0.0115808421677729
2022-11-03,2022-08-19,H30217.CSI,中证全指医疗器械指数,13490.6952,-0.0073462525355974
2022-11-03,2022-08-22,H30217.CSI,中证全指医疗器械指数,13585.9751,0.00706263825455045
2022-11-03,2022-08-23,H30217.CSI,中证全指医疗器械指数,13435.2157,-0.0110966933834583
2022-11-03,2022-08-24,H30217.CSI,中证全指医疗器械指数,13169.3213,-0.0197908545673741
2022-11-03,2022-08-25,H30217.CSI,中证全指医疗器械指数,13274.0046,0.00794902771489081
2022-11-03,2022-08-26,H30217.CSI,中证全指医疗器械指数,13258.3461,-0.0011796364753407
2022-11-03,2022-08-29,H30217.CSI,中证全指医疗器械指数,13284.3301,0.00195982212291157
2022-11-03,2022-08-30,H30217.CSI,中证全指医疗器械指数,13342.9329,0.00441142304947695
2022-11-03,2022-08-31,H30217.CSI,中证全指医疗器械指数,13322.0744,-0.0015632620021645
2022-11-03,2022-09-01,H30217.CSI,中证全指医疗器械指数,13374.3385,0.00392312026121089
2022-11-03,2022-09-02,H30217.CSI,中证全指医疗器械指数,13388.2661,0.00104136739174066
2022-11-03,2022-09-05,H30217.CSI,中证全指医疗器械指数,13386.0548,-0.000165167018901791
2022-11-03,2022-09-06,H30217.CSI,中证全指医疗器械指数,13301.3239,-0.00632978881873403
2022-11-03,2022-09-07,H30217.CSI,中证全指医疗器械指数,13242.5164,-0.00442117645146578
2022-11-03,2022-09-08,H30217.CSI,中证全指医疗器械指数,13168.1934,-0.00561245293228407
2022-11-03,2022-09-09,H30217.CSI,中证全指医疗器械指数,13442.6633,0.0208433983054956
2022-11-03,2022-09-13,H30217.CSI,中证全指医疗器械指数,13451.1299,0.00062983054853416
2022-11-03,2022-09-14,H30217.CSI,中证全指医疗器械指数,13401.925,-0.00365804957396187
2022-11-03,2022-09-15,H30217.CSI,中证全指医疗器械指数,13190.273,-0.0157926566519362
2022-11-03,2022-09-16,H30217.CSI,中证全指医疗器械指数,12943.2701,-0.0187261400882301
2022-11-03,2022-09-19,H30217.CSI,中证全指医疗器械指数,12678.8923,-0.0204258891267363
2022-11-03,2022-09-20,H30217.CSI,中证全指医疗器械指数,12633.5799,-0.0035738453271662
2022-11-03,2022-09-21,H30217.CSI,中证全指医疗器械指数,12318.5132,-0.0249388298877977
2022-11-03,2022-09-22,H30217.CSI,中证全指医疗器械指数,12165.3942,-0.0124299903335736
2022-11-03,2022-09-23,H30217.CSI,中证全指医疗器械指数,11948.9745,-0.0177897811153542
2022-11-03,2022-09-26,H30217.CSI,中证全指医疗器械指数,11957.1206,0.00068174051254366
2022-11-03,2022-09-27,H30217.CSI,中证全指医疗器械指数,12626.4864,0.0559805175838068
2022-11-03,2022-09-28,H30217.CSI,中证全指医疗器械指数,12641.2393,0.00116840897242798
2022-11-03,2022-09-29,H30217.CSI,中证全指医疗器械指数,12977.5907,0.0266074703609165
2022-11-03,2022-09-30,H30217.CSI,中证全指医疗器械指数,12969.7135,-0.000606984777228425
2022-11-03,2022-10-10,H30217.CSI,中证全指医疗器械指数,12811.4698,-0.0122010173933293
2022-11-03,2022-10-11,H30217.CSI,中证全指医疗器械指数,12666.8037,-0.0112919206194437
2022-11-03,2022-10-12,H30217.CSI,中证全指医疗器械指数,12705.4917,0.00305428274695685
2022-11-03,2022-10-13,H30217.CSI,中证全指医疗器械指数,13006.06,0.0236565657667542
2022-11-03,2022-10-14,H30217.CSI,中证全指医疗器械指数,14211.9124,0.0927146576288285
2022-11-03,2022-10-17,H30217.CSI,中证全指医疗器械指数,14406.8838,0.0137188715010657
2022-11-03,2022-10-18,H30217.CSI,中证全指医疗器械指数,14634.7534,0.0158167167281518
2022-11-03,2022-10-19,H30217.CSI,中证全指医疗器械指数,14398.9427,-0.0161130627592263
2022-11-03,2022-10-20,H30217.CSI,中证全指医疗器械指数,14517.7733,0.00825273094530754
2022-11-03,2022-10-21,H30217.CSI,中证全指医疗器械指数,14592.551,0.00515076922987889
2022-11-03,2022-10-24,H30217.CSI,中证全指医疗器械指数,14260.4453,-0.0227585773042699
2022-11-03,2022-10-25,H30217.CSI,中证全指医疗器械指数,13850.252,-0.0287644103231474
2022-11-03,2022-10-26,H30217.CSI,中证全指医疗器械指数,14435.1762,0.042232025814404
2022-11-03,2022-10-27,H30217.CSI,中证全指医疗器械指数,14269.6979,-0.0114635455575527
2022-11-03,2022-10-28,H30217.CSI,中证全指医疗器械指数,13900.3239,-0.0258852011155751
2022-11-03,2022-10-31,H30217.CSI,中证全指医疗器械指数,13903.0671,0.000197347919353108
2022-11-03,2022-11-01,H30217.CSI,中证全指医疗器械指数,14024.1165,0.00870666876088078
2022-11-03,2022-11-02,H30217.CSI,中证全指医疗器械指数,14274.2608,0.0178367243312618
2022-11-03,2022-11-03,H30217.CSI,中证全指医疗器械指数,14264.9046,-0.000655459510729983
2022-11-03,2022-08-04,SPCLLHCP.GI,标普中国A股大盘红利低波50指数,2622.71,0.00631944870771695
2022-11-03,2022-08-05,SPCLLHCP.GI,标普中国A股大盘红利低波50指数,2639.29,0.00632170541157806
2022-11-03,2022-08-08,SPCLLHCP.GI,标普中国A股大盘红利低波50指数,2639.47,6.82001598915072e-05
2022-11-03,2022-08-09,SPCLLHCP.GI,标普中国A股大盘红利低波50指数,2637.72,-0.000663011892539034
2022-11-03,2022-08-10,SPCLLHCP.GI,标普中国A股大盘红利低波50指数,2629.58,-0.00308599851386804
2022-11-03,2022-08-11,SPCLLHCP.GI,标普中国A股大盘红利低波50指数,2663.91,0.0130553168186553
2022-11-03,2022-08-12,SPCLLHCP.GI,标普中国A股大盘红利低波50指数,2675.56,0.00437327086876071
2022-11-03,2022-08-15,SPCLLHCP.GI,标普中国A股大盘红利低波50指数,2661.14,-0.00538952593102004
2022-11-03,2022-08-16,SPCLLHCP.GI,标普中国A股大盘红利低波50指数,2659.51,-0.000612519446552828
2022-11-03,2022-08-17,SPCLLHCP.GI,标普中国A股大盘红利低波50指数,2676.19,0.00627183202920834
2022-11-03,2022-08-18,SPCLLHCP.GI,标普中国A股大盘红利低波50指数,2649.43,-0.00999929003546096
2022-11-03,2022-08-19,SPCLLHCP.GI,标普中国A股大盘红利低波50指数,2659.73,0.00388762865974956
2022-11-03,2022-08-22,SPCLLHCP.GI,标普中国A股大盘红利低波50指数,2671.62,0.00447037857226107
2022-11-03,2022-08-23,SPCLLHCP.GI,标普中国A股大盘红利低波50指数,2661.41,-0.00382165128274237
2022-11-03,2022-08-24,SPCLLHCP.GI,标普中国A股大盘红利低波50指数,2640.75,-0.00776280242427885
2022-11-03,2022-08-25,SPCLLHCP.GI,标普中国A股大盘红利低波50指数,2671.85,0.0117769573037962
2022-11-03,2022-08-26,SPCLLHCP.GI,标普中国A股大盘红利低波50指数,2665.18,-0.00249639762711229
2022-11-03,2022-08-29,SPCLLHCP.GI,标普中国A股大盘红利低波50指数,2666.77,0.000596582594796669
2022-11-03,2022-08-30,SPCLLHCP.GI,标普中国A股大盘红利低波50指数,2678.99,0.00458232243500567
2022-11-03,2022-08-31,SPCLLHCP.GI,标普中国A股大盘红利低波50指数,2686.45,0.00278463152158093
2022-11-03,2022-09-01,SPCLLHCP.GI,标普中国A股大盘红利低波50指数,2684.57,-0.00069980829719507
2022-11-03,2022-09-02,SPCLLHCP.GI,标普中国A股大盘红利低波50指数,2687.82,0.00121062218530343
2022-11-03,2022-09-05,SPCLLHCP.GI,标普中国A股大盘红利低波50指数,2708.72,0.00777581832116714
2022-11-03,2022-09-06,SPCLLHCP.GI,标普中国A股大盘红利低波50指数,2723.64,0.0055081366844858
2022-11-03,2022-09-07,SPCLLHCP.GI,标普中国A股大盘红利低波50指数,2713.49,-0.00372663053854405
2022-11-03,2022-09-08,SPCLLHCP.GI,标普中国A股大盘红利低波50指数,2717.89,0.00162152799531223
2022-11-03,2022-09-09,SPCLLHCP.GI,标普中国A股大盘红利低波50指数,2744.05,0.0096251135991523
2022-11-03,2022-09-13,SPCLLHCP.GI,标普中国A股大盘红利低波50指数,2743.32,-0.000266030137934803
2022-11-03,2022-09-14,SPCLLHCP.GI,标普中国A股大盘红利低波50指数,2721.56,-0.00793199480920936
2022-11-03,2022-09-15,SPCLLHCP.GI,标普中国A股大盘红利低波50指数,2730.47,0.00327385764047095
2022-11-03,2022-09-16,SPCLLHCP.GI,标普中国A股大盘红利低波50指数,2663.17,-0.0246477712628228
2022-11-03,2022-09-19,SPCLLHCP.GI,标普中国A股大盘红利低波50指数,2657.05,-0.00229801326990009
2022-11-03,2022-09-20,SPCLLHCP.GI,标普中国A股大盘红利低波50指数,2645.63,-0.00429799966127853
2022-11-03,2022-09-21,SPCLLHCP.GI,标普中国A股大盘红利低波50指数,2663.9,0.00690572755827534
2022-11-03,2022-09-22,SPCLLHCP.GI,标普中国A股大盘红利低波50指数,2652.49,-0.00428319381358166
2022-11-03,2022-09-23,SPCLLHCP.GI,标普中国A股大盘红利低波50指数,2658.53,0.00227710566298089
2022-11-03,2022-09-26,SPCLLHCP.GI,标普中国A股大盘红利低波50指数,2604.03,-0.0205000507799423
2022-11-03,2022-09-27,SPCLLHCP.GI,标普中国A股大盘红利低波50指数,2623.67,0.00754215581233697
2022-11-03,2022-09-28,SPCLLHCP.GI,标普中国A股大盘红利低波50指数,2604.91,-0.00715028948000329
2022-11-03,2022-09-29,SPCLLHCP.GI,标普中国A股大盘红利低波50指数,2582.02,-0.00878725176685557
2022-11-03,2022-09-30,SPCLLHCP.GI,标普中国A股大盘红利低波50指数,2598.7,0.00646005840388519
2022-11-03,2022-10-10,SPCLLHCP.GI,标普中国A股大盘红利低波50指数,2597.21,-0.000573363604879251
2022-11-03,2022-10-11,SPCLLHCP.GI,标普中国A股大盘红利低波50指数,2595.89,-0.00050823768582442
2022-11-03,2022-10-12,SPCLLHCP.GI,标普中国A股大盘红利低波50指数,2624.44,0.0109981547754336
2022-11-03,2022-10-13,SPCLLHCP.GI,标普中国A股大盘红利低波50指数,2607.46,-0.00646995168493092
2022-11-03,2022-10-14,SPCLLHCP.GI,标普中国A股大盘红利低波50指数,2630.42,0.00880550420715953
2022-11-03,2022-10-17,SPCLLHCP.GI,标普中国A股大盘红利低波50指数,2635.87,0.00207191247025174
2022-11-03,2022-10-18,SPCLLHCP.GI,标普中国A股大盘红利低波50指数,2635.61,-9.86391589872238e-05
2022-11-03,2022-10-19,SPCLLHCP.GI,标普中国A股大盘红利低波50指数,2612.09,-0.00892393032353045
2022-11-03,2022-10-20,SPCLLHCP.GI,标普中国A股大盘红利低波50指数,2600.31,-0.00450979866696788
2022-11-03,2022-10-21,SPCLLHCP.GI,标普中国A股大盘红利低波50指数,2608.05,0.00297656817840952
2022-11-03,2022-10-24,SPCLLHCP.GI,标普中国A股大盘红利低波50指数,2563.33,-0.0171469105270222
2022-11-03,2022-10-25,SPCLLHCP.GI,标普中国A股大盘红利低波50指数,2555.84,-0.0029219803926922
2022-11-03,2022-10-26,SPCLLHCP.GI,标普中国A股大盘红利低波50指数,2557.33,0.000582978590208949
2022-11-03,2022-10-27,SPCLLHCP.GI,标普中国A股大盘红利低波50指数,2569.35,0.00470021467702653
2022-11-03,2022-10-28,SPCLLHCP.GI,标普中国A股大盘红利低波50指数,2527.63,-0.0162375698133769
2022-11-03,2022-10-31,SPCLLHCP.GI,标普中国A股大盘红利低波50指数,2492.37,-0.0139498265173306
2022-11-03,2022-11-01,SPCLLHCP.GI,标普中国A股大盘红利低波50指数,2531.24,0.0155955977643769
2022-11-03,2022-11-02,SPCLLHCP.GI,标普中国A股大盘红利低波50指数,2542.17,0.0043180417502886
2022-11-03,2022-11-03,SPCLLHCP.GI,标普中国A股大盘红利低波50指数,2531.06,-0.00437028208184354
