月末交易日,收益日期,对标指数代码,对标指数,收盘价,日收益率
2025-07-03,2025-04-07,000001.SH,上证综合指数,3096.5762,-0.0734383406716868
2025-07-03,2025-04-08,000001.SH,上证综合指数,3145.5491,0.0158151767749168
2025-07-03,2025-04-09,000001.SH,上证综合指数,3186.8099,0.0131172010635598
2025-07-03,2025-04-10,000001.SH,上证综合指数,3223.6379,0.0115563843328088
2025-07-03,2025-04-11,000001.SH,上证综合指数,3238.2268,0.00452560134002633
2025-07-03,2025-04-14,000001.SH,上证综合指数,3262.8075,0.00759079012007424
2025-07-03,2025-04-15,000001.SH,上证综合指数,3267.6623,0.00148792106184636
2025-07-03,2025-04-16,000001.SH,上证综合指数,3276.0039,0.00255277297167456
2025-07-03,2025-04-17,000001.SH,上证综合指数,3280.3412,0.00132396057281858
2025-07-03,2025-04-18,000001.SH,上证综合指数,3276.7304,-0.00110073915481712
2025-07-03,2025-04-21,000001.SH,上证综合指数,3291.4341,0.00448730844624867
2025-07-03,2025-04-22,000001.SH,上证综合指数,3299.7571,0.00252868498871051
2025-07-03,2025-04-23,000001.SH,上证综合指数,3296.3552,-0.00103095467239078
2025-07-03,2025-04-24,000001.SH,上证综合指数,3297.2881,0.00028300954945637
2025-07-03,2025-04-25,000001.SH,上证综合指数,3295.06,-0.000675737130765186
2025-07-03,2025-04-28,000001.SH,上证综合指数,3288.4147,-0.00201674628079618
2025-07-03,2025-04-29,000001.SH,上证综合指数,3286.6548,-0.000535181891748615
2025-07-03,2025-04-30,000001.SH,上证综合指数,3279.0314,-0.00231950127527847
2025-07-03,2025-05-06,000001.SH,上证综合指数,3316.1135,0.0113088578535723
2025-07-03,2025-05-07,000001.SH,上证综合指数,3342.6651,0.00800684295033927
2025-07-03,2025-05-08,000001.SH,上证综合指数,3351.9958,0.00279139540482243
2025-07-03,2025-05-09,000001.SH,上证综合指数,3341.9989,-0.00298237247194644
2025-07-03,2025-05-12,000001.SH,上证综合指数,3369.2445,0.0081524862261324
2025-07-03,2025-05-13,000001.SH,上证综合指数,3374.8707,0.00166986990703699
2025-07-03,2025-05-14,000001.SH,上证综合指数,3403.9481,0.00861585600894288
2025-07-03,2025-05-15,000001.SH,上证综合指数,3380.8214,-0.00679408126110981
2025-07-03,2025-05-16,000001.SH,上证综合指数,3367.4619,-0.00395155449501117
2025-07-03,2025-05-19,000001.SH,上证综合指数,3367.5829,3.59321066112361e-05
2025-07-03,2025-05-20,000001.SH,上证综合指数,3380.478,0.00382918561559387
2025-07-03,2025-05-21,000001.SH,上证综合指数,3387.5736,0.00209899310097561
2025-07-03,2025-05-22,000001.SH,上证综合指数,3380.1885,-0.00218005595509418
2025-07-03,2025-05-23,000001.SH,上证综合指数,3348.3717,-0.0094127294971863
2025-07-03,2025-05-26,000001.SH,上证综合指数,3346.8388,-0.000457804609924284
2025-07-03,2025-05-27,000001.SH,上证综合指数,3340.687,-0.00183809271005231
2025-07-03,2025-05-28,000001.SH,上证综合指数,3339.9319,-0.000226031352233758
2025-07-03,2025-05-29,000001.SH,上证综合指数,3363.4455,0.0070401435430465
2025-07-03,2025-05-30,000001.SH,上证综合指数,3347.4873,-0.0047445989536623
2025-07-03,2025-06-03,000001.SH,上证综合指数,3361.9755,0.0043280821408942
2025-07-03,2025-06-04,000001.SH,上证综合指数,3376.2029,0.00423185713280794
2025-07-03,2025-06-05,000001.SH,上证综合指数,3384.0985,0.0023386035240951
2025-07-03,2025-06-06,000001.SH,上证综合指数,3385.3579,0.000372152288120375
2025-07-03,2025-06-09,000001.SH,上证综合指数,3399.7716,0.00425765913849174
2025-07-03,2025-06-10,000001.SH,上证综合指数,3384.8163,-0.00439891315051877
2025-07-03,2025-06-11,000001.SH,上证综合指数,3402.3159,0.00517002946363743
2025-07-03,2025-06-12,000001.SH,上证综合指数,3402.658,0.000100549158295271
2025-07-03,2025-06-13,000001.SH,上证综合指数,3376.996,-0.0075417511839273
2025-07-03,2025-06-16,000001.SH,上证综合指数,3388.7293,0.00347447850101101
2025-07-03,2025-06-17,000001.SH,上证综合指数,3387.4049,-0.000390824962029246
2025-07-03,2025-06-18,000001.SH,上证综合指数,3388.8086,0.000414388017210499
2025-07-03,2025-06-19,000001.SH,上证综合指数,3362.1082,-0.00787899322493446
2025-07-03,2025-06-20,000001.SH,上证综合指数,3359.8954,-0.000658158473305637
2025-07-03,2025-06-23,000001.SH,上证综合指数,3381.5816,0.00645442712293964
2025-07-03,2025-06-24,000001.SH,上证综合指数,3420.566,0.0115284516570588
2025-07-03,2025-06-25,000001.SH,上证综合指数,3455.9736,0.0103513862910407
2025-07-03,2025-06-26,000001.SH,上证综合指数,3448.4534,-0.00217600041852173
2025-07-03,2025-06-27,000001.SH,上证综合指数,3424.2267,-0.00702538129121877
2025-07-03,2025-06-30,000001.SH,上证综合指数,3444.4256,0.00589882089290406
2025-07-03,2025-07-01,000001.SH,上证综合指数,3457.7474,0.00386764051457522
2025-07-03,2025-07-02,000001.SH,上证综合指数,3454.7924,-0.000854602623661993
2025-07-03,2025-07-03,000001.SH,上证综合指数,3461.1506,0.001840400019405
2025-07-03,2025-04-07,000010.SH,上证180指数,7948.1454,-0.0638506707538001
2025-07-03,2025-04-08,000010.SH,上证180指数,8115.6016,0.0210685878997634
2025-07-03,2025-04-09,000010.SH,上证180指数,8245.2627,0.0159767699784572
2025-07-03,2025-04-10,000010.SH,上证180指数,8318.1487,0.00883974260759457
2025-07-03,2025-04-11,000010.SH,上证180指数,8331.9641,0.00166087437220241
2025-07-03,2025-04-14,000010.SH,上证180指数,8359.1656,0.00326471641902559
2025-07-03,2025-04-15,000010.SH,上证180指数,8351.8,-0.000881140576997397
2025-07-03,2025-04-16,000010.SH,上证180指数,8426.3939,0.00893147584951737
2025-07-03,2025-04-17,000010.SH,上证180指数,8425.1506,-0.00014754828871677
2025-07-03,2025-04-18,000010.SH,上证180指数,8400.6014,-0.00291379954679993
2025-07-03,2025-04-21,000010.SH,上证180指数,8427.8997,0.0032495649656703
2025-07-03,2025-04-22,000010.SH,上证180指数,8430.8655,0.000351902621717137
2025-07-03,2025-04-23,000010.SH,上证180指数,8412.8998,-0.00213094373288258
2025-07-03,2025-04-24,000010.SH,上证180指数,8405.256,-0.000908580891454291
2025-07-03,2025-04-25,000010.SH,上证180指数,8406.2984,0.000124017638487128
2025-07-03,2025-04-28,000010.SH,上证180指数,8405.4909,-9.60589264829004e-05
2025-07-03,2025-04-29,000010.SH,上证180指数,8405.6003,1.30153016999479e-05
2025-07-03,2025-04-30,000010.SH,上证180指数,8390.9703,-0.00174050626699429
2025-07-03,2025-05-06,000010.SH,上证180指数,8471.3394,0.00957804605743862
2025-07-03,2025-05-07,000010.SH,上证180指数,8534.6414,0.00747249012358076
2025-07-03,2025-05-08,000010.SH,上证180指数,8546.1983,0.00135411664747864
2025-07-03,2025-05-09,000010.SH,上证180指数,8525.6669,-0.0024024015450238
2025-07-03,2025-05-12,000010.SH,上证180指数,8597.1114,0.00837993095883194
2025-07-03,2025-05-13,000010.SH,上证180指数,8607.7923,0.00124238241230645
2025-07-03,2025-05-14,000010.SH,上证180指数,8709.7218,0.011841538044546
2025-07-03,2025-05-15,000010.SH,上证180指数,8647.1503,-0.00718409857821178
2025-07-03,2025-05-16,000010.SH,上证180指数,8606.4601,-0.00470561960742133
2025-07-03,2025-05-19,000010.SH,上证180指数,8581.2025,-0.00293472574165543
2025-07-03,2025-05-20,000010.SH,上证180指数,8615.3871,0.00398366079812251
2025-07-03,2025-05-21,000010.SH,上证180指数,8648.1546,0.00380336943884974
2025-07-03,2025-05-22,000010.SH,上证180指数,8649.2029,0.000121216611923325
2025-07-03,2025-05-23,000010.SH,上证180指数,8583.0362,-0.00765003443265277
2025-07-03,2025-05-26,000010.SH,上证180指数,8552.6417,-0.00354122938453882
2025-07-03,2025-05-27,000010.SH,上证180指数,8505.4781,-0.00551450670498677
2025-07-03,2025-05-28,000010.SH,上证180指数,8494.0724,-0.00134098281906114
2025-07-03,2025-05-29,000010.SH,上证180指数,8544.5468,0.00594230866221501
2025-07-03,2025-05-30,000010.SH,上证180指数,8511.0736,-0.00391749273349407
2025-07-03,2025-06-03,000010.SH,上证180指数,8535.4435,0.00286331679707241
2025-07-03,2025-06-04,000010.SH,上证180指数,8558.8814,0.00274594987360643
2025-07-03,2025-06-05,000010.SH,上证180指数,8572.0928,0.00154358956300071
2025-07-03,2025-06-06,000010.SH,上证180指数,8572.9572,0.000100838852327811
2025-07-03,2025-06-09,000010.SH,上证180指数,8596.7791,0.00277872610865226
2025-07-03,2025-06-10,000010.SH,上证180指数,8562.2387,-0.00401783035230019
2025-07-03,2025-06-11,000010.SH,上证180指数,8610.7038,0.00566033039933811
2025-07-03,2025-06-12,000010.SH,上证180指数,8616.1688,0.000634675181835798
2025-07-03,2025-06-13,000010.SH,上证180指数,8575.555,-0.00471367274048751
2025-07-03,2025-06-16,000010.SH,上证180指数,8592.5008,0.00197605869241113
2025-07-03,2025-06-17,000010.SH,上证180指数,8574.445,-0.00210134399987483
2025-07-03,2025-06-18,000010.SH,上证180指数,8573.4573,-0.000115191128988501
2025-07-03,2025-06-19,000010.SH,上证180指数,8506.973,-0.00775466625348442
2025-07-03,2025-06-20,000010.SH,上证180指数,8515.2566,0.000973742364058339
2025-07-03,2025-06-23,000010.SH,上证180指数,8542.2379,0.0031685833166788
2025-07-03,2025-06-24,000010.SH,上证180指数,8629.7013,0.0102389328211054
2025-07-03,2025-06-25,000010.SH,上证180指数,8729.564,0.0115719764251863
2025-07-03,2025-06-26,000010.SH,上证180指数,8704.9784,-0.00281636058799728
2025-07-03,2025-06-27,000010.SH,上证180指数,8644.4211,-0.00695662840472988
2025-07-03,2025-06-30,000010.SH,上证180指数,8682.8622,0.00444692589073425
2025-07-03,2025-07-01,000010.SH,上证180指数,8693.6088,0.00123767943708697
2025-07-03,2025-07-02,000010.SH,上证180指数,8706.328,0.00146305179961614
2025-07-03,2025-07-03,000010.SH,上证180指数,8725.3568,0.00218562865998151
2025-07-03,2025-04-07,000015.SH,上证红利指数,2911.8362,-0.0628689396763252
2025-07-03,2025-04-08,000015.SH,上证红利指数,2995.1328,0.0286062107477061
2025-07-03,2025-04-09,000015.SH,上证红利指数,3002.1345,0.00233769267259221
2025-07-03,2025-04-10,000015.SH,上证红利指数,3028.3606,0.00873581779896937
2025-07-03,2025-04-11,000015.SH,上证红利指数,3008.3949,-0.00659290706661553
2025-07-03,2025-04-14,000015.SH,上证红利指数,3042.597,0.011368886445061
2025-07-03,2025-04-15,000015.SH,上证红利指数,3056.2199,0.00447739217517129
2025-07-03,2025-04-16,000015.SH,上证红利指数,3076.1626,0.00652528307927058
2025-07-03,2025-04-17,000015.SH,上证红利指数,3067.4098,-0.00284536324575302
2025-07-03,2025-04-18,000015.SH,上证红利指数,3064.4505,-0.000964755345047141
2025-07-03,2025-04-21,000015.SH,上证红利指数,3055.56,-0.00290117265721868
2025-07-03,2025-04-22,000015.SH,上证红利指数,3065.8242,0.00335918784118139
2025-07-03,2025-04-23,000015.SH,上证红利指数,3047.4309,-0.00599946337431878
2025-07-03,2025-04-24,000015.SH,上证红利指数,3065.046,0.005780311540452
2025-07-03,2025-04-25,000015.SH,上证红利指数,3058.8785,-0.00201220471079389
2025-07-03,2025-04-28,000015.SH,上证红利指数,3059.5111,0.000206807821886423
2025-07-03,2025-04-29,000015.SH,上证红利指数,3047.8023,-0.00382701667596508
2025-07-03,2025-04-30,000015.SH,上证红利指数,3021.2935,-0.00869767701139923
2025-07-03,2025-05-06,000015.SH,上证红利指数,3018.4898,-0.000927980019154173
2025-07-03,2025-05-07,000015.SH,上证红利指数,3039.5266,0.00696931293257985
2025-07-03,2025-05-08,000015.SH,上证红利指数,3033.7456,-0.00190194091408835
2025-07-03,2025-05-09,000015.SH,上证红利指数,3052.1951,0.00608142620791918
2025-07-03,2025-05-12,000015.SH,上证红利指数,3063.2699,0.00362847053912119
2025-07-03,2025-05-13,000015.SH,上证红利指数,3087.0766,0.00777166256228345
2025-07-03,2025-05-14,000015.SH,上证红利指数,3113.7405,0.00863726543099053
2025-07-03,2025-05-15,000015.SH,上证红利指数,3101.7151,-0.00386204309575577
2025-07-03,2025-05-16,000015.SH,上证红利指数,3082.007,-0.00635393624643343
2025-07-03,2025-05-19,000015.SH,上证红利指数,3093.0386,0.00357935591969771
2025-07-03,2025-05-20,000015.SH,上证红利指数,3097.9652,0.00159280262457773
2025-07-03,2025-05-21,000015.SH,上证红利指数,3126.657,0.00926149848293978
2025-07-03,2025-05-22,000015.SH,上证红利指数,3130.2046,0.00113463037359063
2025-07-03,2025-05-23,000015.SH,上证红利指数,3094.2603,-0.011483051299586
2025-07-03,2025-05-26,000015.SH,上证红利指数,3077.6507,-0.00536787418951135
2025-07-03,2025-05-27,000015.SH,上证红利指数,3066.2853,-0.0036928817165639
2025-07-03,2025-05-28,000015.SH,上证红利指数,3074.8522,0.00279390179380878
2025-07-03,2025-05-29,000015.SH,上证红利指数,3077.5438,0.000875359147343824
2025-07-03,2025-05-30,000015.SH,上证红利指数,3082.4484,0.00159367350027662
2025-07-03,2025-06-03,000015.SH,上证红利指数,3101.8022,0.00627871013185488
2025-07-03,2025-06-04,000015.SH,上证红利指数,3105.6682,0.00124637218969026
2025-07-03,2025-06-05,000015.SH,上证红利指数,3084.4365,-0.00683643539255108
2025-07-03,2025-06-06,000015.SH,上证红利指数,3084.8884,0.00014650974335173
2025-07-03,2025-06-09,000015.SH,上证红利指数,3086.4882,0.000518592504026971
2025-07-03,2025-06-10,000015.SH,上证红利指数,3089.1588,0.000865255211408344
2025-07-03,2025-06-11,000015.SH,上证红利指数,3096.7291,0.00245060240995043
2025-07-03,2025-06-12,000015.SH,上证红利指数,3093.5499,-0.0010266316159202
2025-07-03,2025-06-13,000015.SH,上证红利指数,3068.8961,-0.00796942050296334
2025-07-03,2025-06-16,000015.SH,上证红利指数,3077.6648,0.00285728148307141
2025-07-03,2025-06-17,000015.SH,上证红利指数,3079.4178,0.000569587695190332
2025-07-03,2025-06-18,000015.SH,上证红利指数,3080.0126,0.000193153394125289
2025-07-03,2025-06-19,000015.SH,上证红利指数,3066.5009,-0.00438689763801614
2025-07-03,2025-06-20,000015.SH,上证红利指数,3076.166,0.00315183341377789
2025-07-03,2025-06-23,000015.SH,上证红利指数,3083.8518,0.0024984997558648
2025-07-03,2025-06-24,000015.SH,上证红利指数,3088.4549,0.0014926463068039
2025-07-03,2025-06-25,000015.SH,上证红利指数,3091.8681,0.00110514807906048
2025-07-03,2025-06-26,000015.SH,上证红利指数,3094.0723,0.000712902338880328
2025-07-03,2025-06-27,000015.SH,上证红利指数,3060.4317,-0.0108725966099757
2025-07-03,2025-06-30,000015.SH,上证红利指数,3058.1139,-0.000757344135469573
2025-07-03,2025-07-01,000015.SH,上证红利指数,3083.6381,0.00834638631347251
2025-07-03,2025-07-02,000015.SH,上证红利指数,3107.75,0.00781930279042786
2025-07-03,2025-07-03,000015.SH,上证红利指数,3103.7504,-0.00128697610811679
2025-07-03,2025-04-07,000016.SH,上证50指数,2516.9653,-0.0545729288908091
2025-07-03,2025-04-08,000016.SH,上证50指数,2574.3529,0.0228003143309128
2025-07-03,2025-04-09,000016.SH,上证50指数,2597.1016,0.00883666726500487
2025-07-03,2025-04-10,000016.SH,上证50指数,2612.619,0.00597489139431451
2025-07-03,2025-04-11,000016.SH,上证50指数,2619.5762,0.00266292176547744
2025-07-03,2025-04-14,000016.SH,上证50指数,2628.206,0.00329434967381381
2025-07-03,2025-04-15,000016.SH,上证50指数,2634.5926,0.00243002260857783
2025-07-03,2025-04-16,000016.SH,上证50指数,2658.4955,0.00907271203904547
2025-07-03,2025-04-17,000016.SH,上证50指数,2659.8958,0.00052672648872254
2025-07-03,2025-04-18,000016.SH,上证50指数,2657.6367,-0.000849318984600722
2025-07-03,2025-04-21,000016.SH,上证50指数,2652.8103,-0.00181604957517323
2025-07-03,2025-04-22,000016.SH,上证50指数,2656.5387,0.00140545292665673
2025-07-03,2025-04-23,000016.SH,上证50指数,2648.8297,-0.00290189636612492
2025-07-03,2025-04-24,000016.SH,上证50指数,2655.3644,0.00246701401754912
2025-07-03,2025-04-25,000016.SH,上证50指数,2648.8101,-0.00246832412154041
2025-07-03,2025-04-28,000016.SH,上证50指数,2651.2252,0.000911767891552451
2025-07-03,2025-04-29,000016.SH,上证50指数,2645.5122,-0.00215485278278127
2025-07-03,2025-04-30,000016.SH,上证50指数,2633.1603,-0.00466900133743486
2025-07-03,2025-05-06,000016.SH,上证50指数,2647.7166,0.0055280721040798
2025-07-03,2025-05-07,000016.SH,上证50指数,2670.7023,0.00868132941418276
2025-07-03,2025-05-08,000016.SH,上证50指数,2679.509,0.00329752215362977
2025-07-03,2025-05-09,000016.SH,上证50指数,2684.0056,0.00167814327177096
2025-07-03,2025-05-12,000016.SH,上证50指数,2702.6172,0.00693426273030129
2025-07-03,2025-05-13,000016.SH,上证50指数,2708.0588,0.0020134556976843
2025-07-03,2025-05-14,000016.SH,上证50指数,2753.785,0.0168852315909831
2025-07-03,2025-05-15,000016.SH,上证50指数,2740.2976,-0.00489776798116048
2025-07-03,2025-05-16,000016.SH,上证50指数,2716.6618,-0.00862526756218007
2025-07-03,2025-05-19,000016.SH,上证50指数,2705.0884,-0.00426015487095222
2025-07-03,2025-05-20,000016.SH,上证50指数,2716.6294,0.00426640401104805
2025-07-03,2025-05-21,000016.SH,上证50指数,2728.4262,0.00434243993678352
2025-07-03,2025-05-22,000016.SH,上证50指数,2733.6323,0.00190809632307465
2025-07-03,2025-05-23,000016.SH,上证50指数,2711.8524,-0.00796738464057511
2025-07-03,2025-05-26,000016.SH,上证50指数,2699.4225,-0.00458354591864962
2025-07-03,2025-05-27,000016.SH,上证50指数,2685.2812,-0.00523863900519472
2025-07-03,2025-05-28,000016.SH,上证50指数,2683.0628,-0.000826133218375658
2025-07-03,2025-05-29,000016.SH,上证50指数,2690.8926,0.00291823210399689
2025-07-03,2025-05-30,000016.SH,上证50指数,2678.6955,-0.00453273385938935
2025-07-03,2025-06-03,000016.SH,上证50指数,2687.296,0.00321070461349571
2025-07-03,2025-06-04,000016.SH,上证50指数,2690.8243,0.0013129554764344
2025-07-03,2025-06-05,000016.SH,上证50指数,2692.1287,0.000484758518049633
2025-07-03,2025-06-06,000016.SH,上证50指数,2688.8504,-0.00121773524423274
2025-07-03,2025-06-09,000016.SH,上证50指数,2686.8276,-0.000752291760076962
2025-07-03,2025-06-10,000016.SH,上证50指数,2676.4013,-0.0038805243775224
2025-07-03,2025-06-11,000016.SH,上证50指数,2692.1365,0.00587923791547995
2025-07-03,2025-06-12,000016.SH,上证50指数,2691.2752,-0.000319931771661675
2025-07-03,2025-06-13,000016.SH,上证50指数,2676.4328,-0.00551500641777547
2025-07-03,2025-06-16,000016.SH,上证50指数,2685.0092,0.003204414472876
2025-07-03,2025-06-17,000016.SH,上证50指数,2683.9528,-0.00039344371706429
2025-07-03,2025-06-18,000016.SH,上证50指数,2679.9218,-0.00150188930297135
2025-07-03,2025-06-19,000016.SH,上证50指数,2665.5197,-0.0053740747211356
2025-07-03,2025-06-20,000016.SH,上证50指数,2673.7191,0.00307609806823028
2025-07-03,2025-06-23,000016.SH,上证50指数,2684.7761,0.00413543816177264
2025-07-03,2025-06-24,000016.SH,上证50指数,2715.9216,0.0116007811601124
2025-07-03,2025-06-25,000016.SH,上证50指数,2747.7278,0.0117110155167954
2025-07-03,2025-06-26,000016.SH,上证50指数,2738.4657,-0.00337082152023938
2025-07-03,2025-06-27,000016.SH,上证50指数,2707.5688,-0.0112825586970106
2025-07-03,2025-06-30,000016.SH,上证50指数,2711.9853,0.00163116815351083
2025-07-03,2025-07-01,000016.SH,上证50指数,2717.7128,0.00211192147686057
2025-07-03,2025-07-02,000016.SH,上证50指数,2722.5522,0.00178068852602831
2025-07-03,2025-07-03,000016.SH,上证50指数,2724.5488,0.000733356003238317
2025-07-03,2025-04-07,000018.SH,上证180金融股指数,5073.1197,-0.0579203915274408
2025-07-03,2025-04-08,000018.SH,上证180金融股指数,5160.7155,0.0172666534952841
2025-07-03,2025-04-09,000018.SH,上证180金融股指数,5143.9202,-0.00325445182940243
2025-07-03,2025-04-10,000018.SH,上证180金融股指数,5193,0.00954132220013837
2025-07-03,2025-04-11,000018.SH,上证180金融股指数,5207.2729,0.00274848834970154
2025-07-03,2025-04-14,000018.SH,上证180金融股指数,5226.9342,0.00377573835241085
2025-07-03,2025-04-15,000018.SH,上证180金融股指数,5280.6893,0.0102842503737659
2025-07-03,2025-04-16,000018.SH,上证180金融股指数,5315.4984,0.00659177202491357
2025-07-03,2025-04-17,000018.SH,上证180金融股指数,5322.7104,0.00135678716411602
2025-07-03,2025-04-18,000018.SH,上证180金融股指数,5354.5991,0.00599106425177687
2025-07-03,2025-04-21,000018.SH,上证180金融股指数,5318.1008,-0.00681625259302798
2025-07-03,2025-04-22,000018.SH,上证180金融股指数,5341.3617,0.00437391107742835
2025-07-03,2025-04-23,000018.SH,上证180金融股指数,5329.582,-0.00220537395922837
2025-07-03,2025-04-24,000018.SH,上证180金融股指数,5371.5545,0.00787538309758617
2025-07-03,2025-04-25,000018.SH,上证180金融股指数,5356.9032,-0.00272757169270099
2025-07-03,2025-04-28,000018.SH,上证180金融股指数,5379.2226,0.0041664743913985
2025-07-03,2025-04-29,000018.SH,上证180金融股指数,5360.8439,-0.00341660893527629
2025-07-03,2025-04-30,000018.SH,上证180金融股指数,5286.2811,-0.0139087802948338
2025-07-03,2025-05-06,000018.SH,上证180金融股指数,5304.2932,0.00340732920918629
2025-07-03,2025-05-07,000018.SH,上证180金融股指数,5372.9933,0.0129517915789421
2025-07-03,2025-05-08,000018.SH,上证180金融股指数,5423.7136,0.00943985915634782
2025-07-03,2025-05-09,000018.SH,上证180金融股指数,5455.2043,0.00580611409865006
2025-07-03,2025-05-12,000018.SH,上证180金融股指数,5504.0507,0.00895409178351025
2025-07-03,2025-05-13,000018.SH,上证180金融股指数,5544.0444,0.00726623030561835
2025-07-03,2025-05-14,000018.SH,上证180金融股指数,5657.0783,0.0203883468177131
2025-07-03,2025-05-15,000018.SH,上证180金融股指数,5623.0513,-0.00601494237758737
2025-07-03,2025-05-16,000018.SH,上证180金融股指数,5559.2457,-0.0113471488335879
2025-07-03,2025-05-19,000018.SH,上证180金融股指数,5542.1992,-0.00306633326172301
2025-07-03,2025-05-20,000018.SH,上证180金融股指数,5554.2568,0.00217559845196469
2025-07-03,2025-05-21,000018.SH,上证180金融股指数,5571.2504,0.00305956325245882
2025-07-03,2025-05-22,000018.SH,上证180金融股指数,5600.6991,0.00528583314079722
2025-07-03,2025-05-23,000018.SH,上证180金融股指数,5538.3337,-0.0111352884499722
2025-07-03,2025-05-26,000018.SH,上证180金融股指数,5516.0411,-0.00402514568596679
2025-07-03,2025-05-27,000018.SH,上证180金融股指数,5528.8121,0.00231524743352618
2025-07-03,2025-05-28,000018.SH,上证180金融股指数,5518.1922,-0.00192082852661957
2025-07-03,2025-05-29,000018.SH,上证180金融股指数,5529.8047,0.00210440296008518
2025-07-03,2025-05-30,000018.SH,上证180金融股指数,5536.0373,0.00112709224613305
2025-07-03,2025-06-03,000018.SH,上证180金融股指数,5620.0212,0.015170399953772
2025-07-03,2025-06-04,000018.SH,上证180金融股指数,5637.5428,0.00311771065916977
2025-07-03,2025-06-05,000018.SH,上证180金融股指数,5645.0778,0.0013365752185508
2025-07-03,2025-06-06,000018.SH,上证180金融股指数,5636.6657,-0.00149016546769298
2025-07-03,2025-06-09,000018.SH,上证180金融股指数,5665.2478,0.00507074599084367
2025-07-03,2025-06-10,000018.SH,上证180金融股指数,5661.238,-0.000707788986741176
2025-07-03,2025-06-11,000018.SH,上证180金融股指数,5720.3076,0.0104340428718948
2025-07-03,2025-06-12,000018.SH,上证180金融股指数,5732.1655,0.00207294796524571
2025-07-03,2025-06-13,000018.SH,上证180金融股指数,5688.2892,-0.0076544021626731
2025-07-03,2025-06-16,000018.SH,上证180金融股指数,5752.0926,0.0112166237961318
2025-07-03,2025-06-17,000018.SH,上证180金融股指数,5749.2721,-0.000490343288284345
2025-07-03,2025-06-18,000018.SH,上证180金融股指数,5758.3381,0.00157689527340343
2025-07-03,2025-06-19,000018.SH,上证180金融股指数,5724.671,-0.00584666954515911
2025-07-03,2025-06-20,000018.SH,上证180金融股指数,5771.4617,0.00817351774451303
2025-07-03,2025-06-23,000018.SH,上证180金融股指数,5838.9633,0.0116957546473886
2025-07-03,2025-06-24,000018.SH,上证180金融股指数,5911.6468,0.0124480145302506
2025-07-03,2025-06-25,000018.SH,上证180金融股指数,6030.2394,0.0200608398999751
2025-07-03,2025-06-26,000018.SH,上证180金融股指数,6030.4511,3.51064005850166e-05
2025-07-03,2025-06-27,000018.SH,上证180金融股指数,5895.1682,-0.0224332969054338
2025-07-03,2025-06-30,000018.SH,上证180金融股指数,5869.2627,-0.00439436147046657
2025-07-03,2025-07-01,000018.SH,上证180金融股指数,5920.7182,0.00876694444090909
2025-07-03,2025-07-02,000018.SH,上证180金融股指数,5943.7662,0.00389277098173668
2025-07-03,2025-07-03,000018.SH,上证180金融股指数,5951.8447,0.00135915507578344
2025-07-03,2025-04-07,000069.SH,上证消费80指数,4505.981,-0.0595553389420888
2025-07-03,2025-04-08,000069.SH,上证消费80指数,4589.5271,0.0185411567425606
2025-07-03,2025-04-09,000069.SH,上证消费80指数,4653.3254,0.0139008439453379
2025-07-03,2025-04-10,000069.SH,上证消费80指数,4705.9031,0.0112989519280127
2025-07-03,2025-04-11,000069.SH,上证消费80指数,4687.873,-0.00383137935840638
2025-07-03,2025-04-14,000069.SH,上证消费80指数,4690.9259,0.000651233512512173
2025-07-03,2025-04-15,000069.SH,上证消费80指数,4689.5123,-0.000301347757379777
2025-07-03,2025-04-16,000069.SH,上证消费80指数,4706.4755,0.00361726314269384
2025-07-03,2025-04-17,000069.SH,上证消费80指数,4697.315,-0.0019463609233703
2025-07-03,2025-04-18,000069.SH,上证消费80指数,4659.1097,-0.00813343367434372
2025-07-03,2025-04-21,000069.SH,上证消费80指数,4676.6917,0.00377368234107056
2025-07-03,2025-04-22,000069.SH,上证消费80指数,4696.6842,0.00427492366024462
2025-07-03,2025-04-23,000069.SH,上证消费80指数,4703.2923,0.00140697132670753
2025-07-03,2025-04-24,000069.SH,上证消费80指数,4704.3638,0.000227819138521435
2025-07-03,2025-04-25,000069.SH,上证消费80指数,4700.1665,-0.000892214160818083
2025-07-03,2025-04-28,000069.SH,上证消费80指数,4676.4302,-0.00505009769334774
2025-07-03,2025-04-29,000069.SH,上证消费80指数,4697.1194,0.00442414386939838
2025-07-03,2025-04-30,000069.SH,上证消费80指数,4740.4489,0.00922469631067946
2025-07-03,2025-05-06,000069.SH,上证消费80指数,4766.1661,0.00542505584228525
2025-07-03,2025-05-07,000069.SH,上证消费80指数,4768.7424,0.000540539281667085
2025-07-03,2025-05-08,000069.SH,上证消费80指数,4779.2798,0.00220968111005537
2025-07-03,2025-05-09,000069.SH,上证消费80指数,4779.6903,8.58916023289691e-05
2025-07-03,2025-05-12,000069.SH,上证消费80指数,4794.5996,0.00311930252050008
2025-07-03,2025-05-13,000069.SH,上证消费80指数,4792.1768,-0.000505318525450882
2025-07-03,2025-05-14,000069.SH,上证消费80指数,4836.7279,0.00929663112596346
2025-07-03,2025-05-15,000069.SH,上证消费80指数,4831.5784,-0.00106466605243594
2025-07-03,2025-05-16,000069.SH,上证消费80指数,4833.403,0.000377640565658588
2025-07-03,2025-05-19,000069.SH,上证消费80指数,4807.435,-0.00537261221545149
2025-07-03,2025-05-20,000069.SH,上证消费80指数,4854.477,0.00978525970709931
2025-07-03,2025-05-21,000069.SH,上证消费80指数,4871.0783,0.00341979166859785
2025-07-03,2025-05-22,000069.SH,上证消费80指数,4865.1461,-0.00121784123240232
2025-07-03,2025-05-23,000069.SH,上证消费80指数,4857.8724,-0.00149506301568203
2025-07-03,2025-05-26,000069.SH,上证消费80指数,4807.6907,-0.010329974908357
2025-07-03,2025-05-27,000069.SH,上证消费80指数,4797.2661,-0.00216831752508539
2025-07-03,2025-05-28,000069.SH,上证消费80指数,4807.6138,0.00215699937929226
2025-07-03,2025-05-29,000069.SH,上证消费80指数,4834.6733,0.00562846791062976
2025-07-03,2025-05-30,000069.SH,上证消费80指数,4815.24,-0.00401956839565576
2025-07-03,2025-06-03,000069.SH,上证消费80指数,4820.1031,0.0010099392761318
2025-07-03,2025-06-04,000069.SH,上证消费80指数,4831.6476,0.0023950732506115
2025-07-03,2025-06-05,000069.SH,上证消费80指数,4807.3403,-0.00503085117383151
2025-07-03,2025-06-06,000069.SH,上证消费80指数,4766.1298,-0.00857241165140732
2025-07-03,2025-06-09,000069.SH,上证消费80指数,4777.5577,0.00239773159346202
2025-07-03,2025-06-10,000069.SH,上证消费80指数,4760.7299,-0.00352225991954003
2025-07-03,2025-06-11,000069.SH,上证消费80指数,4770.3473,0.00202015241402376
2025-07-03,2025-06-12,000069.SH,上证消费80指数,4778.5133,0.00171182504888057
2025-07-03,2025-06-13,000069.SH,上证消费80指数,4694.7591,-0.0175272505781242
2025-07-03,2025-06-16,000069.SH,上证消费80指数,4677.9131,-0.00358825653056416
2025-07-03,2025-06-17,000069.SH,上证消费80指数,4638.8995,-0.0083399582604472
2025-07-03,2025-06-18,000069.SH,上证消费80指数,4634.2702,-0.00099793065144016
2025-07-03,2025-06-19,000069.SH,上证消费80指数,4598.5088,-0.0077167274363934
2025-07-03,2025-06-20,000069.SH,上证消费80指数,4613.975,0.00336330768791848
2025-07-03,2025-06-23,000069.SH,上证消费80指数,4590.7525,-0.00503307885283311
2025-07-03,2025-06-24,000069.SH,上证消费80指数,4645.4075,0.0119054555870743
2025-07-03,2025-06-25,000069.SH,上证消费80指数,4685.0887,0.0085420277984225
2025-07-03,2025-06-26,000069.SH,上证消费80指数,4643.5008,-0.00887665157758921
2025-07-03,2025-06-27,000069.SH,上证消费80指数,4629.0715,-0.00310741843739959
2025-07-03,2025-06-30,000069.SH,上证消费80指数,4658.2415,0.00630147968118444
2025-07-03,2025-07-01,000069.SH,上证消费80指数,4672.9454,0.00315653449912356
2025-07-03,2025-07-02,000069.SH,上证消费80指数,4662.0619,-0.00232904497450359
2025-07-03,2025-07-03,000069.SH,上证消费80指数,4685.4457,0.00501576351871269
2025-07-03,2025-04-07,000151.SH,上证国有企业红利指数,1453.7292,-0.0639612554579164
2025-07-03,2025-04-08,000151.SH,上证国有企业红利指数,1493.18,0.0271376539729684
2025-07-03,2025-04-09,000151.SH,上证国有企业红利指数,1490.1646,-0.00201944842550794
2025-07-03,2025-04-10,000151.SH,上证国有企业红利指数,1496.76,0.00442595401877077
2025-07-03,2025-04-11,000151.SH,上证国有企业红利指数,1488.0716,-0.00580480504556513
2025-07-03,2025-04-14,000151.SH,上证国有企业红利指数,1506.7439,0.0125479849222307
2025-07-03,2025-04-15,000151.SH,上证国有企业红利指数,1514.0162,0.0048265003760759
2025-07-03,2025-04-16,000151.SH,上证国有企业红利指数,1528.5878,0.0096244676906363
2025-07-03,2025-04-17,000151.SH,上证国有企业红利指数,1526.0509,-0.00165963643043598
2025-07-03,2025-04-18,000151.SH,上证国有企业红利指数,1526.9036,0.000558762489508036
2025-07-03,2025-04-21,000151.SH,上证国有企业红利指数,1516.4874,-0.00682177971156794
2025-07-03,2025-04-22,000151.SH,上证国有企业红利指数,1524.271,0.0051326506240672
2025-07-03,2025-04-23,000151.SH,上证国有企业红利指数,1517.3397,-0.00454728850709618
2025-07-03,2025-04-24,000151.SH,上证国有企业红利指数,1528.5791,0.00740730635334974
2025-07-03,2025-04-25,000151.SH,上证国有企业红利指数,1523.4678,-0.00334382433987224
2025-07-03,2025-04-28,000151.SH,上证国有企业红利指数,1527.4853,0.00263707575572014
2025-07-03,2025-04-29,000151.SH,上证国有企业红利指数,1516.1429,-0.00742553790861356
2025-07-03,2025-04-30,000151.SH,上证国有企业红利指数,1493.6225,-0.0148537449867029
2025-07-03,2025-05-06,000151.SH,上证国有企业红利指数,1497.0546,0.0022978363006716
2025-07-03,2025-05-07,000151.SH,上证国有企业红利指数,1509.7957,0.00851077843119419
2025-07-03,2025-05-08,000151.SH,上证国有企业红利指数,1509.7704,-1.67572341077671e-05
2025-07-03,2025-05-09,000151.SH,上证国有企业红利指数,1519.2241,0.00626168058401455
2025-07-03,2025-05-12,000151.SH,上证国有企业红利指数,1523.5208,0.00282822001046457
2025-07-03,2025-05-13,000151.SH,上证国有企业红利指数,1539.397,0.0104207307179527
2025-07-03,2025-05-14,000151.SH,上证国有企业红利指数,1557.5088,0.0117655159780097
2025-07-03,2025-05-15,000151.SH,上证国有企业红利指数,1550.1768,-0.00470751754340015
2025-07-03,2025-05-16,000151.SH,上证国有企业红利指数,1538.0365,-0.00783155830999405
2025-07-03,2025-05-19,000151.SH,上证国有企业红利指数,1542.0134,0.00258569936409181
2025-07-03,2025-05-20,000151.SH,上证国有企业红利指数,1542.7073,0.000449996089528115
2025-07-03,2025-05-21,000151.SH,上证国有企业红利指数,1559.5364,0.0109088094676157
2025-07-03,2025-05-22,000151.SH,上证国有企业红利指数,1563.5593,0.00257954864022403
2025-07-03,2025-05-23,000151.SH,上证国有企业红利指数,1548.9696,-0.00933108197431332
2025-07-03,2025-05-26,000151.SH,上证国有企业红利指数,1539.3949,-0.0061813349984402
2025-07-03,2025-05-27,000151.SH,上证国有企业红利指数,1532.7041,-0.00434638311456015
2025-07-03,2025-05-28,000151.SH,上证国有企业红利指数,1536.736,0.00263057950976986
2025-07-03,2025-05-29,000151.SH,上证国有企业红利指数,1538.3827,0.00107155685817206
2025-07-03,2025-05-30,000151.SH,上证国有企业红利指数,1540.5762,0.00142584806758417
2025-07-03,2025-06-03,000151.SH,上证国有企业红利指数,1548.0948,0.00488038176884742
2025-07-03,2025-06-04,000151.SH,上证国有企业红利指数,1550.5596,0.00159215055822171
2025-07-03,2025-06-05,000151.SH,上证国有企业红利指数,1537.7603,-0.00825463271453741
2025-07-03,2025-06-06,000151.SH,上证国有企业红利指数,1540.0266,0.00147376675025357
2025-07-03,2025-06-09,000151.SH,上证国有企业红利指数,1539.0179,-0.000654988686558999
2025-07-03,2025-06-10,000151.SH,上证国有企业红利指数,1541.996,0.00193506521269193
2025-07-03,2025-06-11,000151.SH,上证国有企业红利指数,1545.2429,0.00210564748546682
2025-07-03,2025-06-12,000151.SH,上证国有企业红利指数,1542.6961,-0.0016481551217612
2025-07-03,2025-06-13,000151.SH,上证国有企业红利指数,1534.5706,-0.00526707755338196
2025-07-03,2025-06-16,000151.SH,上证国有企业红利指数,1539.8662,0.00345086762381608
2025-07-03,2025-06-17,000151.SH,上证国有企业红利指数,1541.8086,0.00126140829638333
2025-07-03,2025-06-18,000151.SH,上证国有企业红利指数,1541.3657,-0.000287260039929738
2025-07-03,2025-06-19,000151.SH,上证国有企业红利指数,1533.9614,-0.00480372698056031
2025-07-03,2025-06-20,000151.SH,上证国有企业红利指数,1540.8867,0.00451465075979107
2025-07-03,2025-06-23,000151.SH,上证国有企业红利指数,1552.0796,0.00726393446059337
2025-07-03,2025-06-24,000151.SH,上证国有企业红利指数,1552.9469,0.000558798659553217
2025-07-03,2025-06-25,000151.SH,上证国有企业红利指数,1546.6177,-0.0040756061910423
2025-07-03,2025-06-26,000151.SH,上证国有企业红利指数,1547.9279,0.000847138888944388
2025-07-03,2025-06-27,000151.SH,上证国有企业红利指数,1530.1901,-0.0114590608516068
2025-07-03,2025-06-30,000151.SH,上证国有企业红利指数,1529.9191,-0.000177102178350208
2025-07-03,2025-07-01,000151.SH,上证国有企业红利指数,1541.7499,0.00773295790607498
2025-07-03,2025-07-02,000151.SH,上证国有企业红利指数,1558.1358,0.0106281180884138
2025-07-03,2025-07-03,000151.SH,上证国有企业红利指数,1555.6983,-0.00156436942145866
2025-07-03,2025-04-07,000300.SH,沪深300指数,3589.4406,-0.0704551496704626
2025-07-03,2025-04-08,000300.SH,沪深300指数,3650.759,0.0170829961638035
2025-07-03,2025-04-09,000300.SH,沪深300指数,3686.7943,0.00987063238082819
2025-07-03,2025-04-10,000300.SH,沪深300指数,3735.1151,0.013106454027012
2025-07-03,2025-04-11,000300.SH,沪深300指数,3750.5167,0.00412346061303448
2025-07-03,2025-04-14,000300.SH,沪深300指数,3759.1422,0.00229981644929067
2025-07-03,2025-04-15,000300.SH,沪深300指数,3761.2348,0.000556669550835442
2025-07-03,2025-04-16,000300.SH,沪深300指数,3772.8204,0.00308026502360348
2025-07-03,2025-04-17,000300.SH,沪深300指数,3772.2221,-0.000158581627686338
2025-07-03,2025-04-18,000300.SH,沪深300指数,3772.523,7.97673074446337e-05
2025-07-03,2025-04-21,000300.SH,沪深300指数,3784.8806,0.00327568579436099
2025-07-03,2025-04-22,000300.SH,沪深300指数,3783.9522,-0.000245291753721344
2025-07-03,2025-04-23,000300.SH,沪深300指数,3786.8824,0.000774375532544891
2025-07-03,2025-04-24,000300.SH,沪深300指数,3784.3574,-0.000666775392866747
2025-07-03,2025-04-25,000300.SH,沪深300指数,3786.9937,0.000696630820334221
2025-07-03,2025-04-28,000300.SH,沪深300指数,3781.6188,-0.00141930523940392
2025-07-03,2025-04-29,000300.SH,沪深300指数,3775.0767,-0.00172997341773318
2025-07-03,2025-04-30,000300.SH,沪深300指数,3770.5705,-0.00119367111137114
2025-07-03,2025-05-06,000300.SH,沪深300指数,3808.5424,0.0100705980699738
2025-07-03,2025-05-07,000300.SH,沪深300指数,3831.627,0.00606126900412085
2025-07-03,2025-05-08,000300.SH,沪深300指数,3852.8963,0.00555098395537978
2025-07-03,2025-05-09,000300.SH,沪深300指数,3846.1566,-0.00174925548865668
2025-07-03,2025-05-12,000300.SH,沪深300指数,3890.6096,0.0115577717246353
2025-07-03,2025-05-13,000300.SH,沪深300指数,3896.2583,0.00145188044567623
2025-07-03,2025-05-14,000300.SH,沪深300指数,3943.2108,0.0120506640948317
2025-07-03,2025-05-15,000300.SH,沪深300指数,3907.1992,-0.00913255766087873
2025-07-03,2025-05-16,000300.SH,沪深300指数,3889.0854,-0.00463600627272853
2025-07-03,2025-05-19,000300.SH,沪深300指数,3877.1453,-0.00307015628918816
2025-07-03,2025-05-20,000300.SH,沪深300指数,3898.1705,0.0054228558315832
2025-07-03,2025-05-21,000300.SH,沪深300指数,3916.3807,0.00467147345145635
2025-07-03,2025-05-22,000300.SH,沪深300指数,3913.8651,-0.000642327749189486
2025-07-03,2025-05-23,000300.SH,沪深300指数,3882.2741,-0.00807156076994064
2025-07-03,2025-05-26,000300.SH,沪深300指数,3860.1067,-0.00570990080272804
2025-07-03,2025-05-27,000300.SH,沪深300指数,3839.3969,-0.00536508485633302
2025-07-03,2025-05-28,000300.SH,沪深300指数,3836.2366,-0.000823124069303738
2025-07-03,2025-05-29,000300.SH,沪深300指数,3858.6998,0.00585553039142583
2025-07-03,2025-05-30,000300.SH,沪深300指数,3840.2323,-0.00478593851742493
2025-07-03,2025-06-03,000300.SH,沪深300指数,3852.0127,0.00306762692454821
2025-07-03,2025-06-04,000300.SH,沪深300指数,3868.7429,0.00434323594000618
2025-07-03,2025-06-05,000300.SH,沪深300指数,3877.5557,0.00227794925323144
2025-07-03,2025-06-06,000300.SH,沪深300指数,3873.9841,-0.000921095730488042
2025-07-03,2025-06-09,000300.SH,沪深300指数,3885.2459,0.00290703309804496
2025-07-03,2025-06-10,000300.SH,沪深300指数,3865.4652,-0.00509123502324516
2025-07-03,2025-06-11,000300.SH,沪深300指数,3894.6252,0.00754372332727238
2025-07-03,2025-06-12,000300.SH,沪深300指数,3892.1992,-0.000622909747515554
2025-07-03,2025-06-13,000300.SH,沪深300指数,3864.1822,-0.00719824411864634
2025-07-03,2025-06-16,000300.SH,沪深300指数,3873.7951,0.00248769325628584
2025-07-03,2025-06-17,000300.SH,沪深300指数,3870.3786,-0.000881951655109403
2025-07-03,2025-06-18,000300.SH,沪深300指数,3874.9708,0.00118649891253542
2025-07-03,2025-06-19,000300.SH,沪深300指数,3843.0912,-0.00822705554323155
2025-07-03,2025-06-20,000300.SH,沪深300指数,3846.6443,0.00092454220186089
2025-07-03,2025-06-23,000300.SH,沪深300指数,3857.9016,0.00292652481540867
2025-07-03,2025-06-24,000300.SH,沪深300指数,3904.0342,0.0119579514417889
2025-07-03,2025-06-25,000300.SH,沪深300指数,3960.0662,0.0143523332864246
2025-07-03,2025-06-26,000300.SH,沪深300指数,3946.0195,-0.00354708716738128
2025-07-03,2025-06-27,000300.SH,沪深300指数,3921.7578,-0.00614839840502568
2025-07-03,2025-06-30,000300.SH,沪深300指数,3936.0791,0.00365175534297402
2025-07-03,2025-07-01,000300.SH,沪深300指数,3942.762,0.00169785713910064
2025-07-03,2025-07-02,000300.SH,沪深300指数,3943.6849,0.000234074488898894
2025-07-03,2025-07-03,000300.SH,沪深300指数,3968.0676,0.00618272012553533
2025-07-03,2025-04-07,000683.SH,上证科创板生物医药指数,913.1167,-0.094132864101879
2025-07-03,2025-04-08,000683.SH,上证科创板生物医药指数,932.7696,0.0215228787295205
2025-07-03,2025-04-09,000683.SH,上证科创板生物医药指数,938.7104,0.00636898972693811
2025-07-03,2025-04-10,000683.SH,上证科创板生物医药指数,971.4121,0.0348368357269717
2025-07-03,2025-04-11,000683.SH,上证科创板生物医药指数,984.863,0.0138467494897376
2025-07-03,2025-04-14,000683.SH,上证科创板生物医药指数,992.7553,0.00801360189183664
2025-07-03,2025-04-15,000683.SH,上证科创板生物医药指数,989.6208,-0.00315737422907736
2025-07-03,2025-04-16,000683.SH,上证科创板生物医药指数,978.2824,-0.0114573177928353
2025-07-03,2025-04-17,000683.SH,上证科创板生物医药指数,973.4891,-0.00489970994060618
2025-07-03,2025-04-18,000683.SH,上证科创板生物医药指数,968.4687,-0.00515711988968337
2025-07-03,2025-04-21,000683.SH,上证科创板生物医药指数,998.5383,0.0310486028097758
2025-07-03,2025-04-22,000683.SH,上证科创板生物医药指数,1011.723,0.0132040002872198
2025-07-03,2025-04-23,000683.SH,上证科创板生物医药指数,983.9379,-0.0274631494984299
2025-07-03,2025-04-24,000683.SH,上证科创板生物医药指数,987.5074,0.00362776959806088
2025-07-03,2025-04-25,000683.SH,上证科创板生物医药指数,978.8392,-0.00877785827225186
2025-07-03,2025-04-28,000683.SH,上证科创板生物医药指数,981.5522,0.00277165033848248
2025-07-03,2025-04-29,000683.SH,上证科创板生物医药指数,986.6959,0.00524037335966443
2025-07-03,2025-04-30,000683.SH,上证科创板生物医药指数,1002.025,0.0155357896997443
2025-07-03,2025-05-06,000683.SH,上证科创板生物医药指数,1003.2091,0.00118170704323761
2025-07-03,2025-05-07,000683.SH,上证科创板生物医药指数,989.5979,-0.0135676600222228
2025-07-03,2025-05-08,000683.SH,上证科创板生物医药指数,989.9853,0.00039147213226709
2025-07-03,2025-05-09,000683.SH,上证科创板生物医药指数,988.7979,-0.00119941174884119
2025-07-03,2025-05-12,000683.SH,上证科创板生物医药指数,968.9491,-0.0200736672276508
2025-07-03,2025-05-13,000683.SH,上证科创板生物医药指数,982.27,0.0137477809721893
2025-07-03,2025-05-14,000683.SH,上证科创板生物医药指数,976.3593,-0.00601738829446086
2025-07-03,2025-05-15,000683.SH,上证科创板生物医药指数,973.5535,-0.00287373715803185
2025-07-03,2025-05-16,000683.SH,上证科创板生物医药指数,980.1438,0.00676932495235238
2025-07-03,2025-05-19,000683.SH,上证科创板生物医药指数,977.7623,-0.00242974551285235
2025-07-03,2025-05-20,000683.SH,上证科创板生物医药指数,1001.1972,0.0239678907644527
2025-07-03,2025-05-21,000683.SH,上证科创板生物医药指数,1011.0729,0.00986389094975504
2025-07-03,2025-05-22,000683.SH,上证科创板生物医药指数,1006.3129,-0.00470787022379893
2025-07-03,2025-05-23,000683.SH,上证科创板生物医药指数,999.0885,-0.00717907919097538
2025-07-03,2025-05-26,000683.SH,上证科创板生物医药指数,988.7807,-0.0103172041315659
2025-07-03,2025-05-27,000683.SH,上证科创板生物医药指数,999.9355,0.0112813690639391
2025-07-03,2025-05-28,000683.SH,上证科创板生物医药指数,996.3547,-0.00358103097649809
2025-07-03,2025-05-29,000683.SH,上证科创板生物医药指数,1037.2779,0.0410729231266738
2025-07-03,2025-05-30,000683.SH,上证科创板生物医药指数,1039.8826,0.00251109177203124
2025-07-03,2025-06-03,000683.SH,上证科创板生物医药指数,1056.3706,0.015855636011219
2025-07-03,2025-06-04,000683.SH,上证科创板生物医药指数,1061.5526,0.0049054754079676
2025-07-03,2025-06-05,000683.SH,上证科创板生物医药指数,1054.2567,-0.00687285773686586
2025-07-03,2025-06-06,000683.SH,上证科创板生物医药指数,1053.5747,-0.00064690127176803
2025-07-03,2025-06-09,000683.SH,上证科创板生物医药指数,1081.306,0.0263211521688971
2025-07-03,2025-06-10,000683.SH,上证科创板生物医药指数,1083.2309,0.00178016213726728
2025-07-03,2025-06-11,000683.SH,上证科创板生物医药指数,1077.8159,-0.00499893420691744
2025-07-03,2025-06-12,000683.SH,上证科创板生物医药指数,1107.1115,0.0271805231301561
2025-07-03,2025-06-13,000683.SH,上证科创板生物医药指数,1077.5801,-0.0266742780650369
2025-07-03,2025-06-16,000683.SH,上证科创板生物医药指数,1070.984,-0.00612121549015243
2025-07-03,2025-06-17,000683.SH,上证科创板生物医药指数,1046.1201,-0.0232159397339268
2025-07-03,2025-06-18,000683.SH,上证科创板生物医药指数,1042.1441,-0.00380071083616507
2025-07-03,2025-06-19,000683.SH,上证科创板生物医药指数,1027.9589,-0.0136115533350905
2025-07-03,2025-06-20,000683.SH,上证科创板生物医药指数,1030.2208,0.00220037980117693
2025-07-03,2025-06-23,000683.SH,上证科创板生物医药指数,1048.9717,0.0182008555835798
2025-07-03,2025-06-24,000683.SH,上证科创板生物医药指数,1059.6076,0.0101393583830718
2025-07-03,2025-06-25,000683.SH,上证科创板生物医药指数,1069.5137,0.0093488381925535
2025-07-03,2025-06-26,000683.SH,上证科创板生物医药指数,1052.0498,-0.0163288230903447
2025-07-03,2025-06-27,000683.SH,上证科创板生物医药指数,1047.8917,-0.00395237944059312
2025-07-03,2025-06-30,000683.SH,上证科创板生物医药指数,1051.7786,0.0037092573593247
2025-07-03,2025-07-01,000683.SH,上证科创板生物医药指数,1083.1828,0.0298581849830373
2025-07-03,2025-07-02,000683.SH,上证科创板生物医药指数,1059.8514,-0.0215396699430604
2025-07-03,2025-07-03,000683.SH,上证科创板生物医药指数,1083.6114,0.0224182371226758
2025-07-03,2025-04-07,000685.SH,上证科创板芯片指数,1537.8469,-0.0958241909687126
2025-07-03,2025-04-08,000685.SH,上证科创板芯片指数,1547.2947,0.00614352443016264
2025-07-03,2025-04-09,000685.SH,上证科创板芯片指数,1625.4099,0.0504850174953744
2025-07-03,2025-04-10,000685.SH,上证科创板芯片指数,1646.8966,0.0132192501103876
2025-07-03,2025-04-11,000685.SH,上证科创板芯片指数,1724.8681,0.0473445023810237
2025-07-03,2025-04-14,000685.SH,上证科创板芯片指数,1728.037,0.00183718395626897
2025-07-03,2025-04-15,000685.SH,上证科创板芯片指数,1712.114,-0.00921450177282079
2025-07-03,2025-04-16,000685.SH,上证科创板芯片指数,1727.0697,0.00873522440678598
2025-07-03,2025-04-17,000685.SH,上证科创板芯片指数,1741.3465,0.00826648744981173
2025-07-03,2025-04-18,000685.SH,上证科创板芯片指数,1722.8954,-0.0105958808312993
2025-07-03,2025-04-21,000685.SH,上证科创板芯片指数,1738.4983,0.00905620851968147
2025-07-03,2025-04-22,000685.SH,上证科创板芯片指数,1730.1286,-0.00481432739968735
2025-07-03,2025-04-23,000685.SH,上证科创板芯片指数,1731.4445,0.000760579300290276
2025-07-03,2025-04-24,000685.SH,上证科创板芯片指数,1712.8877,-0.0107175251646819
2025-07-03,2025-04-25,000685.SH,上证科创板芯片指数,1707.0083,-0.00343244919091901
2025-07-03,2025-04-28,000685.SH,上证科创板芯片指数,1711.7297,0.00276589164797869
2025-07-03,2025-04-29,000685.SH,上证科创板芯片指数,1720.4535,0.00509648223081016
2025-07-03,2025-04-30,000685.SH,上证科创板芯片指数,1739.3433,0.0109795469624723
2025-07-03,2025-05-06,000685.SH,上证科创板芯片指数,1760.2417,0.0120151093806495
2025-07-03,2025-05-07,000685.SH,上证科创板芯片指数,1759.3669,-0.000496977204891835
2025-07-03,2025-05-08,000685.SH,上证科创板芯片指数,1746.5737,-0.00727147930315164
2025-07-03,2025-05-09,000685.SH,上证科创板芯片指数,1699.2598,-0.0270895525336262
2025-07-03,2025-05-12,000685.SH,上证科创板芯片指数,1706.399,0.00420135873278471
2025-07-03,2025-05-13,000685.SH,上证科创板芯片指数,1699.9638,-0.0037712164622693
2025-07-03,2025-05-14,000685.SH,上证科创板芯片指数,1707.7038,0.00455303812940011
2025-07-03,2025-05-15,000685.SH,上证科创板芯片指数,1678.9052,-0.0168639315553435
2025-07-03,2025-05-16,000685.SH,上证科创板芯片指数,1671.9088,-0.00416723946057229
2025-07-03,2025-05-19,000685.SH,上证科创板芯片指数,1676.7912,0.00292025498041526
2025-07-03,2025-05-20,000685.SH,上证科创板芯片指数,1680.5003,0.00221202258217956
2025-07-03,2025-05-21,000685.SH,上证科创板芯片指数,1669.6759,-0.00644117707089964
2025-07-03,2025-05-22,000685.SH,上证科创板芯片指数,1664.1371,-0.00331729049931184
2025-07-03,2025-05-23,000685.SH,上证科创板芯片指数,1637.1818,-0.0161977639943247
2025-07-03,2025-05-26,000685.SH,上证科创板芯片指数,1646.4692,0.00567279699786538
2025-07-03,2025-05-27,000685.SH,上证科创板芯片指数,1630.8317,-0.00949759643241432
2025-07-03,2025-05-28,000685.SH,上证科创板芯片指数,1623.6327,-0.00441431203477327
2025-07-03,2025-05-29,000685.SH,上证科创板芯片指数,1654.0479,0.0187328082268852
2025-07-03,2025-05-30,000685.SH,上证科创板芯片指数,1632.0021,-0.0133283927267162
2025-07-03,2025-06-03,000685.SH,上证科创板芯片指数,1651.5933,0.0120043963178724
2025-07-03,2025-06-04,000685.SH,上证科创板芯片指数,1652.7312,0.000688971068119493
2025-07-03,2025-06-05,000685.SH,上证科创板芯片指数,1687.9707,0.0213219790368815
2025-07-03,2025-06-06,000685.SH,上证科创板芯片指数,1685.1749,-0.00165630837075559
2025-07-03,2025-06-09,000685.SH,上证科创板芯片指数,1688.822,0.00216422639572889
2025-07-03,2025-06-10,000685.SH,上证科创板芯片指数,1653.3775,-0.020987706223628
2025-07-03,2025-06-11,000685.SH,上证科创板芯片指数,1649.6448,-0.0022576211421772
2025-07-03,2025-06-12,000685.SH,上证科创板芯片指数,1633.0198,-0.010077927078605
2025-07-03,2025-06-13,000685.SH,上证科创板芯片指数,1632.3638,-0.000401709764939695
2025-07-03,2025-06-16,000685.SH,上证科创板芯片指数,1630.9996,-0.000835720566702114
2025-07-03,2025-06-17,000685.SH,上证科创板芯片指数,1617.9546,-0.00799816259918151
2025-07-03,2025-06-18,000685.SH,上证科创板芯片指数,1634.5611,0.0102638850311374
2025-07-03,2025-06-19,000685.SH,上证科创板芯片指数,1637.0738,0.0015372322270486
2025-07-03,2025-06-20,000685.SH,上证科创板芯片指数,1627.3958,-0.00591176769184132
2025-07-03,2025-06-23,000685.SH,上证科创板芯片指数,1636.167,0.00538971527393639
2025-07-03,2025-06-24,000685.SH,上证科创板芯片指数,1669.7449,0.0205222938734249
2025-07-03,2025-06-25,000685.SH,上证科创板芯片指数,1702.9547,0.0198891459407962
2025-07-03,2025-06-26,000685.SH,上证科创板芯片指数,1686.4166,-0.00971141510693152
2025-07-03,2025-06-27,000685.SH,上证科创板芯片指数,1687.0744,0.000390057830313095
2025-07-03,2025-06-30,000685.SH,上证科创板芯片指数,1720.6705,0.0199138224135225
2025-07-03,2025-07-01,000685.SH,上证科创板芯片指数,1704.7422,-0.00925703090742824
2025-07-03,2025-07-02,000685.SH,上证科创板芯片指数,1671.6818,-0.0193931962263854
2025-07-03,2025-07-03,000685.SH,上证科创板芯片指数,1671.9253,0.000145661692315002
2025-07-03,2025-04-07,000688.SH,上证科创板50成份指数,924.17,-0.0922353942838835
2025-07-03,2025-04-08,000688.SH,上证科创板50成份指数,940.0905,0.0172268089204368
2025-07-03,2025-04-09,000688.SH,上证科创板50成份指数,980.5688,0.0430578758108926
2025-07-03,2025-04-10,000688.SH,上证科创板50成份指数,991.2244,0.0108667540717182
2025-07-03,2025-04-11,000688.SH,上证科创板50成份指数,1011.7084,0.0206653508529451
2025-07-03,2025-04-14,000688.SH,上证科创板50成份指数,1014.2834,0.00254519978286227
2025-07-03,2025-04-15,000688.SH,上证科创板50成份指数,1006.3395,-0.00783203195477711
2025-07-03,2025-04-16,000688.SH,上证科创板50成份指数,1014.5088,0.00811783697251256
2025-07-03,2025-04-17,000688.SH,上证科创板50成份指数,1016.8117,0.00226996552420244
2025-07-03,2025-04-18,000688.SH,上证科创板50成份指数,1008.597,-0.00807888028825787
2025-07-03,2025-04-21,000688.SH,上证科创板50成份指数,1019.4109,0.0107217253273606
2025-07-03,2025-04-22,000688.SH,上证科创板50成份指数,1016.2181,-0.00313200496482813
2025-07-03,2025-04-23,000688.SH,上证科创板50成份指数,1012.6475,-0.0035136158271537
2025-07-03,2025-04-24,000688.SH,上证科创板50成份指数,1003.3159,-0.00921505262196365
2025-07-03,2025-04-25,000688.SH,上证科创板50成份指数,1004.5718,0.00125174932441507
2025-07-03,2025-04-28,000688.SH,上证科创板50成份指数,1002.8319,-0.00173198172594535
2025-07-03,2025-04-29,000688.SH,上证科创板50成份指数,1003.8667,0.00103187782518677
2025-07-03,2025-04-30,000688.SH,上证科创板50成份指数,1012.4165,0.00851686782717276
2025-07-03,2025-05-06,000688.SH,上证科创板50成份指数,1026.5205,0.0139310254228373
2025-07-03,2025-05-07,000688.SH,上证科创板50成份指数,1030.1857,0.00357050833373518
2025-07-03,2025-05-08,000688.SH,上证科创板50成份指数,1026.4389,-0.00363701418103546
2025-07-03,2025-05-09,000688.SH,上证科创板50成份指数,1006.3189,-0.0196017512586478
2025-07-03,2025-05-12,000688.SH,上证科创板50成份指数,1011.2314,0.00488165332083113
2025-07-03,2025-05-13,000688.SH,上证科创板50成份指数,1009.6822,-0.0015319935674466
2025-07-03,2025-05-14,000688.SH,上证科创板50成份指数,1013.772,0.00405058146018633
2025-07-03,2025-05-15,000688.SH,上证科创板50成份指数,1000.9687,-0.0126293683392321
2025-07-03,2025-05-16,000688.SH,上证科创板50成份指数,995.2366,-0.00572655268841082
2025-07-03,2025-05-19,000688.SH,上证科创板50成份指数,995.2547,1.81866301942613e-05
2025-07-03,2025-05-20,000688.SH,上证科创板50成份指数,997.6773,0.00243415077567577
2025-07-03,2025-05-21,000688.SH,上证科创板50成份指数,995.4867,-0.00219569995227908
2025-07-03,2025-05-22,000688.SH,上证科创板50成份指数,990.7112,-0.004797150981525
2025-07-03,2025-05-23,000688.SH,上证科创板50成份指数,980.5781,-0.0102281068388043
2025-07-03,2025-05-26,000688.SH,上证科创板50成份指数,982.2605,0.00171572259262165
2025-07-03,2025-05-27,000688.SH,上证科创板50成份指数,972.9197,-0.00950949366283171
2025-07-03,2025-05-28,000688.SH,上证科创板50成份指数,970.6401,-0.00234305051074624
2025-07-03,2025-05-29,000688.SH,上证科创板50成份指数,986.302,0.0161356408003337
2025-07-03,2025-05-30,000688.SH,上证科创板50成份指数,977.0265,-0.00940432038057304
2025-07-03,2025-06-03,000688.SH,上证科创板50成份指数,981.7102,0.00479383107827669
2025-07-03,2025-06-04,000688.SH,上证科创板50成份指数,986.1106,0.00448238186788719
2025-07-03,2025-06-05,000688.SH,上证科创板50成份指数,996.4072,0.0104416279472099
2025-07-03,2025-06-06,000688.SH,上证科创板50成份指数,991.6422,-0.00478218142141085
2025-07-03,2025-06-09,000688.SH,上证科创板50成份指数,997.6118,0.00601991323080031
2025-07-03,2025-06-10,000688.SH,上证科创板50成份指数,982.9043,-0.0147427085365269
2025-07-03,2025-06-11,000688.SH,上证科创板50成份指数,980.9328,-0.00200579039078375
2025-07-03,2025-06-12,000688.SH,上证科创板50成份指数,977.9731,-0.00301723013034128
2025-07-03,2025-06-13,000688.SH,上证科创板50成份指数,972.9408,-0.00514564255397221
2025-07-03,2025-06-16,000688.SH,上证科创板50成份指数,970.8914,-0.0021063974293194
2025-07-03,2025-06-17,000688.SH,上证科创板50成份指数,963.0834,-0.00804209410032886
2025-07-03,2025-06-18,000688.SH,上证科创板50成份指数,968.1791,0.00529102671689707
2025-07-03,2025-06-19,000688.SH,上证科创板50成份指数,962.9431,-0.00540809030064793
2025-07-03,2025-06-20,000688.SH,上证科创板50成份指数,957.8718,-0.00526645863083697
2025-07-03,2025-06-23,000688.SH,上证科创板50成份指数,961.4888,0.00377607942941838
2025-07-03,2025-06-24,000688.SH,上证科创板50成份指数,978.7142,0.0179153412915471
2025-07-03,2025-06-25,000688.SH,上证科创板50成份指数,995.6097,0.0172629558251018
2025-07-03,2025-06-26,000688.SH,上证科创板50成份指数,989.9724,-0.00566215857479091
2025-07-03,2025-06-27,000688.SH,上证科创板50成份指数,988.2112,-0.00177903949645464
2025-07-03,2025-06-30,000688.SH,上证科创板50成份指数,1003.4137,0.0153838572159473
2025-07-03,2025-07-01,000688.SH,上证科创板50成份指数,994.7951,-0.00858927877903193
2025-07-03,2025-07-02,000688.SH,上证科创板50成份指数,982.6362,-0.0122225169786221
2025-07-03,2025-07-03,000688.SH,上证科创板50成份指数,984.9489,0.00235356686431865
2025-07-03,2025-04-07,000690.SH,上证科创板成长指数,1001.4912,-0.11904440415871
2025-07-03,2025-04-08,000690.SH,上证科创板成长指数,1006.7342,0.00523519327978117
2025-07-03,2025-04-09,000690.SH,上证科创板成长指数,1035.8842,0.0289550111638206
2025-07-03,2025-04-10,000690.SH,上证科创板成长指数,1072.4934,0.0353410159166441
2025-07-03,2025-04-11,000690.SH,上证科创板成长指数,1114.9886,0.0396228079352281
2025-07-03,2025-04-14,000690.SH,上证科创板成长指数,1117.5491,0.00229643603531016
2025-07-03,2025-04-15,000690.SH,上证科创板成长指数,1112.9707,-0.00409682223358232
2025-07-03,2025-04-16,000690.SH,上证科创板成长指数,1107.7861,-0.00465834365630657
2025-07-03,2025-04-17,000690.SH,上证科创板成长指数,1107.5929,-0.000174401899427967
2025-07-03,2025-04-18,000690.SH,上证科创板成长指数,1102.1613,-0.00490396787483927
2025-07-03,2025-04-21,000690.SH,上证科创板成长指数,1132.4721,0.0275012377952302
2025-07-03,2025-04-22,000690.SH,上证科创板成长指数,1134.9831,0.00221727316725939
2025-07-03,2025-04-23,000690.SH,上证科创板成长指数,1126.5056,-0.00746927421210053
2025-07-03,2025-04-24,000690.SH,上证科创板成长指数,1119.1509,-0.00652877358088577
2025-07-03,2025-04-25,000690.SH,上证科创板成长指数,1114.968,-0.00373756568484196
2025-07-03,2025-04-28,000690.SH,上证科创板成长指数,1120.1878,0.00468156933651898
2025-07-03,2025-04-29,000690.SH,上证科创板成长指数,1129.9792,0.00874085577436223
2025-07-03,2025-04-30,000690.SH,上证科创板成长指数,1153.4827,0.0207999403882833
2025-07-03,2025-05-06,000690.SH,上证科创板成长指数,1164.9268,0.00992134515758236
2025-07-03,2025-05-07,000690.SH,上证科创板成长指数,1156.4581,-0.00726972716225593
2025-07-03,2025-05-08,000690.SH,上证科创板成长指数,1150.9089,-0.00479844449184985
2025-07-03,2025-05-09,000690.SH,上证科创板成长指数,1127.2902,-0.0205217806552717
2025-07-03,2025-05-12,000690.SH,上证科创板成长指数,1128.387,0.000972952661169257
2025-07-03,2025-05-13,000690.SH,上证科创板成长指数,1129.4111,0.000907578694189226
2025-07-03,2025-05-14,000690.SH,上证科创板成长指数,1123.9547,-0.00483119034335688
2025-07-03,2025-05-15,000690.SH,上证科创板成长指数,1105.8344,-0.016121913098455
2025-07-03,2025-05-16,000690.SH,上证科创板成长指数,1103.1547,-0.00242323805444999
2025-07-03,2025-05-19,000690.SH,上证科创板成长指数,1108.778,0.00509747182330811
2025-07-03,2025-05-20,000690.SH,上证科创板成长指数,1115.388,0.00596151799548683
2025-07-03,2025-05-21,000690.SH,上证科创板成长指数,1114.3738,-0.000909279999426027
2025-07-03,2025-05-22,000690.SH,上证科创板成长指数,1115.4464,0.000962513655651254
2025-07-03,2025-05-23,000690.SH,上证科创板成长指数,1092.7053,-0.0203874430900489
2025-07-03,2025-05-26,000690.SH,上证科创板成长指数,1092.5287,-0.000161617226529409
2025-07-03,2025-05-27,000690.SH,上证科创板成长指数,1090.3962,-0.00195189380379679
2025-07-03,2025-05-28,000690.SH,上证科创板成长指数,1089.9395,-0.000418838583626679
2025-07-03,2025-05-29,000690.SH,上证科创板成长指数,1121.0254,0.0285207573447885
2025-07-03,2025-05-30,000690.SH,上证科创板成长指数,1113.567,-0.00665319447712776
2025-07-03,2025-06-03,000690.SH,上证科创板成长指数,1126.1115,0.0112651506375459
2025-07-03,2025-06-04,000690.SH,上证科创板成长指数,1133.8266,0.00685109778205817
2025-07-03,2025-06-05,000690.SH,上证科创板成长指数,1153.2554,0.017135600805273
2025-07-03,2025-06-06,000690.SH,上证科创板成长指数,1158.7565,0.00477006220824983
2025-07-03,2025-06-09,000690.SH,上证科创板成长指数,1177.8003,0.016434686666267
2025-07-03,2025-06-10,000690.SH,上证科创板成长指数,1160.5959,-0.0146072301051375
2025-07-03,2025-06-11,000690.SH,上证科创板成长指数,1152.0198,-0.00738939367268143
2025-07-03,2025-06-12,000690.SH,上证科创板成长指数,1153.2523,0.00106986008400201
2025-07-03,2025-06-13,000690.SH,上证科创板成长指数,1138.6149,-0.01269227904423
2025-07-03,2025-06-16,000690.SH,上证科创板成长指数,1139.4149,0.000702608054751419
2025-07-03,2025-06-17,000690.SH,上证科创板成长指数,1123.8292,-0.0136786871928742
2025-07-03,2025-06-18,000690.SH,上证科创板成长指数,1137.0363,0.0117518747510743
2025-07-03,2025-06-19,000690.SH,上证科创板成长指数,1135.0901,-0.00171164280331249
2025-07-03,2025-06-20,000690.SH,上证科创板成长指数,1129.2288,-0.00516373105535839
2025-07-03,2025-06-23,000690.SH,上证科创板成长指数,1122.1781,-0.00624381879031066
2025-07-03,2025-06-24,000690.SH,上证科创板成长指数,1143.6094,0.019097948890644
2025-07-03,2025-06-25,000690.SH,上证科创板成长指数,1163.8789,0.0177241460239832
2025-07-03,2025-06-26,000690.SH,上证科创板成长指数,1157.7432,-0.00527176839446097
2025-07-03,2025-06-27,000690.SH,上证科创板成长指数,1147.4059,-0.00892883672303146
2025-07-03,2025-06-30,000690.SH,上证科创板成长指数,1170.767,0.0203599266833123
2025-07-03,2025-07-01,000690.SH,上证科创板成长指数,1162.2621,-0.00726438309245148
2025-07-03,2025-07-02,000690.SH,上证科创板成长指数,1139.1595,-0.0198772720886278
2025-07-03,2025-07-03,000690.SH,上证科创板成长指数,1150.4196,0.00988456840328333
2025-07-03,2025-04-07,000698.SH,上证科创板100指数,900.2548,-0.131327525167486
2025-07-03,2025-04-08,000698.SH,上证科创板100指数,912.9713,0.0141254453739097
2025-07-03,2025-04-09,000698.SH,上证科创板100指数,939.5954,0.0291620338996417
2025-07-03,2025-04-10,000698.SH,上证科创板100指数,966.5007,0.0286349848030334
2025-07-03,2025-04-11,000698.SH,上证科创板100指数,1011.6016,0.0466641151941223
2025-07-03,2025-04-14,000698.SH,上证科创板100指数,1015.4325,0.00378696514517185
2025-07-03,2025-04-15,000698.SH,上证科创板100指数,1009.043,-0.00629239265042236
2025-07-03,2025-04-16,000698.SH,上证科创板100指数,999.6956,-0.00926362900292654
2025-07-03,2025-04-17,000698.SH,上证科创板100指数,1003.9362,0.00424189123169083
2025-07-03,2025-04-18,000698.SH,上证科创板100指数,997.9376,-0.00597508088661414
2025-07-03,2025-04-21,000698.SH,上证科创板100指数,1021.4985,0.0236095924234141
2025-07-03,2025-04-22,000698.SH,上证科创板100指数,1015.9906,-0.00539198050706879
2025-07-03,2025-04-23,000698.SH,上证科创板100指数,1019.0302,0.0029917599631335
2025-07-03,2025-04-24,000698.SH,上证科创板100指数,1009.534,-0.00931886022612483
2025-07-03,2025-04-25,000698.SH,上证科创板100指数,1004.4106,-0.00507501480881267
2025-07-03,2025-04-28,000698.SH,上证科创板100指数,1008.6085,0.00417946604705288
2025-07-03,2025-04-29,000698.SH,上证科创板100指数,1013.4942,0.00484400042236399
2025-07-03,2025-04-30,000698.SH,上证科创板100指数,1029.627,0.0159179993333953
2025-07-03,2025-05-06,000698.SH,上证科创板100指数,1046.1816,0.0160782496962493
2025-07-03,2025-05-07,000698.SH,上证科创板100指数,1036.9043,-0.00886777209616374
2025-07-03,2025-05-08,000698.SH,上证科创板100指数,1040.1695,0.00314898877360248
2025-07-03,2025-05-09,000698.SH,上证科创板100指数,1021.0951,-0.0183377805251932
2025-07-03,2025-05-12,000698.SH,上证科创板100指数,1028.6661,0.00741458851384147
2025-07-03,2025-05-13,000698.SH,上证科创板100指数,1026.7312,-0.00188097964927592
2025-07-03,2025-05-14,000698.SH,上证科创板100指数,1021.906,-0.00469957472803006
2025-07-03,2025-05-15,000698.SH,上证科创板100指数,1002.6961,-0.0187981086323008
2025-07-03,2025-05-16,000698.SH,上证科创板100指数,1007.952,0.00524176767018436
2025-07-03,2025-05-19,000698.SH,上证科创板100指数,1008.589,0.000631974538470192
2025-07-03,2025-05-20,000698.SH,上证科创板100指数,1016.9575,0.00829723504817115
2025-07-03,2025-05-21,000698.SH,上证科创板100指数,1016.5983,-0.000353210434064333
2025-07-03,2025-05-22,000698.SH,上证科创板100指数,1010.6417,-0.00585934483659867
2025-07-03,2025-05-23,000698.SH,上证科创板100指数,994.3734,-0.0160970005492551
2025-07-03,2025-05-26,000698.SH,上证科创板100指数,998.163,0.00381104321575787
2025-07-03,2025-05-27,000698.SH,上证科创板100指数,993.084,-0.00508834729397911
2025-07-03,2025-05-28,000698.SH,上证科创板100指数,986.2293,-0.00690243725606288
2025-07-03,2025-05-29,000698.SH,上证科创板100指数,1013.6225,0.0277756907039772
2025-07-03,2025-05-30,000698.SH,上证科创板100指数,1000.3684,-0.0130759725637503
2025-07-03,2025-06-03,000698.SH,上证科创板100指数,1013.1589,0.0127857897150689
2025-07-03,2025-06-04,000698.SH,上证科创板100指数,1016.6718,0.00346727448182116
2025-07-03,2025-06-05,000698.SH,上证科创板100指数,1034.589,0.0176233864261799
2025-07-03,2025-06-06,000698.SH,上证科创板100指数,1036.1092,0.00146937576177608
2025-07-03,2025-06-09,000698.SH,上证科创板100指数,1047.9547,0.0114326752431113
2025-07-03,2025-06-10,000698.SH,上证科创板100指数,1029.4114,-0.0176947534087113
2025-07-03,2025-06-11,000698.SH,上证科创板100指数,1029.5619,0.000146200051796663
2025-07-03,2025-06-12,000698.SH,上证科创板100指数,1034.1345,0.00444130654018959
2025-07-03,2025-06-13,000698.SH,上证科创板100指数,1021.2462,-0.0124628856304474
2025-07-03,2025-06-16,000698.SH,上证科创板100指数,1026.4787,0.00512364207573035
2025-07-03,2025-06-17,000698.SH,上证科创板100指数,1017.966,-0.00829310924815085
2025-07-03,2025-06-18,000698.SH,上证科创板100指数,1026.8547,0.00873182404913342
2025-07-03,2025-06-19,000698.SH,上证科创板100指数,1022.1249,-0.00460610444690968
2025-07-03,2025-06-20,000698.SH,上证科创板100指数,1016.8384,-0.00517206850160878
2025-07-03,2025-06-23,000698.SH,上证科创板100指数,1029.1945,0.0121514883780944
2025-07-03,2025-06-24,000698.SH,上证科创板100指数,1052.2619,0.0224130618653713
2025-07-03,2025-06-25,000698.SH,上证科创板100指数,1073.4954,0.0201789117329061
2025-07-03,2025-06-26,000698.SH,上证科创板100指数,1054.4088,-0.0177798619351327
2025-07-03,2025-06-27,000698.SH,上证科创板100指数,1053.8243,-0.000554339076077492
2025-07-03,2025-06-30,000698.SH,上证科创板100指数,1070.5721,0.0158924025570488
2025-07-03,2025-07-01,000698.SH,上证科创板100指数,1074.9306,0.00407118773224124
2025-07-03,2025-07-02,000698.SH,上证科创板100指数,1053.7513,-0.0197029464041679
2025-07-03,2025-07-03,000698.SH,上证科创板100指数,1067.149,0.0127142903643394
2025-07-03,2025-04-07,000813.CSI,中证细分化工产业主题指数,2471.6859,-0.088974023798418
2025-07-03,2025-04-08,000813.CSI,中证细分化工产业主题指数,2510.5855,0.0157380838722267
2025-07-03,2025-04-09,000813.CSI,中证细分化工产业主题指数,2526.5831,0.0063720594259784
2025-07-03,2025-04-10,000813.CSI,中证细分化工产业主题指数,2565.249,0.0153036327995704
2025-07-03,2025-04-11,000813.CSI,中证细分化工产业主题指数,2568.7878,0.00137951520495672
2025-07-03,2025-04-14,000813.CSI,中证细分化工产业主题指数,2580.7583,0.00465998008866286
2025-07-03,2025-04-15,000813.CSI,中证细分化工产业主题指数,2556.0744,-0.00956459192633419
2025-07-03,2025-04-16,000813.CSI,中证细分化工产业主题指数,2538.0749,-0.00704185292885051
2025-07-03,2025-04-17,000813.CSI,中证细分化工产业主题指数,2534.7669,-0.00130335003115944
2025-07-03,2025-04-18,000813.CSI,中证细分化工产业主题指数,2535.0969,0.000130189486062804
2025-07-03,2025-04-21,000813.CSI,中证细分化工产业主题指数,2561.5558,0.0104370369432427
2025-07-03,2025-04-22,000813.CSI,中证细分化工产业主题指数,2562.2039,0.000253010299443801
2025-07-03,2025-04-23,000813.CSI,中证细分化工产业主题指数,2583.1065,0.00815805486831089
2025-07-03,2025-04-24,000813.CSI,中证细分化工产业主题指数,2577.538,-0.00215573767477251
2025-07-03,2025-04-25,000813.CSI,中证细分化工产业主题指数,2597.9233,0.00790882617443467
2025-07-03,2025-04-28,000813.CSI,中证细分化工产业主题指数,2577.7225,-0.00777574919167168
2025-07-03,2025-04-29,000813.CSI,中证细分化工产业主题指数,2582.9616,0.00203245306661226
2025-07-03,2025-04-30,000813.CSI,中证细分化工产业主题指数,2587.1947,0.00163885518081264
2025-07-03,2025-05-06,000813.CSI,中证细分化工产业主题指数,2629.7252,0.0164388478377757
2025-07-03,2025-05-07,000813.CSI,中证细分化工产业主题指数,2648.9452,0.00730874845782381
2025-07-03,2025-05-08,000813.CSI,中证细分化工产业主题指数,2636.0566,-0.00486555931772403
2025-07-03,2025-05-09,000813.CSI,中证细分化工产业主题指数,2619.9331,-0.00611652268771457
2025-07-03,2025-05-12,000813.CSI,中证细分化工产业主题指数,2655.2411,0.0134766799961419
2025-07-03,2025-05-13,000813.CSI,中证细分化工产业主题指数,2655.5962,0.000133735501457677
2025-07-03,2025-05-14,000813.CSI,中证细分化工产业主题指数,2672.9771,0.00654500861237861
2025-07-03,2025-05-15,000813.CSI,中证细分化工产业主题指数,2647.0299,-0.00970722869268126
2025-07-03,2025-05-16,000813.CSI,中证细分化工产业主题指数,2641.4659,-0.00210197852317417
2025-07-03,2025-05-19,000813.CSI,中证细分化工产业主题指数,2634.7979,-0.00252435588890254
2025-07-03,2025-05-20,000813.CSI,中证细分化工产业主题指数,2640.6153,0.00220791127850828
2025-07-03,2025-05-21,000813.CSI,中证细分化工产业主题指数,2649.145,0.00323019411422787
2025-07-03,2025-05-22,000813.CSI,中证细分化工产业主题指数,2613.7439,-0.0133632171889421
2025-07-03,2025-05-23,000813.CSI,中证细分化工产业主题指数,2603.6471,-0.00386296453910417
2025-07-03,2025-05-26,000813.CSI,中证细分化工产业主题指数,2596.0462,-0.00291932804564798
2025-07-03,2025-05-27,000813.CSI,中证细分化工产业主题指数,2592.1423,-0.00150378679701468
2025-07-03,2025-05-28,000813.CSI,中证细分化工产业主题指数,2575.4575,-0.00643668366509043
2025-07-03,2025-05-29,000813.CSI,中证细分化工产业主题指数,2598.6571,0.00900795295593104
2025-07-03,2025-05-30,000813.CSI,中证细分化工产业主题指数,2571.4682,-0.0104626732014779
2025-07-03,2025-06-03,000813.CSI,中证细分化工产业主题指数,2574.4213,0.0011484100795025
2025-07-03,2025-06-04,000813.CSI,中证细分化工产业主题指数,2596.4141,0.00854281309745231
2025-07-03,2025-06-05,000813.CSI,中证细分化工产业主题指数,2601.96,0.00213598439478502
2025-07-03,2025-06-06,000813.CSI,中证细分化工产业主题指数,2622.3108,0.00782133468615975
2025-07-03,2025-06-09,000813.CSI,中证细分化工产业主题指数,2634.5114,0.00465261402271611
2025-07-03,2025-06-10,000813.CSI,中证细分化工产业主题指数,2618.7294,-0.00599048461130203
2025-07-03,2025-06-11,000813.CSI,中证细分化工产业主题指数,2631.849,0.0050099105314203
2025-07-03,2025-06-12,000813.CSI,中证细分化工产业主题指数,2635.8442,0.00151802022076497
2025-07-03,2025-06-13,000813.CSI,中证细分化工产业主题指数,2636.4687,0.000236925991300874
2025-07-03,2025-06-16,000813.CSI,中证细分化工产业主题指数,2627.9435,-0.0032335676884766
2025-07-03,2025-06-17,000813.CSI,中证细分化工产业主题指数,2622.666,-0.00200822430162584
2025-07-03,2025-06-18,000813.CSI,中证细分化工产业主题指数,2607.4455,-0.00580344580667169
2025-07-03,2025-06-19,000813.CSI,中证细分化工产业主题指数,2584.6913,-0.00872662535036683
2025-07-03,2025-06-20,000813.CSI,中证细分化工产业主题指数,2570.4902,-0.00549431183522764
2025-07-03,2025-06-23,000813.CSI,中证细分化工产业主题指数,2574.2234,0.00145232998748623
2025-07-03,2025-06-24,000813.CSI,中证细分化工产业主题指数,2609.9229,0.013868065996137
2025-07-03,2025-06-25,000813.CSI,中证细分化工产业主题指数,2619.3794,0.00362328710936244
2025-07-03,2025-06-26,000813.CSI,中证细分化工产业主题指数,2615.1825,-0.00160224975427381
2025-07-03,2025-06-27,000813.CSI,中证细分化工产业主题指数,2633.6692,0.00706899040506737
2025-07-03,2025-06-30,000813.CSI,中证细分化工产业主题指数,2643.6998,0.00380860284199702
2025-07-03,2025-07-01,000813.CSI,中证细分化工产业主题指数,2649.3272,0.00212860779427393
2025-07-03,2025-07-02,000813.CSI,中证细分化工产业主题指数,2662.7506,0.00506672033563826
2025-07-03,2025-07-03,000813.CSI,中证细分化工产业主题指数,2675.3316,0.00472481350675502
2025-07-03,2025-04-07,000815.CSI,中证细分食品饮料产业主题指数,20218.7314,-0.0417158268380861
2025-07-03,2025-04-08,000815.CSI,中证细分食品饮料产业主题指数,20883.5836,0.0328829829551027
2025-07-03,2025-04-09,000815.CSI,中证细分食品饮料产业主题指数,21255.2829,0.0177986358624771
2025-07-03,2025-04-10,000815.CSI,中证细分食品饮料产业主题指数,21341.2761,0.00404573302574107
2025-07-03,2025-04-11,000815.CSI,中证细分食品饮料产业主题指数,21130.7738,-0.00986362291615728
2025-07-03,2025-04-14,000815.CSI,中证细分食品饮料产业主题指数,21048.6382,-0.0038870133567942
2025-07-03,2025-04-15,000815.CSI,中证细分食品饮料产业主题指数,21141.5103,0.00441226169206521
2025-07-03,2025-04-16,000815.CSI,中证细分食品饮料产业主题指数,21255.8028,0.00540607072901511
2025-07-03,2025-04-17,000815.CSI,中证细分食品饮料产业主题指数,21394.1445,0.0065084203735648
2025-07-03,2025-04-18,000815.CSI,中证细分食品饮料产业主题指数,21178.0504,-0.0101006188866304
2025-07-03,2025-04-21,000815.CSI,中证细分食品饮料产业主题指数,21023.986,-0.00727472062300882
2025-07-03,2025-04-22,000815.CSI,中证细分食品饮料产业主题指数,21055.5601,0.00150181321467757
2025-07-03,2025-04-23,000815.CSI,中证细分食品饮料产业主题指数,20972.5955,-0.00394027038967248
2025-07-03,2025-04-24,000815.CSI,中证细分食品饮料产业主题指数,20947.2917,-0.00120651733353638
2025-07-03,2025-04-25,000815.CSI,中证细分食品饮料产业主题指数,20873.0152,-0.00354587605232037
2025-07-03,2025-04-28,000815.CSI,中证细分食品饮料产业主题指数,20835.2056,-0.00181141055270251
2025-07-03,2025-04-29,000815.CSI,中证细分食品饮料产业主题指数,20730.1797,-0.00504079019023462
2025-07-03,2025-04-30,000815.CSI,中证细分食品饮料产业主题指数,20778.1176,0.00231246910030403
2025-07-03,2025-05-06,000815.CSI,中证细分食品饮料产业主题指数,20836.4657,0.00280815139866175
2025-07-03,2025-05-07,000815.CSI,中证细分食品饮料产业主题指数,20887.0725,0.00242876122700597
2025-07-03,2025-05-08,000815.CSI,中证细分食品饮料产业主题指数,20982.755,0.00458094354773753
2025-07-03,2025-05-09,000815.CSI,中证细分食品饮料产业主题指数,21007.8584,0.00119638245788023
2025-07-03,2025-05-12,000815.CSI,中证细分食品饮料产业主题指数,21073.6902,0.00313367496802996
2025-07-03,2025-05-13,000815.CSI,中证细分食品饮料产业主题指数,21025.2354,-0.00229930304280546
2025-07-03,2025-05-14,000815.CSI,中证细分食品饮料产业主题指数,21317.4022,0.0138960061298528
2025-07-03,2025-05-15,000815.CSI,中证细分食品饮料产业主题指数,21225.3699,-0.00431723805445672
2025-07-03,2025-05-16,000815.CSI,中证细分食品饮料产业主题指数,21017.7321,-0.0097825291610113
2025-07-03,2025-05-19,000815.CSI,中证细分食品饮料产业主题指数,20859.8709,-0.00751085793885442
2025-07-03,2025-05-20,000815.CSI,中证细分食品饮料产业主题指数,21003.2779,0.00687477888465748
2025-07-03,2025-05-21,000815.CSI,中证细分食品饮料产业主题指数,21002.9113,-1.74544183887404e-05
2025-07-03,2025-05-22,000815.CSI,中证细分食品饮料产业主题指数,20945.6578,-0.00272597923126972
2025-07-03,2025-05-23,000815.CSI,中证细分食品饮料产业主题指数,20822.2479,-0.00589190853676613
2025-07-03,2025-05-26,000815.CSI,中证细分食品饮料产业主题指数,20721.0428,-0.00486043103924427
2025-07-03,2025-05-27,000815.CSI,中证细分食品饮料产业主题指数,20758.8102,0.00182265923411928
2025-07-03,2025-05-28,000815.CSI,中证细分食品饮料产业主题指数,20910.9807,0.00733040567035959
2025-07-03,2025-05-29,000815.CSI,中证细分食品饮料产业主题指数,20862.0871,-0.0023381782376185
2025-07-03,2025-05-30,000815.CSI,中证细分食品饮料产业主题指数,20704.2556,-0.00756547028317223
2025-07-03,2025-06-03,000815.CSI,中证细分食品饮料产业主题指数,20662.7355,-0.00200538965525532
2025-07-03,2025-06-04,000815.CSI,中证细分食品饮料产业主题指数,20722.2053,0.0028781184369322
2025-07-03,2025-06-05,000815.CSI,中证细分食品饮料产业主题指数,20619.8599,-0.0049389241404727
2025-07-03,2025-06-06,000815.CSI,中证细分食品饮料产业主题指数,20486.2554,-0.00647940871800012
2025-07-03,2025-06-09,000815.CSI,中证细分食品饮料产业主题指数,20404.5321,-0.00398917705575408
2025-07-03,2025-06-10,000815.CSI,中证细分食品饮料产业主题指数,20244.0966,-0.00786273849425834
2025-07-03,2025-06-11,000815.CSI,中证细分食品饮料产业主题指数,20267.2499,0.00114370625953231
2025-07-03,2025-06-12,000815.CSI,中证细分食品饮料产业主题指数,20043.7894,-0.0110256942161648
2025-07-03,2025-06-13,000815.CSI,中证细分食品饮料产业主题指数,19604.3342,-0.021924756403597
2025-07-03,2025-06-16,000815.CSI,中证细分食品饮料产业主题指数,19573.9977,-0.00154743842308103
2025-07-03,2025-06-17,000815.CSI,中证细分食品饮料产业主题指数,19542.3239,-0.00161815692866873
2025-07-03,2025-06-18,000815.CSI,中证细分食品饮料产业主题指数,19601.4559,0.00302584279651619
2025-07-03,2025-06-19,000815.CSI,中证细分食品饮料产业主题指数,19429.0996,-0.00879303562344058
2025-07-03,2025-06-20,000815.CSI,中证细分食品饮料产业主题指数,19643.8997,0.011055586950617
2025-07-03,2025-06-23,000815.CSI,中证细分食品饮料产业主题指数,19434.8662,-0.0106411406692328
2025-07-03,2025-06-24,000815.CSI,中证细分食品饮料产业主题指数,19615.46,0.00929225846689907
2025-07-03,2025-06-25,000815.CSI,中证细分食品饮料产业主题指数,19688.5016,0.00372367510117022
2025-07-03,2025-06-26,000815.CSI,中证细分食品饮料产业主题指数,19599.4951,-0.00452073508732631
2025-07-03,2025-06-27,000815.CSI,中证细分食品饮料产业主题指数,19446.6729,-0.00779725187920777
2025-07-03,2025-06-30,000815.CSI,中证细分食品饮料产业主题指数,19507.1945,0.00311218275286573
2025-07-03,2025-07-01,000815.CSI,中证细分食品饮料产业主题指数,19491.6011,-0.000799366613174479
2025-07-03,2025-07-02,000815.CSI,中证细分食品饮料产业主题指数,19484.6707,-0.000355558271711298
2025-07-03,2025-07-03,000815.CSI,中证细分食品饮料产业主题指数,19505.2431,0.0010558248746797
2025-07-03,2025-04-07,000819.SH,中证申万有色金属指数,4712.1121,-0.0825207757273638
2025-07-03,2025-04-08,000819.SH,中证申万有色金属指数,4696.0677,-0.00340492748464127
2025-07-03,2025-04-09,000819.SH,中证申万有色金属指数,4755.7012,0.0126986031312966
2025-07-03,2025-04-10,000819.SH,中证申万有色金属指数,4922.9459,0.0351672010007691
2025-07-03,2025-04-11,000819.SH,中证申万有色金属指数,4968.4279,0.00923877713139198
2025-07-03,2025-04-14,000819.SH,中证申万有色金属指数,5081.0746,0.0226725037108821
2025-07-03,2025-04-15,000819.SH,中证申万有色金属指数,5048.1456,-0.00648071571316822
2025-07-03,2025-04-16,000819.SH,中证申万有色金属指数,5047.3267,-0.000162217983570079
2025-07-03,2025-04-17,000819.SH,中证申万有色金属指数,5017.0824,-0.0059921423354663
2025-07-03,2025-04-18,000819.SH,中证申万有色金属指数,5003.8337,-0.00264071803963195
2025-07-03,2025-04-21,000819.SH,中证申万有色金属指数,5191.3041,0.0374653538146161
2025-07-03,2025-04-22,000819.SH,中证申万有色金属指数,5171.046,-0.00390231425664311
2025-07-03,2025-04-23,000819.SH,中证申万有色金属指数,5094.7958,-0.0147456046610299
2025-07-03,2025-04-24,000819.SH,中证申万有色金属指数,5065.0618,-0.00583615147048666
2025-07-03,2025-04-25,000819.SH,中证申万有色金属指数,5074.6939,0.0019016747238898
2025-07-03,2025-04-28,000819.SH,中证申万有色金属指数,5056.0248,-0.00367886228566416
2025-07-03,2025-04-29,000819.SH,中证申万有色金属指数,5045.9082,-0.0020008999955855
2025-07-03,2025-04-30,000819.SH,中证申万有色金属指数,5033.8014,-0.00239933021373628
2025-07-03,2025-05-06,000819.SH,中证申万有色金属指数,5150.8794,0.023258366927229
2025-07-03,2025-05-07,000819.SH,中证申万有色金属指数,5166.172,0.00296892992680031
2025-07-03,2025-05-08,000819.SH,中证申万有色金属指数,5127.9576,-0.0073970436911508
2025-07-03,2025-05-09,000819.SH,中证申万有色金属指数,5113.0849,-0.00290031649247646
2025-07-03,2025-05-12,000819.SH,中证申万有色金属指数,5155.642,0.00832317491931334
2025-07-03,2025-05-13,000819.SH,中证申万有色金属指数,5170.023,0.00278937133338597
2025-07-03,2025-05-14,000819.SH,中证申万有色金属指数,5214.1731,0.00853963318925266
2025-07-03,2025-05-15,000819.SH,中证申万有色金属指数,5150.6988,-0.0121734163370986
2025-07-03,2025-05-16,000819.SH,中证申万有色金属指数,5141.1768,-0.00184868119254034
2025-07-03,2025-05-19,000819.SH,中证申万有色金属指数,5113.4671,-0.0053897582358966
2025-07-03,2025-05-20,000819.SH,中证申万有色金属指数,5133.9,0.0039958993771565
2025-07-03,2025-05-21,000819.SH,中证申万有色金属指数,5245.7765,0.0217917177973861
2025-07-03,2025-05-22,000819.SH,中证申万有色金属指数,5186.9847,-0.0112074542253182
2025-07-03,2025-05-23,000819.SH,中证申万有色金属指数,5191.1433,0.000801737471868735
2025-07-03,2025-05-26,000819.SH,中证申万有色金属指数,5201.3323,0.00196276608276258
2025-07-03,2025-05-27,000819.SH,中证申万有色金属指数,5099.2695,-0.0196224340444466
2025-07-03,2025-05-28,000819.SH,中证申万有色金属指数,5099.7084,8.60711519561352e-05
2025-07-03,2025-05-29,000819.SH,中证申万有色金属指数,5117.3409,0.00345755063171849
2025-07-03,2025-05-30,000819.SH,中证申万有色金属指数,5077.7322,-0.0077400940789385
2025-07-03,2025-06-03,000819.SH,中证申万有色金属指数,5142.6497,0.0127847427637084
2025-07-03,2025-06-04,000819.SH,中证申万有色金属指数,5210.6738,0.0132274418768985
2025-07-03,2025-06-05,000819.SH,中证申万有色金属指数,5188.7236,-0.00421254541015392
2025-07-03,2025-06-06,000819.SH,中证申万有色金属指数,5247.5816,0.0113434448502905
2025-07-03,2025-06-09,000819.SH,中证申万有色金属指数,5265.3449,0.0033850450272177
2025-07-03,2025-06-10,000819.SH,中证申万有色金属指数,5266.8224,0.000280608398511628
2025-07-03,2025-06-11,000819.SH,中证申万有色金属指数,5373.0116,0.0201619101490873
2025-07-03,2025-06-12,000819.SH,中证申万有色金属指数,5432.9715,0.0111594585055428
2025-07-03,2025-06-13,000819.SH,中证申万有色金属指数,5423.5817,-0.00172829914532036
2025-07-03,2025-06-16,000819.SH,中证申万有色金属指数,5400.9161,-0.00417908335371797
2025-07-03,2025-06-17,000819.SH,中证申万有色金属指数,5401.7483,0.000154084970881208
2025-07-03,2025-06-18,000819.SH,中证申万有色金属指数,5384.7987,-0.00313779892335964
2025-07-03,2025-06-19,000819.SH,中证申万有色金属指数,5297.8645,-0.0161443732334879
2025-07-03,2025-06-20,000819.SH,中证申万有色金属指数,5262.3042,-0.00671219507407184
2025-07-03,2025-06-23,000819.SH,中证申万有色金属指数,5304.6823,0.00805314523626377
2025-07-03,2025-06-24,000819.SH,中证申万有色金属指数,5335.324,0.00577634969769991
2025-07-03,2025-06-25,000819.SH,中证申万有色金属指数,5376.7228,0.0077593788118584
2025-07-03,2025-06-26,000819.SH,中证申万有色金属指数,5389.2077,0.00232202783450175
2025-07-03,2025-06-27,000819.SH,中证申万有色金属指数,5490.0512,0.0187121197796849
2025-07-03,2025-06-30,000819.SH,中证申万有色金属指数,5489.1687,-0.000160745313267707
2025-07-03,2025-07-01,000819.SH,中证申万有色金属指数,5571.2468,0.0149527377433307
2025-07-03,2025-07-02,000819.SH,中证申万有色金属指数,5621.4575,0.00901247096071933
2025-07-03,2025-07-03,000819.SH,中证申万有色金属指数,5631.3896,0.00176681937024337
2025-07-03,2025-04-07,000825.CSI,中证中央企业红利指数,2978.7076,-0.064402002005624
2025-07-03,2025-04-08,000825.CSI,中证中央企业红利指数,3054.1038,0.0253117157253031
2025-07-03,2025-04-09,000825.CSI,中证中央企业红利指数,3067.8918,0.00451458133151861
2025-07-03,2025-04-10,000825.CSI,中证中央企业红利指数,3087.215,0.00629852721663782
2025-07-03,2025-04-11,000825.CSI,中证中央企业红利指数,3069.4177,-0.00576483983136911
2025-07-03,2025-04-14,000825.CSI,中证中央企业红利指数,3092.8129,0.00762203202255596
2025-07-03,2025-04-15,000825.CSI,中证中央企业红利指数,3108.086,0.00493825539850801
2025-07-03,2025-04-16,000825.CSI,中证中央企业红利指数,3135.6407,0.00886548827799483
2025-07-03,2025-04-17,000825.CSI,中证中央企业红利指数,3142.2411,0.0021049605587784
2025-07-03,2025-04-18,000825.CSI,中证中央企业红利指数,3141.1588,-0.000344435695911471
2025-07-03,2025-04-21,000825.CSI,中证中央企业红利指数,3126.9756,-0.00451527633687288
2025-07-03,2025-04-22,000825.CSI,中证中央企业红利指数,3146.337,0.00619173363552949
2025-07-03,2025-04-23,000825.CSI,中证中央企业红利指数,3142.6803,-0.00116220862545879
2025-07-03,2025-04-24,000825.CSI,中证中央企业红利指数,3159.0527,0.00520969313996078
2025-07-03,2025-04-25,000825.CSI,中证中央企业红利指数,3152.3141,-0.0021331078142508
2025-07-03,2025-04-28,000825.CSI,中证中央企业红利指数,3155.1609,0.000903082595735016
2025-07-03,2025-04-29,000825.CSI,中证中央企业红利指数,3140.2362,-0.00473025004842065
2025-07-03,2025-04-30,000825.CSI,中证中央企业红利指数,3099.1222,-0.0130926457060778
2025-07-03,2025-05-06,000825.CSI,中证中央企业红利指数,3117.0823,0.00579522162759516
2025-07-03,2025-05-07,000825.CSI,中证中央企业红利指数,3151.6868,0.0111015676422788
2025-07-03,2025-05-08,000825.CSI,中证中央企业红利指数,3150.0702,-0.000512931678363415
2025-07-03,2025-05-09,000825.CSI,中证中央企业红利指数,3154.7334,0.00148034796176932
2025-07-03,2025-05-12,000825.CSI,中证中央企业红利指数,3168.8183,0.0044646878877308
2025-07-03,2025-05-13,000825.CSI,中证中央企业红利指数,3200.4975,0.00999716518930738
2025-07-03,2025-05-14,000825.CSI,中证中央企业红利指数,3243.8609,0.0135489560607376
2025-07-03,2025-05-15,000825.CSI,中证中央企业红利指数,3232.0465,-0.00364207972049613
2025-07-03,2025-05-16,000825.CSI,中证中央企业红利指数,3204.0416,-0.00866475776261255
2025-07-03,2025-05-19,000825.CSI,中证中央企业红利指数,3212.0255,0.00249182157934524
2025-07-03,2025-05-20,000825.CSI,中证中央企业红利指数,3213.2182,0.000371323328535178
2025-07-03,2025-05-21,000825.CSI,中证中央企业红利指数,3229.7802,0.00515433405674104
2025-07-03,2025-05-22,000825.CSI,中证中央企业红利指数,3233.6435,0.0011961495088737
2025-07-03,2025-05-23,000825.CSI,中证中央企业红利指数,3204.5159,-0.00900767199600083
2025-07-03,2025-05-26,000825.CSI,中证中央企业红利指数,3196.8605,-0.0023889411814122
2025-07-03,2025-05-27,000825.CSI,中证中央企业红利指数,3185.8986,-0.00342895787914421
2025-07-03,2025-05-28,000825.CSI,中证中央企业红利指数,3193.993,0.00254069605354035
2025-07-03,2025-05-29,000825.CSI,中证中央企业红利指数,3199.751,0.00180275911687988
2025-07-03,2025-05-30,000825.CSI,中证中央企业红利指数,3201.0133,0.000394499446988217
2025-07-03,2025-06-03,000825.CSI,中证中央企业红利指数,3199.886,-0.000352169733252916
2025-07-03,2025-06-04,000825.CSI,中证中央企业红利指数,3206.5571,0.00208479302075126
2025-07-03,2025-06-05,000825.CSI,中证中央企业红利指数,3198.1522,-0.00262116024692027
2025-07-03,2025-06-06,000825.CSI,中证中央企业红利指数,3208.0203,0.00308556296976747
2025-07-03,2025-06-09,000825.CSI,中证中央企业红利指数,3203.9332,-0.00127402560389045
2025-07-03,2025-06-10,000825.CSI,中证中央企业红利指数,3203.3752,-0.000174160934441447
2025-07-03,2025-06-11,000825.CSI,中证中央企业红利指数,3214.6566,0.00352172296270514
2025-07-03,2025-06-12,000825.CSI,中证中央企业红利指数,3203.3864,-0.00350587991264761
2025-07-03,2025-06-13,000825.CSI,中证中央企业红利指数,3192.1264,-0.00351503021927035
2025-07-03,2025-06-16,000825.CSI,中证中央企业红利指数,3201.2443,0.00285637185294418
2025-07-03,2025-06-17,000825.CSI,中证中央企业红利指数,3215.1079,0.00433069103785688
2025-07-03,2025-06-18,000825.CSI,中证中央企业红利指数,3213.6353,-0.000458025063482359
2025-07-03,2025-06-19,000825.CSI,中证中央企业红利指数,3194.4696,-0.00596386901774448
2025-07-03,2025-06-20,000825.CSI,中证中央企业红利指数,3212.9932,0.00579864651083239
2025-07-03,2025-06-23,000825.CSI,中证中央企业红利指数,3227.3651,0.0044730564633626
2025-07-03,2025-06-24,000825.CSI,中证中央企业红利指数,3248.6612,0.00659860268055823
2025-07-03,2025-06-25,000825.CSI,中证中央企业红利指数,3251.8974,0.000996164204503547
2025-07-03,2025-06-26,000825.CSI,中证中央企业红利指数,3249.4762,-0.000744549935677519
2025-07-03,2025-06-27,000825.CSI,中证中央企业红利指数,3218.2648,-0.00960505573175152
2025-07-03,2025-06-30,000825.CSI,中证中央企业红利指数,3227.4353,0.00284951691980107
2025-07-03,2025-07-01,000825.CSI,中证中央企业红利指数,3253.6741,0.00812992285236525
2025-07-03,2025-07-02,000825.CSI,中证中央企业红利指数,3278.1865,0.00753376006527495
2025-07-03,2025-07-03,000825.CSI,中证中央企业红利指数,3279.2697,0.000330426594093991
2025-07-03,2025-04-07,000852.SH,中证1000指数,5496.4427,-0.113942449909781
2025-07-03,2025-04-08,000852.SH,中证1000指数,5530.0189,0.00610871464192653
2025-07-03,2025-04-09,000852.SH,中证1000指数,5652.3303,0.0221177182595163
2025-07-03,2025-04-10,000852.SH,中证1000指数,5784.5853,0.0233983141431067
2025-07-03,2025-04-11,000852.SH,中证1000指数,5862.1876,0.0134153609939853
2025-07-03,2025-04-14,000852.SH,中证1000指数,5938.5262,0.0130222035200647
2025-07-03,2025-04-15,000852.SH,中证1000指数,5914.0286,-0.0041251986056744
2025-07-03,2025-04-16,000852.SH,中证1000指数,5835.348,-0.0133040614649715
2025-07-03,2025-04-17,000852.SH,中证1000指数,5839.5639,0.000722476191651333
2025-07-03,2025-04-18,000852.SH,中证1000指数,5831.6869,-0.00134890209866534
2025-07-03,2025-04-21,000852.SH,中证1000指数,5952.6374,0.0207402252682667
2025-07-03,2025-04-22,000852.SH,中证1000指数,5949.3123,-0.000558592734037577
2025-07-03,2025-04-23,000852.SH,中证1000指数,5984.5833,0.00592858438445076
2025-07-03,2025-04-24,000852.SH,中证1000指数,5920.4776,-0.0107118067852777
2025-07-03,2025-04-25,000852.SH,中证1000指数,5939.5021,0.00321333873469931
2025-07-03,2025-04-28,000852.SH,中证1000指数,5877.0566,-0.0105135917032506
2025-07-03,2025-04-29,000852.SH,中证1000指数,5903.3812,0.00447921498663129
2025-07-03,2025-04-30,000852.SH,中证1000指数,5950.1169,0.00791676810570863
2025-07-03,2025-05-06,000852.SH,中证1000指数,6102.9221,0.0256810416615512
2025-07-03,2025-05-07,000852.SH,中证1000指数,6111.4946,0.00140465499305664
2025-07-03,2025-05-08,000852.SH,中证1000指数,6158.0774,0.00762216168856633
2025-07-03,2025-05-09,000852.SH,中证1000指数,6082.0817,-0.0123408159825988
2025-07-03,2025-05-12,000852.SH,中证1000指数,6167.4606,0.0140377759147827
2025-07-03,2025-05-13,000852.SH,中证1000指数,6151.0098,-0.00266735388629813
2025-07-03,2025-05-14,000852.SH,中证1000指数,6160.3697,0.0015216851060782
2025-07-03,2025-05-15,000852.SH,中证1000指数,6057.0357,-0.0167739932880976
2025-07-03,2025-05-16,000852.SH,中证1000指数,6068.1165,0.001829409722647
2025-07-03,2025-05-19,000852.SH,中证1000指数,6095.3369,0.00448580708692714
2025-07-03,2025-05-20,000852.SH,中证1000指数,6146.0166,0.00831450350184904
2025-07-03,2025-05-21,000852.SH,中证1000指数,6132.1809,-0.00225116541338333
2025-07-03,2025-05-22,000852.SH,中证1000指数,6066.1031,-0.0107755790439907
2025-07-03,2025-05-23,000852.SH,中证1000指数,5989.6752,-0.012599175902566
2025-07-03,2025-05-26,000852.SH,中证1000指数,6028.7861,0.00652971967495009
2025-07-03,2025-05-27,000852.SH,中证1000指数,6008.4599,-0.00337152449313149
2025-07-03,2025-05-28,000852.SH,中证1000指数,5984.4557,-0.00399506702208319
2025-07-03,2025-05-29,000852.SH,中证1000指数,6089.5778,0.0175658581615032
2025-07-03,2025-05-30,000852.SH,中证1000指数,6026.5603,-0.0103484185718097
2025-07-03,2025-06-03,000852.SH,中证1000指数,6070.0368,0.00721414834262912
2025-07-03,2025-06-04,000852.SH,中证1000指数,6123.172,0.00875368663333309
2025-07-03,2025-06-05,000852.SH,中证1000指数,6167.0149,0.00716016143266929
2025-07-03,2025-06-06,000852.SH,中证1000指数,6152.8446,-0.00229775673154275
2025-07-03,2025-06-09,000852.SH,中证1000指数,6218.9637,0.0107461027050806
2025-07-03,2025-06-10,000852.SH,中证1000指数,6161.6919,-0.00920921921444895
2025-07-03,2025-06-11,000852.SH,中证1000指数,6186.5122,0.00402816310890208
2025-07-03,2025-06-12,000852.SH,中证1000指数,6192.22,0.000922620018433129
2025-07-03,2025-06-13,000852.SH,中证1000指数,6106.0083,-0.0139225834999402
2025-07-03,2025-06-16,000852.SH,中证1000指数,6147.46,0.00678867403439321
2025-07-03,2025-06-17,000852.SH,中证1000指数,6141.4684,-0.000974646439342419
2025-07-03,2025-06-18,000852.SH,中证1000指数,6135.3858,-0.000990414605080425
2025-07-03,2025-06-19,000852.SH,中证1000指数,6048.2243,-0.0142063600955624
2025-07-03,2025-06-20,000852.SH,中证1000指数,5999.5914,-0.00804085589219961
2025-07-03,2025-06-23,000852.SH,中证1000指数,6078.2224,0.0131060591892973
2025-07-03,2025-06-24,000852.SH,中证1000指数,6194.666,0.0191575089453786
2025-07-03,2025-06-25,000852.SH,中证1000指数,6276.1634,0.0131560603913108
2025-07-03,2025-06-26,000852.SH,中证1000指数,6247.791,-0.00452065986682249
2025-07-03,2025-06-27,000852.SH,中证1000指数,6276.9373,0.00466505681768159
2025-07-03,2025-06-30,000852.SH,中证1000指数,6356.1813,0.0126246282562039
2025-07-03,2025-07-01,000852.SH,中证1000指数,6373.7679,0.00276684996382959
2025-07-03,2025-07-02,000852.SH,中证1000指数,6309.4837,-0.0100857453563692
2025-07-03,2025-07-03,000852.SH,中证1000指数,6342.638,0.00525467717746864
2025-07-03,2025-04-07,000903.SH,中证A100指数,3437.9365,-0.0685337968894741
2025-07-03,2025-04-08,000903.SH,中证A100指数,3500.9157,0.018318895651505
2025-07-03,2025-04-09,000903.SH,中证A100指数,3529.0416,0.00803386953876095
2025-07-03,2025-04-10,000903.SH,中证A100指数,3576.8353,0.0135429687198927
2025-07-03,2025-04-11,000903.SH,中证A100指数,3598.2651,0.0059912739062935
2025-07-03,2025-04-14,000903.SH,中证A100指数,3601.5894,0.000923861891109601
2025-07-03,2025-04-15,000903.SH,中证A100指数,3600.6818,-0.000251999853175922
2025-07-03,2025-04-16,000903.SH,中证A100指数,3611.9927,0.00314132173523363
2025-07-03,2025-04-17,000903.SH,中证A100指数,3611.7707,-6.14619182369713e-05
2025-07-03,2025-04-18,000903.SH,中证A100指数,3611.8822,3.0871284270706e-05
2025-07-03,2025-04-21,000903.SH,中证A100指数,3625.6904,0.00382299289827337
2025-07-03,2025-04-22,000903.SH,中证A100指数,3621.9955,-0.00101908866791278
2025-07-03,2025-04-23,000903.SH,中证A100指数,3625.5207,0.000973275643219251
2025-07-03,2025-04-24,000903.SH,中证A100指数,3624.1361,-0.000381903763506219
2025-07-03,2025-04-25,000903.SH,中证A100指数,3628.5326,0.00121311669283064
2025-07-03,2025-04-28,000903.SH,中证A100指数,3624.5145,-0.00110736224334862
2025-07-03,2025-04-29,000903.SH,中证A100指数,3621.3927,-0.000861301561905781
2025-07-03,2025-04-30,000903.SH,中证A100指数,3617.5059,-0.00107328873778301
2025-07-03,2025-05-06,000903.SH,中证A100指数,3653.1421,0.00985104129339498
2025-07-03,2025-05-07,000903.SH,中证A100指数,3675.9439,0.00624169533399765
2025-07-03,2025-05-08,000903.SH,中证A100指数,3697.1511,0.00576918488881173
2025-07-03,2025-05-09,000903.SH,中证A100指数,3694.5983,-0.000690477595032601
2025-07-03,2025-05-12,000903.SH,中证A100指数,3737.3447,0.0115699723025369
2025-07-03,2025-05-13,000903.SH,中证A100指数,3740.9271,0.000958541501403287
2025-07-03,2025-05-14,000903.SH,中证A100指数,3783.8694,0.0114790528796993
2025-07-03,2025-05-15,000903.SH,中证A100指数,3753.743,-0.00796179699013932
2025-07-03,2025-05-16,000903.SH,中证A100指数,3736.1061,-0.00469848362021585
2025-07-03,2025-05-19,000903.SH,中证A100指数,3725.5036,-0.00283784767247375
2025-07-03,2025-05-20,000903.SH,中证A100指数,3749.093,0.00633186879754999
2025-07-03,2025-05-21,000903.SH,中证A100指数,3768.3354,0.00513254805895724
2025-07-03,2025-05-22,000903.SH,中证A100指数,3762.3742,-0.00158191863707247
2025-07-03,2025-05-23,000903.SH,中证A100指数,3731.4442,-0.00822087287330442
2025-07-03,2025-05-26,000903.SH,中证A100指数,3704.3189,-0.00726938379515352
2025-07-03,2025-05-27,000903.SH,中证A100指数,3679.8329,-0.0066101220388991
2025-07-03,2025-05-28,000903.SH,中证A100指数,3675.0639,-0.00129598276052145
2025-07-03,2025-05-29,000903.SH,中证A100指数,3692.1559,0.00465080348670943
2025-07-03,2025-05-30,000903.SH,中证A100指数,3668.4014,-0.00643377491183406
2025-07-03,2025-06-03,000903.SH,中证A100指数,3677.1404,0.00238223657858172
2025-07-03,2025-06-04,000903.SH,中证A100指数,3690.7367,0.00369751995327672
2025-07-03,2025-06-05,000903.SH,中证A100指数,3698.5861,0.00212678406454736
2025-07-03,2025-06-06,000903.SH,中证A100指数,3697.5585,-0.000277835900589163
2025-07-03,2025-06-09,000903.SH,中证A100指数,3700.296,0.000740353398059668
2025-07-03,2025-06-10,000903.SH,中证A100指数,3678.6733,-0.00584350549253354
2025-07-03,2025-06-11,000903.SH,中证A100指数,3707.9414,0.00795615636756875
2025-07-03,2025-06-12,000903.SH,中证A100指数,3703.2355,-0.00126914087692986
2025-07-03,2025-06-13,000903.SH,中证A100指数,3681.3838,-0.00590070493761463
2025-07-03,2025-06-16,000903.SH,中证A100指数,3683.7298,0.000637260369320991
2025-07-03,2025-06-17,000903.SH,中证A100指数,3682.8627,-0.000235386428179329
2025-07-03,2025-06-18,000903.SH,中证A100指数,3683.1994,9.14234462228158e-05
2025-07-03,2025-06-19,000903.SH,中证A100指数,3655.1637,-0.00761177904188404
2025-07-03,2025-06-20,000903.SH,中证A100指数,3656.3456,0.00032335077085599
2025-07-03,2025-06-23,000903.SH,中证A100指数,3665.9859,0.00263659430880936
2025-07-03,2025-06-24,000903.SH,中证A100指数,3709.8503,0.0119652396917294
2025-07-03,2025-06-25,000903.SH,中证A100指数,3750.8623,0.0110548935087758
2025-07-03,2025-06-26,000903.SH,中证A100指数,3734.1098,-0.00446630632108236
2025-07-03,2025-06-27,000903.SH,中证A100指数,3715.4441,-0.00499870143079351
2025-07-03,2025-06-30,000903.SH,中证A100指数,3729.8657,0.00388152791748353
2025-07-03,2025-07-01,000903.SH,中证A100指数,3733.1522,0.000881130921148277
2025-07-03,2025-07-02,000903.SH,中证A100指数,3736.253,0.000830611728072528
2025-07-03,2025-07-03,000903.SH,中证A100指数,3760.817,0.00657450124496384
2025-07-03,2025-04-07,000905.SH,中证小盘500指数,5287.0333,-0.0955385801174219
2025-07-03,2025-04-08,000905.SH,中证小盘500指数,5326.914,0.0075431149639249
2025-07-03,2025-04-09,000905.SH,中证小盘500指数,5439.7716,0.0211863003607717
2025-07-03,2025-04-10,000905.SH,中证小盘500指数,5544.0646,0.0191723123081122
2025-07-03,2025-04-11,000905.SH,中证小盘500指数,5581.3184,0.0067195825964943
2025-07-03,2025-04-14,000905.SH,中证小盘500指数,5627.1375,0.00820936859649501
2025-07-03,2025-04-15,000905.SH,中证小盘500指数,5602.534,-0.00437229408380369
2025-07-03,2025-04-16,000905.SH,中证小盘500指数,5556.8642,-0.00815163281472275
2025-07-03,2025-04-17,000905.SH,中证小盘500指数,5557.0105,2.63277983292287e-05
2025-07-03,2025-04-18,000905.SH,中证小盘500指数,5560.7207,0.000667661146222409
2025-07-03,2025-04-21,000905.SH,中证小盘500指数,5642.3805,0.0146851108706108
2025-07-03,2025-04-22,000905.SH,中证小盘500指数,5624.209,-0.00322053785631793
2025-07-03,2025-04-23,000905.SH,中证小盘500指数,5634.9487,0.00190954852495695
2025-07-03,2025-04-24,000905.SH,中证小盘500指数,5605.8796,-0.00515871599682882
2025-07-03,2025-04-25,000905.SH,中证小盘500指数,5627.1804,0.00379972484603486
2025-07-03,2025-04-28,000905.SH,中证小盘500指数,5598.2951,-0.00513317468905028
2025-07-03,2025-04-29,000905.SH,中证小盘500指数,5604.9057,0.00118082378329798
2025-07-03,2025-04-30,000905.SH,中证小盘500指数,5631.8249,0.00480279266785866
2025-07-03,2025-05-06,000905.SH,中证小盘500指数,5740.3338,0.0192670940461945
2025-07-03,2025-05-07,000905.SH,中证小盘500指数,5750.2911,0.00173462038043848
2025-07-03,2025-05-08,000905.SH,中证小盘500指数,5773.8056,0.00408927123706815
2025-07-03,2025-05-09,000905.SH,中证小盘500指数,5721.7225,-0.00902058427460739
2025-07-03,2025-05-12,000905.SH,中证小盘500指数,5793.6743,0.0125751991642378
2025-07-03,2025-05-13,000905.SH,中证小盘500指数,5781.6683,-0.00207226008545203
2025-07-03,2025-05-14,000905.SH,中证小盘500指数,5799.1191,0.00301829836900191
2025-07-03,2025-05-15,000905.SH,中证小盘500指数,5715.2966,-0.0144543504891976
2025-07-03,2025-05-16,000905.SH,中证小盘500指数,5715.8491,9.66703985232353e-05
2025-07-03,2025-05-19,000905.SH,中证小盘500指数,5720.7949,0.000865278266355851
2025-07-03,2025-05-20,000905.SH,中证小盘500指数,5747.367,0.00464482654324838
2025-07-03,2025-05-21,000905.SH,中证小盘500指数,5757.9225,0.00183658012442911
2025-07-03,2025-05-22,000905.SH,中证小盘500指数,5703.2797,-0.00949002005497634
2025-07-03,2025-05-23,000905.SH,中证小盘500指数,5653.0436,-0.00880828271494383
2025-07-03,2025-05-26,000905.SH,中证小盘500指数,5669.4609,0.00290415237554509
2025-07-03,2025-05-27,000905.SH,中证小盘500指数,5652.1454,-0.00305417045913481
2025-07-03,2025-05-28,000905.SH,中证小盘500指数,5637.2378,-0.00263751176677096
2025-07-03,2025-05-29,000905.SH,中证小盘500指数,5719.9101,0.0146653916214072
2025-07-03,2025-05-30,000905.SH,中证小盘500指数,5671.0723,-0.00853821111629016
2025-07-03,2025-06-03,000905.SH,中证小盘500指数,5694.8385,0.00419077711282223
2025-07-03,2025-06-04,000905.SH,中证小盘500指数,5739.0058,0.00775567208797923
2025-07-03,2025-06-05,000905.SH,中证小盘500指数,5769.9675,0.0053949588271891
2025-07-03,2025-06-06,000905.SH,中证小盘500指数,5762.0778,-0.00136737338641846
2025-07-03,2025-06-09,000905.SH,中证小盘500指数,5805.6543,0.00756263651976385
2025-07-03,2025-06-10,000905.SH,中证小盘500指数,5757.9921,-0.00820961730360004
2025-07-03,2025-06-11,000905.SH,中证小盘500指数,5792.9464,0.00607057102422903
2025-07-03,2025-06-12,000905.SH,中证小盘500指数,5799.9319,0.0012058630475158
2025-07-03,2025-06-13,000905.SH,中证小盘500指数,5740.2397,-0.0102918794615502
2025-07-03,2025-06-16,000905.SH,中证小盘500指数,5767.8083,0.00480269142767664
2025-07-03,2025-06-17,000905.SH,中证小盘500指数,5750.9122,-0.00292937960507456
2025-07-03,2025-06-18,000905.SH,中证小盘500指数,5745.8714,-0.000876521815095677
2025-07-03,2025-06-19,000905.SH,中证小盘500指数,5676.8317,-0.0120155317085586
2025-07-03,2025-06-20,000905.SH,中证小盘500指数,5639.513,-0.0065738605567609
2025-07-03,2025-06-23,000905.SH,中证小盘500指数,5674.1704,0.00614545972320668
2025-07-03,2025-06-24,000905.SH,中证小盘500指数,5765.8373,0.0161551193457286
2025-07-03,2025-06-25,000905.SH,中证小盘500指数,5862.5529,0.0167739037658936
2025-07-03,2025-06-26,000905.SH,中证小盘500指数,5838.2454,-0.00414623124338886
2025-07-03,2025-06-27,000905.SH,中证小盘500指数,5863.7282,0.00436480453528043
2025-07-03,2025-06-30,000905.SH,中证小盘500指数,5915.3876,0.00880999225032308
2025-07-03,2025-07-01,000905.SH,中证小盘500指数,5934.67,0.00325970186636626
2025-07-03,2025-07-02,000905.SH,中证小盘500指数,5892.9505,-0.00702979272647009
2025-07-03,2025-07-03,000905.SH,中证小盘500指数,5922.66,0.00504153225111925
2025-07-03,2025-04-07,000906.SH,中证800指数,3867.3703,-0.0770128370042367
2025-07-03,2025-04-08,000906.SH,中证800指数,3923.9848,0.0146390171119637
2025-07-03,2025-04-09,000906.SH,中证800指数,3974.0171,0.0127503806844511
2025-07-03,2025-04-10,000906.SH,中证800指数,4032.2882,0.0146630219583102
2025-07-03,2025-04-11,000906.SH,中证800指数,4051.6145,0.00479288657988297
2025-07-03,2025-04-14,000906.SH,中证800指数,4067.1182,0.00382654865116105
2025-07-03,2025-04-15,000906.SH,中证800指数,4064.1805,-0.000722305046359395
2025-07-03,2025-04-16,000906.SH,中证800指数,4064.899,0.0001767884078967
2025-07-03,2025-04-17,000906.SH,中证800指数,4064.4471,-0.000111171273874167
2025-07-03,2025-04-18,000906.SH,中证800指数,4065.3838,0.000230461850518449
2025-07-03,2025-04-21,000906.SH,中证800指数,4090.5961,0.00620170228454198
2025-07-03,2025-04-22,000906.SH,中证800指数,4086.4452,-0.00101474208123364
2025-07-03,2025-04-23,000906.SH,中证800指数,4090.8066,0.00106728459248639
2025-07-03,2025-04-24,000906.SH,中证800指数,4083.3335,-0.00182680354529585
2025-07-03,2025-04-25,000906.SH,中证800指数,4089.4394,0.00149532238794592
2025-07-03,2025-04-28,000906.SH,中证800指数,4079.7171,-0.00237741632752897
2025-07-03,2025-04-29,000906.SH,中证800指数,4075.7144,-0.00098112195083333
2025-07-03,2025-04-30,000906.SH,中证800指数,4077.1505,0.000352355405472071
2025-07-03,2025-05-06,000906.SH,中证800指数,4127.92,0.0124522016050179
2025-07-03,2025-05-07,000906.SH,中证800指数,4148.2841,0.0049332593654916
2025-07-03,2025-05-08,000906.SH,中证800指数,4169.7353,0.00517110195032222
2025-07-03,2025-05-09,000906.SH,中证800指数,4154.5704,-0.00363689752680485
2025-07-03,2025-05-12,000906.SH,中证800指数,4203.6794,0.0118204760713647
2025-07-03,2025-05-13,000906.SH,中证800指数,4205.9547,0.000541263922267721
2025-07-03,2025-05-14,000906.SH,中证800指数,4246.8487,0.00972288170388502
2025-07-03,2025-05-15,000906.SH,中证800指数,4202.2781,-0.0104949818438315
2025-07-03,2025-05-16,000906.SH,中证800指数,4187.8673,-0.00342928279782351
2025-07-03,2025-05-19,000906.SH,中证800指数,4179.2269,-0.00206319813428668
2025-07-03,2025-05-20,000906.SH,中证800指数,4201.0559,0.0052232148486604
2025-07-03,2025-05-21,000906.SH,中证800指数,4217.6264,0.00394436551058508
2025-07-03,2025-05-22,000906.SH,中证800指数,4205.3666,-0.00290680084893247
2025-07-03,2025-05-23,000906.SH,中证800指数,4170.635,-0.00825887569468975
2025-07-03,2025-05-26,000906.SH,中证800指数,4155.9502,-0.00352099860093247
2025-07-03,2025-05-27,000906.SH,中证800指数,4136.1095,-0.00477404661874936
2025-07-03,2025-05-28,000906.SH,中证800指数,4130.7823,-0.00128797363802857
2025-07-03,2025-05-29,000906.SH,中证800指数,4164.2809,0.00810950506880981
2025-07-03,2025-05-30,000906.SH,中证800指数,4140.3272,-0.00575218160715341
2025-07-03,2025-06-03,000906.SH,中证800指数,4154.2223,0.00335603910724758
2025-07-03,2025-06-04,000906.SH,中证800指数,4175.9083,0.00522023099245317
2025-07-03,2025-06-05,000906.SH,中证800指数,4188.7744,0.00308103029944418
2025-07-03,2025-06-06,000906.SH,中证800指数,4184.4334,-0.00103634132217778
2025-07-03,2025-06-09,000906.SH,中证800指数,4201.6269,0.00410891950150294
2025-07-03,2025-06-10,000906.SH,中证800指数,4176.8413,-0.00589904829484034
2025-07-03,2025-06-11,000906.SH,中证800指数,4206.76,0.00716299659266451
2025-07-03,2025-06-12,000906.SH,中证800指数,4206.1257,-0.00015078112371536
2025-07-03,2025-06-13,000906.SH,中证800指数,4172.4851,-0.00799800158136021
2025-07-03,2025-06-16,000906.SH,中证800指数,4185.3671,0.00308736872421678
2025-07-03,2025-06-17,000906.SH,中证800指数,4179.4523,-0.00141320936937661
2025-07-03,2025-06-18,000906.SH,中证800指数,4182.1773,0.00065199930622506
2025-07-03,2025-06-19,000906.SH,中证800指数,4143.6716,-0.00920709411339415
2025-07-03,2025-06-20,000906.SH,中证800指数,4139.4889,-0.00100941879660521
2025-07-03,2025-06-23,000906.SH,中证800指数,4155.0207,0.00375210572493612
2025-07-03,2025-06-24,000906.SH,中证800指数,4209.1841,0.0130356510618588
2025-07-03,2025-06-25,000906.SH,中证800指数,4272.221,0.0149760377551553
2025-07-03,2025-06-26,000906.SH,中证800指数,4256.4066,-0.0037016811630296
2025-07-03,2025-06-27,000906.SH,中证800指数,4241.7783,-0.00343677222942007
2025-07-03,2025-06-30,000906.SH,中证800指数,4262.9555,0.00499252872315381
2025-07-03,2025-07-01,000906.SH,中证800指数,4271.9295,0.00210511228653454
2025-07-03,2025-07-02,000906.SH,中证800指数,4264.8285,-0.00166224653286073
2025-07-03,2025-07-03,000906.SH,中证800指数,4289.9329,0.00588637972195127
2025-07-03,2025-04-07,000913.SH,沪深300医药卫生指数,7539.9371,-0.0611536259464637
2025-07-03,2025-04-08,000913.SH,沪深300医药卫生指数,7567.2417,0.00362132994451625
2025-07-03,2025-04-09,000913.SH,沪深300医药卫生指数,7568.8929,0.00021820368179859
2025-07-03,2025-04-10,000913.SH,沪深300医药卫生指数,7653.9036,0.0112315897612978
2025-07-03,2025-04-11,000913.SH,沪深300医药卫生指数,7628.3985,-0.00333229961244863
2025-07-03,2025-04-14,000913.SH,沪深300医药卫生指数,7652.6456,0.00317853085414965
2025-07-03,2025-04-15,000913.SH,沪深300医药卫生指数,7631.2314,-0.00279827410274958
2025-07-03,2025-04-16,000913.SH,沪深300医药卫生指数,7638.3139,0.000928093990178347
2025-07-03,2025-04-17,000913.SH,沪深300医药卫生指数,7642.0246,0.000485800930490665
2025-07-03,2025-04-18,000913.SH,沪深300医药卫生指数,7595.7551,-0.00605461280509345
2025-07-03,2025-04-21,000913.SH,沪深300医药卫生指数,7640.903,0.00594383302326329
2025-07-03,2025-04-22,000913.SH,沪深300医药卫生指数,7713.9523,0.00956029673456138
2025-07-03,2025-04-23,000913.SH,沪深300医药卫生指数,7704.4568,-0.00123095135032136
2025-07-03,2025-04-24,000913.SH,沪深300医药卫生指数,7712.7355,0.00107453389835355
2025-07-03,2025-04-25,000913.SH,沪深300医药卫生指数,7702.1793,-0.00136867133587038
2025-07-03,2025-04-28,000913.SH,沪深300医药卫生指数,7668.2727,-0.00440220860607587
2025-07-03,2025-04-29,000913.SH,沪深300医药卫生指数,7694.1874,0.0033794703206107
2025-07-03,2025-04-30,000913.SH,沪深300医药卫生指数,7773.0314,0.0102472159698113
2025-07-03,2025-05-06,000913.SH,沪深300医药卫生指数,7821.6113,0.00624980107503492
2025-07-03,2025-05-07,000913.SH,沪深300医药卫生指数,7823.6119,0.000255778499246073
2025-07-03,2025-05-08,000913.SH,沪深300医药卫生指数,7834.1613,0.00134840533181357
2025-07-03,2025-05-09,000913.SH,沪深300医药卫生指数,7848.4305,0.00182140748110471
2025-07-03,2025-05-12,000913.SH,沪深300医药卫生指数,7818.1952,-0.00385240080803417
2025-07-03,2025-05-13,000913.SH,沪深300医药卫生指数,7891.363,0.00935865607448627
2025-07-03,2025-05-14,000913.SH,沪深300医药卫生指数,7959.5245,0.00863748125640651
2025-07-03,2025-05-15,000913.SH,沪深300医药卫生指数,7968.7475,0.00115873756026508
2025-07-03,2025-05-16,000913.SH,沪深300医药卫生指数,7969.0232,3.45976579128049e-05
2025-07-03,2025-05-19,000913.SH,沪深300医药卫生指数,7945.6762,-0.00292971916558105
2025-07-03,2025-05-20,000913.SH,沪深300医药卫生指数,8059.5885,0.0143363883869319
2025-07-03,2025-05-21,000913.SH,沪深300医药卫生指数,8112.2357,0.00653224417102694
2025-07-03,2025-05-22,000913.SH,沪深300医药卫生指数,8088.3376,-0.00294593264838205
2025-07-03,2025-05-23,000913.SH,沪深300医药卫生指数,8082.1061,-0.000770430255037757
2025-07-03,2025-05-26,000913.SH,沪深300医药卫生指数,7977.7433,-0.0129128223149656
2025-07-03,2025-05-27,000913.SH,沪深300医药卫生指数,8001.2779,0.00295003224784129
2025-07-03,2025-05-28,000913.SH,沪深300医药卫生指数,8007.6646,0.000798209995930721
2025-07-03,2025-05-29,000913.SH,沪深300医药卫生指数,8109.1658,0.0126755059146708
2025-07-03,2025-05-30,000913.SH,沪深300医药卫生指数,8131.0105,0.00269382826036191
2025-07-03,2025-06-03,000913.SH,沪深300医药卫生指数,8208.8014,0.00956718725181815
2025-07-03,2025-06-04,000913.SH,沪深300医药卫生指数,8260.0022,0.00623730524166421
2025-07-03,2025-06-05,000913.SH,沪深300医药卫生指数,8196.5062,-0.0076871650227891
2025-07-03,2025-06-06,000913.SH,沪深300医药卫生指数,8137.0329,-0.00725593302180383
2025-07-03,2025-06-09,000913.SH,沪深300医药卫生指数,8241.5108,0.0128398030687573
2025-07-03,2025-06-10,000913.SH,沪深300医药卫生指数,8256.6868,0.00184140995119475
2025-07-03,2025-06-11,000913.SH,沪深300医药卫生指数,8231.7997,-0.00301417512893909
2025-07-03,2025-06-12,000913.SH,沪深300医药卫生指数,8350.6733,0.0144407789708489
2025-07-03,2025-06-13,000913.SH,沪深300医药卫生指数,8212.7637,-0.0165147880949912
2025-07-03,2025-06-16,000913.SH,沪深300医药卫生指数,8147.0069,-0.00800665919561272
2025-07-03,2025-06-17,000913.SH,沪深300医药卫生指数,8000.1052,-0.0180313705147347
2025-07-03,2025-06-18,000913.SH,沪深300医药卫生指数,7946.2156,-0.00673611142013475
2025-07-03,2025-06-19,000913.SH,沪深300医药卫生指数,7872.1221,-0.00932437574434819
2025-07-03,2025-06-20,000913.SH,沪深300医药卫生指数,7885.5464,0.00170529621231363
2025-07-03,2025-06-23,000913.SH,沪深300医药卫生指数,7886.7086,0.000147383572557391
2025-07-03,2025-06-24,000913.SH,沪深300医药卫生指数,7949.3536,0.00794311076739929
2025-07-03,2025-06-25,000913.SH,沪深300医药卫生指数,8031.715,0.010360766943365
2025-07-03,2025-06-26,000913.SH,沪深300医药卫生指数,7944.6154,-0.0108444584998347
2025-07-03,2025-06-27,000913.SH,沪深300医药卫生指数,7945.2577,8.0847211307411e-05
2025-07-03,2025-06-30,000913.SH,沪深300医药卫生指数,8014.4928,0.00871401565741525
2025-07-03,2025-07-01,000913.SH,沪深300医药卫生指数,8066.8874,0.0065374816981556
2025-07-03,2025-07-02,000913.SH,沪深300医药卫生指数,8014.2701,-0.00652262730232234
2025-07-03,2025-07-03,000913.SH,沪深300医药卫生指数,8066.5587,0.00652443695402782
2025-07-03,2025-04-07,000922.CSI,中证红利指数,5121.6285,-0.0667165146414592
2025-07-03,2025-04-08,000922.CSI,中证红利指数,5252.4983,0.0255523804586764
2025-07-03,2025-04-09,000922.CSI,中证红利指数,5268.1457,0.0029790395172522
2025-07-03,2025-04-10,000922.CSI,中证红利指数,5317.9582,0.00945541426464347
2025-07-03,2025-04-11,000922.CSI,中证红利指数,5294.0132,-0.00450266796004517
2025-07-03,2025-04-14,000922.CSI,中证红利指数,5341.428,0.00895630558684668
2025-07-03,2025-04-15,000922.CSI,中证红利指数,5367.0496,0.00479676970278375
2025-07-03,2025-04-16,000922.CSI,中证红利指数,5391.4484,0.00454603587043434
2025-07-03,2025-04-17,000922.CSI,中证红利指数,5380.304,-0.00206705122133788
2025-07-03,2025-04-18,000922.CSI,中证红利指数,5382.3435,0.000379067799886279
2025-07-03,2025-04-21,000922.CSI,中证红利指数,5375.0356,-0.00135775429420282
2025-07-03,2025-04-22,000922.CSI,中证红利指数,5395.8835,0.00387865338045379
2025-07-03,2025-04-23,000922.CSI,中证红利指数,5371.8464,-0.00445471070678227
2025-07-03,2025-04-24,000922.CSI,中证红利指数,5400.7061,0.00537239858533556
2025-07-03,2025-04-25,000922.CSI,中证红利指数,5392.2779,-0.00156057371831442
2025-07-03,2025-04-28,000922.CSI,中证红利指数,5391.3773,-0.000167016614629589
2025-07-03,2025-04-29,000922.CSI,中证红利指数,5377.2308,-0.00262391207530588
2025-07-03,2025-04-30,000922.CSI,中证红利指数,5341.7697,-0.00659467694784466
2025-07-03,2025-05-06,000922.CSI,中证红利指数,5355.2618,0.00252577343422367
2025-07-03,2025-05-07,000922.CSI,中证红利指数,5391.5036,0.00676751228109884
2025-07-03,2025-05-08,000922.CSI,中证红利指数,5394.128,0.000486765881042794
2025-07-03,2025-05-09,000922.CSI,中证红利指数,5421.8433,0.00513805011671975
2025-07-03,2025-05-12,000922.CSI,中证红利指数,5440.6068,0.00346072340379133
2025-07-03,2025-05-13,000922.CSI,中证红利指数,5478.6417,0.00699092976173188
2025-07-03,2025-05-14,000922.CSI,中证红利指数,5509.5627,0.00564391717750046
2025-07-03,2025-05-15,000922.CSI,中证红利指数,5486.9433,-0.00410548009554379
2025-07-03,2025-05-16,000922.CSI,中证红利指数,5456.4608,-0.00555546108887262
2025-07-03,2025-05-19,000922.CSI,中证红利指数,5470.9617,0.00265756513819371
2025-07-03,2025-05-20,000922.CSI,中证红利指数,5486.8581,0.00290559518996458
2025-07-03,2025-05-21,000922.CSI,中证红利指数,5528.7956,0.00764326309076591
2025-07-03,2025-05-22,000922.CSI,中证红利指数,5519.0537,-0.00176202932877456
2025-07-03,2025-05-23,000922.CSI,中证红利指数,5464.7734,-0.00983507371925019
2025-07-03,2025-05-26,000922.CSI,中证红利指数,5427.8603,-0.00675473570413732
2025-07-03,2025-05-27,000922.CSI,中证红利指数,5413.7524,-0.00259916416787664
2025-07-03,2025-05-28,000922.CSI,中证红利指数,5431.0191,0.00318941442538079
2025-07-03,2025-05-29,000922.CSI,中证红利指数,5440.6604,0.00177522852018686
2025-07-03,2025-05-30,000922.CSI,中证红利指数,5445.7952,0.000943782486405587
2025-07-03,2025-06-03,000922.CSI,中证红利指数,5465.689,0.00365305694933227
2025-07-03,2025-06-04,000922.CSI,中证红利指数,5480.8722,0.00277791143989337
2025-07-03,2025-06-05,000922.CSI,中证红利指数,5449.4941,-0.005725019459494
2025-07-03,2025-06-06,000922.CSI,中证红利指数,5448.3034,-0.000218497346386681
2025-07-03,2025-06-09,000922.CSI,中证红利指数,5458.8793,0.00194113639119275
2025-07-03,2025-06-10,000922.CSI,中证红利指数,5454.5726,-0.000788934827703369
2025-07-03,2025-06-11,000922.CSI,中证红利指数,5471.4803,0.00309972957367921
2025-07-03,2025-06-12,000922.CSI,中证红利指数,5471.5999,2.18588011731136e-05
2025-07-03,2025-06-13,000922.CSI,中证红利指数,5416.3064,-0.0101055451806701
2025-07-03,2025-06-16,000922.CSI,中证红利指数,5428.601,0.00226992328203579
2025-07-03,2025-06-17,000922.CSI,中证红利指数,5426.0202,-0.000475407936593508
2025-07-03,2025-06-18,000922.CSI,中证红利指数,5419.9498,-0.00111875735368616
2025-07-03,2025-06-19,000922.CSI,中证红利指数,5384.7423,-0.00649590887354723
2025-07-03,2025-06-20,000922.CSI,中证红利指数,5393.71,0.0016653907467401
2025-07-03,2025-06-23,000922.CSI,中证红利指数,5407.4346,0.00254455652973551
2025-07-03,2025-06-24,000922.CSI,中证红利指数,5424.751,0.00320233184142449
2025-07-03,2025-06-25,000922.CSI,中证红利指数,5443.2012,0.00340111463180537
2025-07-03,2025-06-26,000922.CSI,中证红利指数,5444.7023,0.000275775218450347
2025-07-03,2025-06-27,000922.CSI,中证红利指数,5416.1974,-0.0052353459251574
2025-07-03,2025-06-30,000922.CSI,中证红利指数,5410.2588,-0.00109645191292329
2025-07-03,2025-07-01,000922.CSI,中证红利指数,5454.3266,0.00814522957755748
2025-07-03,2025-07-02,000922.CSI,中证红利指数,5493.4691,0.00717641294160853
2025-07-03,2025-07-03,000922.CSI,中证红利指数,5493.1321,-6.13455712348276e-05
2025-07-03,2025-04-07,000928.SH,中证能源指数,2462.4132,-0.0765768123920447
2025-07-03,2025-04-08,000928.SH,中证能源指数,2552.1316,0.0364351523131863
2025-07-03,2025-04-09,000928.SH,中证能源指数,2547.7519,-0.00171609489103142
2025-07-03,2025-04-10,000928.SH,中证能源指数,2555.6007,0.00308067673308376
2025-07-03,2025-04-11,000928.SH,中证能源指数,2531.0184,-0.00961899094799901
2025-07-03,2025-04-14,000928.SH,中证能源指数,2580.0706,0.0193804201502448
2025-07-03,2025-04-15,000928.SH,中证能源指数,2586.7946,0.00260613023535106
2025-07-03,2025-04-16,000928.SH,中证能源指数,2609.7641,0.00887952217002441
2025-07-03,2025-04-17,000928.SH,中证能源指数,2607.1905,-0.000986142770528442
2025-07-03,2025-04-18,000928.SH,中证能源指数,2605.7082,-0.000568543035117774
2025-07-03,2025-04-21,000928.SH,中证能源指数,2592.722,-0.00498375067476853
2025-07-03,2025-04-22,000928.SH,中证能源指数,2595.9586,0.00124834054711598
2025-07-03,2025-04-23,000928.SH,中证能源指数,2598.7904,0.00109084944575
2025-07-03,2025-04-24,000928.SH,中证能源指数,2607.5502,0.00337072200974742
2025-07-03,2025-04-25,000928.SH,中证能源指数,2595.5114,-0.00461690056820396
2025-07-03,2025-04-28,000928.SH,中证能源指数,2582.6682,-0.00494823486423512
2025-07-03,2025-04-29,000928.SH,中证能源指数,2563.5606,-0.00739839519455121
2025-07-03,2025-04-30,000928.SH,中证能源指数,2557.6985,-0.00228670233112482
2025-07-03,2025-05-06,000928.SH,中证能源指数,2563.0212,0.00208105060076469
2025-07-03,2025-05-07,000928.SH,中证能源指数,2589.8563,0.0104701045781439
2025-07-03,2025-05-08,000928.SH,中证能源指数,2580.6736,-0.003545640736901
2025-07-03,2025-05-09,000928.SH,中证能源指数,2583.9809,0.00128156462715778
2025-07-03,2025-05-12,000928.SH,中证能源指数,2591.7062,0.00298968928137211
2025-07-03,2025-05-13,000928.SH,中证能源指数,2606.6341,0.00575987355356866
2025-07-03,2025-05-14,000928.SH,中证能源指数,2640.9645,0.0131703947247523
2025-07-03,2025-05-15,000928.SH,中证能源指数,2635.851,-0.00193622443618602
2025-07-03,2025-05-16,000928.SH,中证能源指数,2609.0903,-0.0101525844973788
2025-07-03,2025-05-19,000928.SH,中证能源指数,2611.9225,0.00108551244853428
2025-07-03,2025-05-20,000928.SH,中证能源指数,2613.0572,0.000434430960336796
2025-07-03,2025-05-21,000928.SH,中证能源指数,2662.5747,0.0189500252807324
2025-07-03,2025-05-22,000928.SH,中证能源指数,2660.5334,-0.00076666393622693
2025-07-03,2025-05-23,000928.SH,中证能源指数,2634.5247,-0.00977574647249302
2025-07-03,2025-05-26,000928.SH,中证能源指数,2629.8467,-0.00177565235960775
2025-07-03,2025-05-27,000928.SH,中证能源指数,2616.0731,-0.00523741554973522
2025-07-03,2025-05-28,000928.SH,中证能源指数,2648.5292,0.0124064193771956
2025-07-03,2025-05-29,000928.SH,中证能源指数,2649.2017,0.000253914512250875
2025-07-03,2025-05-30,000928.SH,中证能源指数,2642.8525,-0.00239664650675719
2025-07-03,2025-06-03,000928.SH,中证能源指数,2631.8799,-0.00415180188830067
2025-07-03,2025-06-04,000928.SH,中证能源指数,2639.3092,0.00282281117766825
2025-07-03,2025-06-05,000928.SH,中证能源指数,2629.6095,-0.00367509043654302
2025-07-03,2025-06-06,000928.SH,中证能源指数,2642.0793,0.00474207291995254
2025-07-03,2025-06-09,000928.SH,中证能源指数,2650.7053,0.00326485279983846
2025-07-03,2025-06-10,000928.SH,中证能源指数,2647.9126,-0.00105356864831407
2025-07-03,2025-06-11,000928.SH,中证能源指数,2672.1944,0.00917016671924897
2025-07-03,2025-06-12,000928.SH,中证能源指数,2661.8084,-0.00388669327351332
2025-07-03,2025-06-13,000928.SH,中证能源指数,2685.3568,0.00884676748333968
2025-07-03,2025-06-16,000928.SH,中证能源指数,2679.0603,-0.00234475359103115
2025-07-03,2025-06-17,000928.SH,中证能源指数,2703.47,0.0091112917465872
2025-07-03,2025-06-18,000928.SH,中证能源指数,2677.8689,-0.00946971854690448
2025-07-03,2025-06-19,000928.SH,中证能源指数,2675.4932,-0.000887160682138011
2025-07-03,2025-06-20,000928.SH,中证能源指数,2662.929,-0.00469603137096364
2025-07-03,2025-06-23,000928.SH,中证能源指数,2686.2351,0.00875205459852668
2025-07-03,2025-06-24,000928.SH,中证能源指数,2656.6841,-0.0110008986182929
2025-07-03,2025-06-25,000928.SH,中证能源指数,2625.2666,-0.0118258320588436
2025-07-03,2025-06-26,000928.SH,中证能源指数,2620.7145,-0.00173395722933434
2025-07-03,2025-06-27,000928.SH,中证能源指数,2619.3995,-0.000501771558863107
2025-07-03,2025-06-30,000928.SH,中证能源指数,2621.2911,0.000722150248558817
2025-07-03,2025-07-01,000928.SH,中证能源指数,2627.3337,0.00230519990702294
2025-07-03,2025-07-02,000928.SH,中证能源指数,2658.6648,0.0119250554278658
2025-07-03,2025-07-03,000928.SH,中证能源指数,2633.9921,-0.00928010932404866
2025-07-03,2025-04-07,000932.SH,中证主要消费指数,15816.3607,-0.0342523569756146
2025-07-03,2025-04-08,000932.SH,中证主要消费指数,16450.0826,0.0400674916322565
2025-07-03,2025-04-09,000932.SH,中证主要消费指数,16719.6321,0.0163859055637809
2025-07-03,2025-04-10,000932.SH,中证主要消费指数,16738.342,0.00111903778074174
2025-07-03,2025-04-11,000932.SH,中证主要消费指数,16511.3819,-0.0135592939850315
2025-07-03,2025-04-14,000932.SH,中证主要消费指数,16451.0034,-0.00365678053876273
2025-07-03,2025-04-15,000932.SH,中证主要消费指数,16489.7248,0.0023537409274379
2025-07-03,2025-04-16,000932.SH,中证主要消费指数,16568.668,0.00478741767721935
2025-07-03,2025-04-17,000932.SH,中证主要消费指数,16655.4923,0.00524027037055719
2025-07-03,2025-04-18,000932.SH,中证主要消费指数,16481.8239,-0.0104270949709485
2025-07-03,2025-04-21,000932.SH,中证主要消费指数,16391.9439,-0.00545327996132761
2025-07-03,2025-04-22,000932.SH,中证主要消费指数,16423.4833,0.00192407930337057
2025-07-03,2025-04-23,000932.SH,中证主要消费指数,16312.3975,-0.00676383919116608
2025-07-03,2025-04-24,000932.SH,中证主要消费指数,16324.6944,0.000753837686949588
2025-07-03,2025-04-25,000932.SH,中证主要消费指数,16239.9929,-0.00518855042088884
2025-07-03,2025-04-28,000932.SH,中证主要消费指数,16225.5087,-0.000891884626378014
2025-07-03,2025-04-29,000932.SH,中证主要消费指数,16175.9752,-0.00305281645807498
2025-07-03,2025-04-30,000932.SH,中证主要消费指数,16217.9275,0.00259349433226119
2025-07-03,2025-05-06,000932.SH,中证主要消费指数,16235.9193,0.00110937726167548
2025-07-03,2025-05-07,000932.SH,中证主要消费指数,16273.1157,0.00229099438798031
2025-07-03,2025-05-08,000932.SH,中证主要消费指数,16303.5972,0.00187312009340657
2025-07-03,2025-05-09,000932.SH,中证主要消费指数,16316.3928,0.000784832932452462
2025-07-03,2025-05-12,000932.SH,中证主要消费指数,16330.6356,0.000872913527798946
2025-07-03,2025-05-13,000932.SH,中证主要消费指数,16318.1615,-0.000763846570674742
2025-07-03,2025-05-14,000932.SH,中证主要消费指数,16538.6728,0.0135132441237329
2025-07-03,2025-05-15,000932.SH,中证主要消费指数,16487.1363,-0.00311612065993605
2025-07-03,2025-05-16,000932.SH,中证主要消费指数,16320.6169,-0.0100999589601256
2025-07-03,2025-05-19,000932.SH,中证主要消费指数,16230.5608,-0.00551793480306506
2025-07-03,2025-05-20,000932.SH,中证主要消费指数,16349.4238,0.00732340684124733
2025-07-03,2025-05-21,000932.SH,中证主要消费指数,16358.0062,0.000524935930769521
2025-07-03,2025-05-22,000932.SH,中证主要消费指数,16329.9901,-0.00171268427566673
2025-07-03,2025-05-23,000932.SH,中证主要消费指数,16217.4028,-0.00689451122202467
2025-07-03,2025-05-26,000932.SH,中证主要消费指数,16161.2594,-0.00346192301519443
2025-07-03,2025-05-27,000932.SH,中证主要消费指数,16157.8697,-0.000209742317483053
2025-07-03,2025-05-28,000932.SH,中证主要消费指数,16234.0553,0.00471507701290608
2025-07-03,2025-05-29,000932.SH,中证主要消费指数,16226.5302,-0.000463537906021605
2025-07-03,2025-05-30,000932.SH,中证主要消费指数,16211.9483,-0.000898645602003034
2025-07-03,2025-06-03,000932.SH,中证主要消费指数,16298.4264,0.00533422007026751
2025-07-03,2025-06-04,000932.SH,中证主要消费指数,16340.8422,0.00260244755898631
2025-07-03,2025-06-05,000932.SH,中证主要消费指数,16205.8377,-0.00826178347160089
2025-07-03,2025-06-06,000932.SH,中证主要消费指数,16137.3119,-0.00422846391951703
2025-07-03,2025-06-09,000932.SH,中证主要消费指数,16180.3796,0.00266882739001906
2025-07-03,2025-06-10,000932.SH,中证主要消费指数,16069.8002,-0.00683416599200182
2025-07-03,2025-06-11,000932.SH,中证主要消费指数,16197.7122,0.00795977538040571
2025-07-03,2025-06-12,000932.SH,中证主要消费指数,16010.0252,-0.0115872536616621
2025-07-03,2025-06-13,000932.SH,中证主要消费指数,15713.7268,-0.0185070539426758
2025-07-03,2025-06-16,000932.SH,中证主要消费指数,15639.2765,-0.00473791487834707
2025-07-03,2025-06-17,000932.SH,中证主要消费指数,15605.3047,-0.0021722104599915
2025-07-03,2025-06-18,000932.SH,中证主要消费指数,15619.7427,0.000925198211605638
2025-07-03,2025-06-19,000932.SH,中证主要消费指数,15503.0969,-0.00746784388452193
2025-07-03,2025-06-20,000932.SH,中证主要消费指数,15617.4941,0.00737899019388832
2025-07-03,2025-06-23,000932.SH,中证主要消费指数,15474.8528,-0.0091334306955172
2025-07-03,2025-06-24,000932.SH,中证主要消费指数,15604.0761,0.0083505350047659
2025-07-03,2025-06-25,000932.SH,中证主要消费指数,15666.119,0.00397607007312661
2025-07-03,2025-06-26,000932.SH,中证主要消费指数,15597.4627,-0.00438247022124627
2025-07-03,2025-06-27,000932.SH,中证主要消费指数,15477.8072,-0.00767147210424168
2025-07-03,2025-06-30,000932.SH,中证主要消费指数,15522.0298,0.00285716183362217
2025-07-03,2025-07-01,000932.SH,中证主要消费指数,15537.877,0.0010209489483135
2025-07-03,2025-07-02,000932.SH,中证主要消费指数,15541.6796,0.000244730988667285
2025-07-03,2025-07-03,000932.SH,中证主要消费指数,15591.3594,0.00319655283589815
2025-07-03,2025-04-07,000933.SH,中证医药卫生指数,7395.4719,-0.0689068341780413
2025-07-03,2025-04-08,000933.SH,中证医药卫生指数,7452.7871,0.00775003958841358
2025-07-03,2025-04-09,000933.SH,中证医药卫生指数,7462.8482,0.00134997818467153
2025-07-03,2025-04-10,000933.SH,中证医药卫生指数,7573.8833,0.0148783811521183
2025-07-03,2025-04-11,000933.SH,中证医药卫生指数,7566.7089,-0.000947255155093418
2025-07-03,2025-04-14,000933.SH,中证医药卫生指数,7596.124,0.0038874364520618
2025-07-03,2025-04-15,000933.SH,中证医药卫生指数,7584.6102,-0.00151574671503518
2025-07-03,2025-04-16,000933.SH,中证医药卫生指数,7552.1475,-0.0042800749338443
2025-07-03,2025-04-17,000933.SH,中证医药卫生指数,7546.1136,-0.000798964797761204
2025-07-03,2025-04-18,000933.SH,中证医药卫生指数,7507.2568,-0.00514924662676686
2025-07-03,2025-04-21,000933.SH,中证医药卫生指数,7567.0369,0.00796297523750611
2025-07-03,2025-04-22,000933.SH,中证医药卫生指数,7635.6607,0.00906878093854679
2025-07-03,2025-04-23,000933.SH,中证医药卫生指数,7602.1408,-0.00438991481117024
2025-07-03,2025-04-24,000933.SH,中证医药卫生指数,7621.9692,0.00260826529285008
2025-07-03,2025-04-25,000933.SH,中证医药卫生指数,7602.2267,-0.00259020988959113
2025-07-03,2025-04-28,000933.SH,中证医药卫生指数,7571.6621,-0.00402047994701349
2025-07-03,2025-04-29,000933.SH,中证医药卫生指数,7605.8863,0.00452003794516931
2025-07-03,2025-04-30,000933.SH,中证医药卫生指数,7666.5011,0.00796945912799152
2025-07-03,2025-05-06,000933.SH,中证医药卫生指数,7721.5776,0.007184046448516
2025-07-03,2025-05-07,000933.SH,中证医药卫生指数,7706.6265,-0.00193627530208329
2025-07-03,2025-05-08,000933.SH,中证医药卫生指数,7719.9134,0.00172408770556087
2025-07-03,2025-05-09,000933.SH,中证医药卫生指数,7721.4622,0.000200624012181239
2025-07-03,2025-05-12,000933.SH,中证医药卫生指数,7701.015,-0.00264809947525224
2025-07-03,2025-05-13,000933.SH,中证医药卫生指数,7775.6864,0.00969630626612195
2025-07-03,2025-05-14,000933.SH,中证医药卫生指数,7812.5717,0.00474367124682407
2025-07-03,2025-05-15,000933.SH,中证医药卫生指数,7809.5122,-0.000391612405937991
2025-07-03,2025-05-16,000933.SH,中证医药卫生指数,7831.7229,0.00284405727671433
2025-07-03,2025-05-19,000933.SH,中证医药卫生指数,7803.3518,-0.00362258731089671
2025-07-03,2025-05-20,000933.SH,中证医药卫生指数,7912.8531,0.0140325981458378
2025-07-03,2025-05-21,000933.SH,中证医药卫生指数,7961.1891,0.00610854256854587
2025-07-03,2025-05-22,000933.SH,中证医药卫生指数,7915.4974,-0.00573930595367966
2025-07-03,2025-05-23,000933.SH,中证医药卫生指数,7931.8186,0.00206192980367836
2025-07-03,2025-05-26,000933.SH,中证医药卫生指数,7838.6282,-0.0117489323318614
2025-07-03,2025-05-27,000933.SH,中证医药卫生指数,7884.8921,0.00590204035956199
2025-07-03,2025-05-28,000933.SH,中证医药卫生指数,7877.0895,-0.000989563319452436
2025-07-03,2025-05-29,000933.SH,中证医药卫生指数,8005.215,0.0162655889589676
2025-07-03,2025-05-30,000933.SH,中证医药卫生指数,8015.7415,0.00131495531350501
2025-07-03,2025-06-03,000933.SH,中证医药卫生指数,8109.5336,0.0117009886109725
2025-07-03,2025-06-04,000933.SH,中证医药卫生指数,8168.1249,0.00722499010300659
2025-07-03,2025-06-05,000933.SH,中证医药卫生指数,8093.1551,-0.00917833663390721
2025-07-03,2025-06-06,000933.SH,中证医药卫生指数,8043.9734,-0.00607695013777754
2025-07-03,2025-06-09,000933.SH,中证医药卫生指数,8155.5696,0.0138732681537708
2025-07-03,2025-06-10,000933.SH,中证医药卫生指数,8176.8974,0.00261512083717608
2025-07-03,2025-06-11,000933.SH,中证医药卫生指数,8152.8115,-0.00294560379343878
2025-07-03,2025-06-12,000933.SH,中证医药卫生指数,8264.2676,0.0136708790581015
2025-07-03,2025-06-13,000933.SH,中证医药卫生指数,8115.1179,-0.0180475399901134
2025-07-03,2025-06-16,000933.SH,中证医药卫生指数,8044.5533,-0.00869544976050196
2025-07-03,2025-06-17,000933.SH,中证医药卫生指数,7913.334,-0.0163115707120742
2025-07-03,2025-06-18,000933.SH,中证医药卫生指数,7852.2606,-0.00771778368005194
2025-07-03,2025-06-19,000933.SH,中证医药卫生指数,7769.0568,-0.0105961587673236
2025-07-03,2025-06-20,000933.SH,中证医药卫生指数,7775.2734,0.000800174353211114
2025-07-03,2025-06-23,000933.SH,中证医药卫生指数,7803.738,0.00366091306834315
2025-07-03,2025-06-24,000933.SH,中证医药卫生指数,7878.3608,0.00956244302409948
2025-07-03,2025-06-25,000933.SH,中证医药卫生指数,7944.6582,0.00841512615162276
2025-07-03,2025-06-26,000933.SH,中证医药卫生指数,7864.2999,-0.0101147586185646
2025-07-03,2025-06-27,000933.SH,中证医药卫生指数,7871.0762,0.000861653304956134
2025-07-03,2025-06-30,000933.SH,中证医药卫生指数,7928.4879,0.00729400891837373
2025-07-03,2025-07-01,000933.SH,中证医药卫生指数,8013.459,0.0107171885827055
2025-07-03,2025-07-02,000933.SH,中证医药卫生指数,7950.2815,-0.00788392378372438
2025-07-03,2025-07-03,000933.SH,中证医药卫生指数,8023.3836,0.00919490712372895
2025-07-03,2025-04-07,000949.CSI,中证农业主题指数,4666.3748,-0.0270605155197655
2025-07-03,2025-04-08,000949.CSI,中证农业主题指数,4998.4542,0.0711643222486116
2025-07-03,2025-04-09,000949.CSI,中证农业主题指数,5021.7597,0.00466254147132128
2025-07-03,2025-04-10,000949.CSI,中证农业主题指数,5048.6634,0.00535742480867829
2025-07-03,2025-04-11,000949.CSI,中证农业主题指数,4922.4116,-0.0250069751134528
2025-07-03,2025-04-14,000949.CSI,中证农业主题指数,4952.0816,0.00602753333345785
2025-07-03,2025-04-15,000949.CSI,中证农业主题指数,4918.4915,-0.0067830263540084
2025-07-03,2025-04-16,000949.CSI,中证农业主题指数,4897.4601,-0.00427598583834088
2025-07-03,2025-04-17,000949.CSI,中证农业主题指数,4892.4108,-0.00103100380542165
2025-07-03,2025-04-18,000949.CSI,中证农业主题指数,4840.3778,-0.0106354519534622
2025-07-03,2025-04-21,000949.CSI,中证农业主题指数,4872.2155,0.00657752376271126
2025-07-03,2025-04-22,000949.CSI,中证农业主题指数,4921.2014,0.0100541324578109
2025-07-03,2025-04-23,000949.CSI,中证农业主题指数,4852.247,-0.0140117004762291
2025-07-03,2025-04-24,000949.CSI,中证农业主题指数,4878.3261,0.00537464395361575
2025-07-03,2025-04-25,000949.CSI,中证农业主题指数,4855.1868,-0.00474328684177139
2025-07-03,2025-04-28,000949.CSI,中证农业主题指数,4821.1155,-0.00701750548506197
2025-07-03,2025-04-29,000949.CSI,中证农业主题指数,4835.8756,0.00306155287090726
2025-07-03,2025-04-30,000949.CSI,中证农业主题指数,4821.5019,-0.00297230557378281
2025-07-03,2025-05-06,000949.CSI,中证农业主题指数,4857.6555,0.00749841040195376
2025-07-03,2025-05-07,000949.CSI,中证农业主题指数,4875.9063,0.00375712110502691
2025-07-03,2025-05-08,000949.CSI,中证农业主题指数,4852.0843,-0.00488565582156475
2025-07-03,2025-05-09,000949.CSI,中证农业主题指数,4837.1023,-0.00308774519849153
2025-07-03,2025-05-12,000949.CSI,中证农业主题指数,4824.551,-0.00259479730250878
2025-07-03,2025-05-13,000949.CSI,中证农业主题指数,4828.3984,0.000797462810528726
2025-07-03,2025-05-14,000949.CSI,中证农业主题指数,4876.0173,0.00986225577408861
2025-07-03,2025-05-15,000949.CSI,中证农业主题指数,4857.6638,-0.00376403504556888
2025-07-03,2025-05-16,000949.CSI,中证农业主题指数,4833.38,-0.00499906971742259
2025-07-03,2025-05-19,000949.CSI,中证农业主题指数,4852.7694,0.00401156126768432
2025-07-03,2025-05-20,000949.CSI,中证农业主题指数,4894.832,0.00866775165537437
2025-07-03,2025-05-21,000949.CSI,中证农业主题指数,4897.4424,0.000533297159126089
2025-07-03,2025-05-22,000949.CSI,中证农业主题指数,4865.1973,-0.00658406926848187
2025-07-03,2025-05-23,000949.CSI,中证农业主题指数,4816.7714,-0.00995353261418608
2025-07-03,2025-05-26,000949.CSI,中证农业主题指数,4826.3549,0.00198961071725368
2025-07-03,2025-05-27,000949.CSI,中证农业主题指数,4853.1279,0.0055472505762062
2025-07-03,2025-05-28,000949.CSI,中证农业主题指数,4820.435,-0.00673645959340985
2025-07-03,2025-05-29,000949.CSI,中证农业主题指数,4851.4981,0.00644404498764106
2025-07-03,2025-05-30,000949.CSI,中证农业主题指数,4911.8578,0.0124414559700641
2025-07-03,2025-06-03,000949.CSI,中证农业主题指数,4997.8099,0.0174988982783664
2025-07-03,2025-06-04,000949.CSI,中证农业主题指数,5031.2719,0.00669533268962463
2025-07-03,2025-06-05,000949.CSI,中证农业主题指数,4969.7042,-0.012237005119918
2025-07-03,2025-06-06,000949.CSI,中证农业主题指数,5009.2067,0.00794866221615353
2025-07-03,2025-06-09,000949.CSI,中证农业主题指数,5082.9918,0.0147298972509959
2025-07-03,2025-06-10,000949.CSI,中证农业主题指数,5076.3652,-0.0013036810328908
2025-07-03,2025-06-11,000949.CSI,中证农业主题指数,5151.3825,0.0147777587002604
2025-07-03,2025-06-12,000949.CSI,中证农业主题指数,5113.5706,-0.00734014606758471
2025-07-03,2025-06-13,000949.CSI,中证农业主题指数,5085.9419,-0.00540301526295539
2025-07-03,2025-06-16,000949.CSI,中证农业主题指数,5053.8734,-0.00630532173401344
2025-07-03,2025-06-17,000949.CSI,中证农业主题指数,5052.0709,-0.000356657133516736
2025-07-03,2025-06-18,000949.CSI,中证农业主题指数,5006.9718,-0.00892685413421246
2025-07-03,2025-06-19,000949.CSI,中证农业主题指数,4966.6769,-0.00804775852741968
2025-07-03,2025-06-20,000949.CSI,中证农业主题指数,4956.0463,-0.00214038485169032
2025-07-03,2025-06-23,000949.CSI,中证农业主题指数,4952.5239,-0.000710727823507229
2025-07-03,2025-06-24,000949.CSI,中证农业主题指数,4998.6221,0.00930802171393852
2025-07-03,2025-06-25,000949.CSI,中证农业主题指数,5005.8269,0.00144135720921978
2025-07-03,2025-06-26,000949.CSI,中证农业主题指数,4988.7373,-0.00341394146090035
2025-07-03,2025-06-27,000949.CSI,中证农业主题指数,4993.7852,0.00101185925344294
2025-07-03,2025-06-30,000949.CSI,中证农业主题指数,5004.4705,0.00213971958585635
2025-07-03,2025-07-01,000949.CSI,中证农业主题指数,5042.3151,0.00756215867392962
2025-07-03,2025-07-02,000949.CSI,中证农业主题指数,5077.6827,0.00701415903183045
2025-07-03,2025-07-03,000949.CSI,中证农业主题指数,5112.5577,0.00686829052945748
2025-07-03,2025-04-07,000977.CSI,中证内地低碳经济主题指数,1392.6144,-0.0868454982296094
2025-07-03,2025-04-08,000977.CSI,中证内地低碳经济主题指数,1415.4534,0.0164000889262672
2025-07-03,2025-04-09,000977.CSI,中证内地低碳经济主题指数,1419.8976,0.00313977132698251
2025-07-03,2025-04-10,000977.CSI,中证内地低碳经济主题指数,1438.0006,0.0127495109506488
2025-07-03,2025-04-11,000977.CSI,中证内地低碳经济主题指数,1443.4648,0.00379985933246463
2025-07-03,2025-04-14,000977.CSI,中证内地低碳经济主题指数,1448.6109,0.00356510252276321
2025-07-03,2025-04-15,000977.CSI,中证内地低碳经济主题指数,1450.6359,0.00139789090362363
2025-07-03,2025-04-16,000977.CSI,中证内地低碳经济主题指数,1446.8722,-0.00259451734235994
2025-07-03,2025-04-17,000977.CSI,中证内地低碳经济主题指数,1441.4549,-0.00374414547463142
2025-07-03,2025-04-18,000977.CSI,中证内地低碳经济主题指数,1444.1906,0.00189787415478615
2025-07-03,2025-04-21,000977.CSI,中证内地低碳经济主题指数,1453.037,0.00612550725645233
2025-07-03,2025-04-22,000977.CSI,中证内地低碳经济主题指数,1450.0603,-0.00204860578223398
2025-07-03,2025-04-23,000977.CSI,中证内地低碳经济主题指数,1455.7778,0.00394293947637903
2025-07-03,2025-04-24,000977.CSI,中证内地低碳经济主题指数,1456.8753,0.000753892523982502
2025-07-03,2025-04-25,000977.CSI,中证内地低碳经济主题指数,1464.1593,0.00499974157019478
2025-07-03,2025-04-28,000977.CSI,中证内地低碳经济主题指数,1466.6586,0.00170698639143985
2025-07-03,2025-04-29,000977.CSI,中证内地低碳经济主题指数,1454.4815,-0.00830261384619424
2025-07-03,2025-04-30,000977.CSI,中证内地低碳经济主题指数,1455.251,0.000529054511865468
2025-07-03,2025-05-06,000977.CSI,中证内地低碳经济主题指数,1469.0669,0.00949382615095273
2025-07-03,2025-05-07,000977.CSI,中证内地低碳经济主题指数,1481.1026,0.00819275146693443
2025-07-03,2025-05-08,000977.CSI,中证内地低碳经济主题指数,1497.3425,0.0109647366765813
2025-07-03,2025-05-09,000977.CSI,中证内地低碳经济主题指数,1495.8856,-0.000972990481469593
2025-07-03,2025-05-12,000977.CSI,中证内地低碳经济主题指数,1526.8726,0.0207148193685398
2025-07-03,2025-05-13,000977.CSI,中证内地低碳经济主题指数,1538.7186,0.00775834211708304
2025-07-03,2025-05-14,000977.CSI,中证内地低碳经济主题指数,1541.5345,0.00183002922041764
2025-07-03,2025-05-15,000977.CSI,中证内地低碳经济主题指数,1526.0714,-0.0100309788720265
2025-07-03,2025-05-16,000977.CSI,中证内地低碳经济主题指数,1523.2605,-0.0018419190609299
2025-07-03,2025-05-19,000977.CSI,中证内地低碳经济主题指数,1527.4268,0.00273511983012753
2025-07-03,2025-05-20,000977.CSI,中证内地低碳经济主题指数,1536.1137,0.00568727745251052
2025-07-03,2025-05-21,000977.CSI,中证内地低碳经济主题指数,1553.4914,0.0113127693607575
2025-07-03,2025-05-22,000977.CSI,中证内地低碳经济主题指数,1540.9452,-0.0080761309653854
2025-07-03,2025-05-23,000977.CSI,中证内地低碳经济主题指数,1521.8948,-0.0123628017401268
2025-07-03,2025-05-26,000977.CSI,中证内地低碳经济主题指数,1510.6272,-0.00740366548331728
2025-07-03,2025-05-27,000977.CSI,中证内地低碳经济主题指数,1500.9881,-0.00638085955290613
2025-07-03,2025-05-28,000977.CSI,中证内地低碳经济主题指数,1495.6438,-0.00356052123264672
2025-07-03,2025-05-29,000977.CSI,中证内地低碳经济主题指数,1498.7655,0.00208719482539887
2025-07-03,2025-05-30,000977.CSI,中证内地低碳经济主题指数,1484.8183,-0.00930579200014947
2025-07-03,2025-06-03,000977.CSI,中证内地低碳经济主题指数,1483.9665,-0.000573672886439947
2025-07-03,2025-06-04,000977.CSI,中证内地低碳经济主题指数,1488.4524,0.0030229119053562
2025-07-03,2025-06-05,000977.CSI,中证内地低碳经济主题指数,1487.2654,-0.000797472596369198
2025-07-03,2025-06-06,000977.CSI,中证内地低碳经济主题指数,1485.0984,-0.00145703651816276
2025-07-03,2025-06-09,000977.CSI,中证内地低碳经济主题指数,1492.5281,0.00500283348227959
2025-07-03,2025-06-10,000977.CSI,中证内地低碳经济主题指数,1483.0683,-0.00633810512512301
2025-07-03,2025-06-11,000977.CSI,中证内地低碳经济主题指数,1500.21,0.0115582674108807
2025-07-03,2025-06-12,000977.CSI,中证内地低碳经济主题指数,1495.7319,-0.00298498210250564
2025-07-03,2025-06-13,000977.CSI,中证内地低碳经济主题指数,1488.6941,-0.00470525499924157
2025-07-03,2025-06-16,000977.CSI,中证内地低碳经济主题指数,1487.5661,-0.000757711070393796
2025-07-03,2025-06-17,000977.CSI,中证内地低碳经济主题指数,1491.1177,0.00238752415775001
2025-07-03,2025-06-18,000977.CSI,中证内地低碳经济主题指数,1496.9843,0.00393436413503778
2025-07-03,2025-06-19,000977.CSI,中证内地低碳经济主题指数,1478.2908,-0.0124874389130201
2025-07-03,2025-06-20,000977.CSI,中证内地低碳经济主题指数,1471.5473,-0.00456168705101867
2025-07-03,2025-06-23,000977.CSI,中证内地低碳经济主题指数,1482.4043,0.0073779483676808
2025-07-03,2025-06-24,000977.CSI,中证内地低碳经济主题指数,1508.8654,0.0178501236133759
2025-07-03,2025-06-25,000977.CSI,中证内地低碳经济主题指数,1532.4046,0.0156005963156158
2025-07-03,2025-06-26,000977.CSI,中证内地低碳经济主题指数,1523.8347,-0.00559245254158069
2025-07-03,2025-06-27,000977.CSI,中证内地低碳经济主题指数,1519.2473,-0.00301043151202696
2025-07-03,2025-06-30,000977.CSI,中证内地低碳经济主题指数,1536.583,0.0114107163461801
2025-07-03,2025-07-01,000977.CSI,中证内地低碳经济主题指数,1533.5823,-0.0019528395146895
2025-07-03,2025-07-02,000977.CSI,中证内地低碳经济主题指数,1548.2643,0.00957366291981843
2025-07-03,2025-07-03,000977.CSI,中证内地低碳经济主题指数,1563.8407,0.0100605561983182
2025-07-03,2025-04-07,000991.SH,中证全指医药卫生指数,7958.791,-0.0718945304920099
2025-07-03,2025-04-08,000991.SH,中证全指医药卫生指数,8029.456,0.00887886112350489
2025-07-03,2025-04-09,000991.SH,中证全指医药卫生指数,8035.8895,0.000801237344099093
2025-07-03,2025-04-10,000991.SH,中证全指医药卫生指数,8169.6057,0.0166398753989836
2025-07-03,2025-04-11,000991.SH,中证全指医药卫生指数,8176.6932,0.000867544929371578
2025-07-03,2025-04-14,000991.SH,中证全指医药卫生指数,8220.8667,0.0054023673041812
2025-07-03,2025-04-15,000991.SH,中证全指医药卫生指数,8202.4328,-0.00224233048323241
2025-07-03,2025-04-16,000991.SH,中证全指医药卫生指数,8160.4698,-0.00511592121790994
2025-07-03,2025-04-17,000991.SH,中证全指医药卫生指数,8149.5375,-0.00133966551778664
2025-07-03,2025-04-18,000991.SH,中证全指医药卫生指数,8108.6189,-0.00502097204902729
2025-07-03,2025-04-21,000991.SH,中证全指医药卫生指数,8198.0241,0.0110259467244169
2025-07-03,2025-04-22,000991.SH,中证全指医药卫生指数,8272.685,0.0091071823026232
2025-07-03,2025-04-23,000991.SH,中证全指医药卫生指数,8213.931,-0.00710216815943054
2025-07-03,2025-04-24,000991.SH,中证全指医药卫生指数,8232.5479,0.00226650309090726
2025-07-03,2025-04-25,000991.SH,中证全指医药卫生指数,8203.2324,-0.00356092674541242
2025-07-03,2025-04-28,000991.SH,中证全指医药卫生指数,8175.6984,-0.00335648176930847
2025-07-03,2025-04-29,000991.SH,中证全指医药卫生指数,8209.1335,0.00408957111235897
2025-07-03,2025-04-30,000991.SH,中证全指医药卫生指数,8277.605,0.00834089249492642
2025-07-03,2025-05-06,000991.SH,中证全指医药卫生指数,8332.0725,0.00658010378605889
2025-07-03,2025-05-07,000991.SH,中证全指医药卫生指数,8303.0939,-0.00347795821507801
2025-07-03,2025-05-08,000991.SH,中证全指医药卫生指数,8319.0593,0.00192282541812538
2025-07-03,2025-05-09,000991.SH,中证全指医药卫生指数,8323.7159,0.000559750788168945
2025-07-03,2025-05-12,000991.SH,中证全指医药卫生指数,8287.5558,-0.00434422563605263
2025-07-03,2025-05-13,000991.SH,中证全指医药卫生指数,8374.0323,0.0104344998799284
2025-07-03,2025-05-14,000991.SH,中证全指医药卫生指数,8404.9657,0.00369396712262504
2025-07-03,2025-05-15,000991.SH,中证全指医药卫生指数,8399.6588,-0.000631400554079731
2025-07-03,2025-05-16,000991.SH,中证全指医药卫生指数,8427.6242,0.00332934952072117
2025-07-03,2025-05-19,000991.SH,中证全指医药卫生指数,8401.2524,-0.00312920929720628
2025-07-03,2025-05-20,000991.SH,中证全指医药卫生指数,8527.0312,0.0149714344970757
2025-07-03,2025-05-21,000991.SH,中证全指医药卫生指数,8585.5832,0.0068666337235872
2025-07-03,2025-05-22,000991.SH,中证全指医药卫生指数,8538.4522,-0.00548955136792562
2025-07-03,2025-05-23,000991.SH,中证全指医药卫生指数,8543.2238,0.000558836647232219
2025-07-03,2025-05-26,000991.SH,中证全指医药卫生指数,8442.1954,-0.0118255593397892
2025-07-03,2025-05-27,000991.SH,中证全指医药卫生指数,8494.8339,0.00623516721728556
2025-07-03,2025-05-28,000991.SH,中证全指医药卫生指数,8482.4345,-0.00145964007607025
2025-07-03,2025-05-29,000991.SH,中证全指医药卫生指数,8637.8807,0.0183256587480871
2025-07-03,2025-05-30,000991.SH,中证全指医药卫生指数,8650.4567,0.0014559126754321
2025-07-03,2025-06-03,000991.SH,中证全指医药卫生指数,8755.6609,0.0121616931508368
2025-07-03,2025-06-04,000991.SH,中证全指医药卫生指数,8823.3287,0.00772846285081674
2025-07-03,2025-06-05,000991.SH,中证全指医药卫生指数,8740.4231,-0.0093961817380781
2025-07-03,2025-06-06,000991.SH,中证全指医药卫生指数,8694.3133,-0.00527546544056889
2025-07-03,2025-06-09,000991.SH,中证全指医药卫生指数,8827.1692,0.0152807812895357
2025-07-03,2025-06-10,000991.SH,中证全指医药卫生指数,8851.9008,0.00280175891496448
2025-07-03,2025-06-11,000991.SH,中证全指医药卫生指数,8819.7169,-0.00363581797030532
2025-07-03,2025-06-12,000991.SH,中证全指医药卫生指数,8949.5747,0.0147235791661295
2025-07-03,2025-06-13,000991.SH,中证全指医药卫生指数,8790.6978,-0.0177524525271574
2025-07-03,2025-06-16,000991.SH,中证全指医药卫生指数,8734.2168,-0.00642508720980028
2025-07-03,2025-06-17,000991.SH,中证全指医药卫生指数,8578.664,-0.0178095876896484
2025-07-03,2025-06-18,000991.SH,中证全指医药卫生指数,8522.0261,-0.00660218187820405
2025-07-03,2025-06-19,000991.SH,中证全指医药卫生指数,8420.4212,-0.0119226224852794
2025-07-03,2025-06-20,000991.SH,中证全指医药卫生指数,8423.4916,0.000364637341419227
2025-07-03,2025-06-23,000991.SH,中证全指医药卫生指数,8454.4149,0.00367107862967431
2025-07-03,2025-06-24,000991.SH,中证全指医药卫生指数,8535.8212,0.00962885083863108
2025-07-03,2025-06-25,000991.SH,中证全指医药卫生指数,8603.4723,0.00792555261115346
2025-07-03,2025-06-26,000991.SH,中证全指医药卫生指数,8505.0152,-0.0114438794671309
2025-07-03,2025-06-27,000991.SH,中证全指医药卫生指数,8508.3639,0.000393732394505353
2025-07-03,2025-06-30,000991.SH,中证全指医药卫生指数,8567.9711,0.00700571822039731
2025-07-03,2025-07-01,000991.SH,中证全指医药卫生指数,8672.8579,0.0122417313008911
2025-07-03,2025-07-02,000991.SH,中证全指医药卫生指数,8594.0305,-0.00908897631079597
2025-07-03,2025-07-03,000991.SH,中证全指医药卫生指数,8682.2985,0.0102708502139945
2025-07-03,2025-04-07,399006.SZ,创业板指数,1807.2061,-0.125010252238474
2025-07-03,2025-04-08,399006.SZ,创业板指数,1840.3123,0.0183189952712088
2025-07-03,2025-04-09,399006.SZ,创业板指数,1858.3561,0.00980474890049909
2025-07-03,2025-04-10,399006.SZ,创业板指数,1900.5276,0.0226929058429652
2025-07-03,2025-04-11,399006.SZ,创业板指数,1926.3702,0.0135975925842908
2025-07-03,2025-04-14,399006.SZ,创业板指数,1932.9127,0.0033962838503212
2025-07-03,2025-04-15,399006.SZ,创业板指数,1930.3994,-0.00130026565607444
2025-07-03,2025-04-16,399006.SZ,创业板指数,1907.1095,-0.0120648089716563
2025-07-03,2025-04-17,399006.SZ,创业板指数,1908.7764,0.000874045250154776
2025-07-03,2025-04-18,399006.SZ,创业板指数,1913.9698,0.00272080061341917
2025-07-03,2025-04-21,399006.SZ,创业板指数,1944.3179,0.0158561018047412
2025-07-03,2025-04-22,399006.SZ,创业板指数,1928.4315,-0.00817068031930379
2025-07-03,2025-04-23,399006.SZ,创业板指数,1949.1625,0.0107501873932261
2025-07-03,2025-04-24,399006.SZ,创业板指数,1935.8577,-0.00682590599808885
2025-07-03,2025-04-25,399006.SZ,创业板指数,1947.1863,0.00585197971937723
2025-07-03,2025-04-28,399006.SZ,创业板指数,1934.4567,-0.00653743301295828
2025-07-03,2025-04-29,399006.SZ,创业板指数,1931.9416,-0.00130015833386188
2025-07-03,2025-04-30,399006.SZ,创业板指数,1948.0295,0.00832732210952969
2025-07-03,2025-05-06,399006.SZ,创业板指数,1986.4092,0.0197018063638152
2025-07-03,2025-05-07,399006.SZ,创业板指数,1996.51,0.00508495429843969
2025-07-03,2025-05-08,399006.SZ,创业板指数,2029.4518,0.0164996919624745
2025-07-03,2025-05-09,399006.SZ,创业板指数,2011.7671,-0.00871402809369504
2025-07-03,2025-05-12,399006.SZ,创业板指数,2064.7137,0.0263184540596175
2025-07-03,2025-05-13,399006.SZ,创业板指数,2062.2609,-0.00118796131395826
2025-07-03,2025-05-14,399006.SZ,创业板指数,2083.1421,0.0101253919908968
2025-07-03,2025-05-15,399006.SZ,创业板指数,2043.2467,-0.0191515499590739
2025-07-03,2025-05-16,399006.SZ,创业板指数,2039.4452,-0.00186051933914777
2025-07-03,2025-05-19,399006.SZ,创业板指数,2032.7561,-0.00327986258223567
2025-07-03,2025-05-20,399006.SZ,创业板指数,2048.4587,0.00772478311588887
2025-07-03,2025-05-21,399006.SZ,创业板指数,2065.39,0.00826538509172758
2025-07-03,2025-05-22,399006.SZ,创业板指数,2045.5655,-0.00959842935232569
2025-07-03,2025-05-23,399006.SZ,创业板指数,2021.4991,-0.0117651573611307
2025-07-03,2025-05-26,399006.SZ,创业板指数,2005.2587,-0.00803383983698036
2025-07-03,2025-05-27,399006.SZ,创业板指数,1991.6431,-0.00678994685324152
2025-07-03,2025-05-28,399006.SZ,创业板指数,1985.383,-0.00314318363566246
2025-07-03,2025-05-29,399006.SZ,创业板指数,2012.5482,0.0136825992768146
2025-07-03,2025-05-30,399006.SZ,创业板指数,1993.1877,-0.00961989382415784
2025-07-03,2025-06-03,399006.SZ,创业板指数,2002.7005,0.00477265638354085
2025-07-03,2025-06-04,399006.SZ,创业板指数,2024.9335,0.0111015101858716
2025-07-03,2025-06-05,399006.SZ,创业板指数,2048.615,0.0116949519576814
2025-07-03,2025-06-06,399006.SZ,创业板指数,2039.4353,-0.00448092979891279
2025-07-03,2025-06-09,399006.SZ,创业板指数,2061.2909,0.0107164958849146
2025-07-03,2025-06-10,399006.SZ,创业板指数,2037.2707,-0.011652988910978
2025-07-03,2025-06-11,399006.SZ,创业板指数,2061.8674,0.0120733587343107
2025-07-03,2025-06-12,399006.SZ,创业板指数,2067.1535,0.00256374391486069
2025-07-03,2025-06-13,399006.SZ,创业板指数,2043.8242,-0.0112857124543484
2025-07-03,2025-06-16,399006.SZ,创业板指数,2057.3227,0.00660453085935675
2025-07-03,2025-06-17,399006.SZ,创业板指数,2049.9433,-0.00358689475404139
2025-07-03,2025-06-18,399006.SZ,创业板指数,2054.7286,0.00233435724783226
2025-07-03,2025-06-19,399006.SZ,创业板指数,2026.817,-0.013584081128768
2025-07-03,2025-06-20,399006.SZ,创业板指数,2009.8934,-0.00834984115487492
2025-07-03,2025-06-23,399006.SZ,创业板指数,2017.6336,0.00385105001091102
2025-07-03,2025-06-24,399006.SZ,创业板指数,2064.1346,0.0230472965953779
2025-07-03,2025-06-25,399006.SZ,创业板指数,2128.3922,0.0311305280188607
2025-07-03,2025-06-26,399006.SZ,创业板指数,2114.4254,-0.00656213643331327
2025-07-03,2025-06-27,399006.SZ,创业板指数,2124.3446,0.00469120357710406
2025-07-03,2025-06-30,399006.SZ,创业板指数,2153.0137,0.0134955035072934
2025-07-03,2025-07-01,399006.SZ,创业板指数,2147.9186,-0.0023664967854129
2025-07-03,2025-07-02,399006.SZ,创业板指数,2123.7189,-0.0112665815175678
2025-07-03,2025-07-03,399006.SZ,创业板指数,2164.0884,0.019008871654342
2025-07-03,2025-04-07,399293.SZ,创业板大盘指数,3371.7669,-0.129610049186627
2025-07-03,2025-04-08,399293.SZ,创业板大盘指数,3409.965,0.011328808050165
2025-07-03,2025-04-09,399293.SZ,创业板大盘指数,3447.1076,0.0108923698630337
2025-07-03,2025-04-10,399293.SZ,创业板大盘指数,3532.3293,0.0247226689413467
2025-07-03,2025-04-11,399293.SZ,创业板大盘指数,3586.8732,0.0154413406473739
2025-07-03,2025-04-14,399293.SZ,创业板大盘指数,3597.4011,0.00293511908923905
2025-07-03,2025-04-15,399293.SZ,创业板大盘指数,3587.285,-0.00281205784920679
2025-07-03,2025-04-16,399293.SZ,创业板大盘指数,3542.8127,-0.0123972028985709
2025-07-03,2025-04-17,399293.SZ,创业板大盘指数,3549.1805,0.00179738545026664
2025-07-03,2025-04-18,399293.SZ,创业板大盘指数,3567.8277,0.00525394524172551
2025-07-03,2025-04-21,399293.SZ,创业板大盘指数,3622.4455,0.0153084186212242
2025-07-03,2025-04-22,399293.SZ,创业板大盘指数,3584.9596,-0.0103482302218211
2025-07-03,2025-04-23,399293.SZ,创业板大盘指数,3629.5676,0.0124430969877596
2025-07-03,2025-04-24,399293.SZ,创业板大盘指数,3595.1,-0.00949633780067904
2025-07-03,2025-04-25,399293.SZ,创业板大盘指数,3626.9622,0.00886267419543274
2025-07-03,2025-04-28,399293.SZ,创业板大盘指数,3603.794,-0.0063877699083823
2025-07-03,2025-04-29,399293.SZ,创业板大盘指数,3597.9044,-0.00163427765294022
2025-07-03,2025-04-30,399293.SZ,创业板大盘指数,3627.9106,0.0083399103100128
2025-07-03,2025-05-06,399293.SZ,创业板大盘指数,3695.9208,0.0187463825597025
2025-07-03,2025-05-07,399293.SZ,创业板大盘指数,3712.1507,0.00439130080925976
2025-07-03,2025-05-08,399293.SZ,创业板大盘指数,3788.5779,0.020588388289301
2025-07-03,2025-05-09,399293.SZ,创业板大盘指数,3748.4997,-0.0105786923373017
2025-07-03,2025-05-12,399293.SZ,创业板大盘指数,3863.8767,0.0307795142680685
2025-07-03,2025-05-13,399293.SZ,创业板大盘指数,3856.1774,-0.00199263604866062
2025-07-03,2025-05-14,399293.SZ,创业板大盘指数,3902.6993,0.0120642530605568
2025-07-03,2025-05-15,399293.SZ,创业板大盘指数,3823.4993,-0.020293646502563
2025-07-03,2025-05-16,399293.SZ,创业板大盘指数,3817.2236,-0.00164134984933828
2025-07-03,2025-05-19,399293.SZ,创业板大盘指数,3801.653,-0.00407903796885256
2025-07-03,2025-05-20,399293.SZ,创业板大盘指数,3830.9574,0.00770833108650359
2025-07-03,2025-05-21,399293.SZ,创业板大盘指数,3856.8469,0.00675797125804634
2025-07-03,2025-05-22,399293.SZ,创业板大盘指数,3823.8089,-0.00856606467837762
2025-07-03,2025-05-23,399293.SZ,创业板大盘指数,3779.8795,-0.0114883879264992
2025-07-03,2025-05-26,399293.SZ,创业板大盘指数,3753.8679,-0.00688159503497399
2025-07-03,2025-05-27,399293.SZ,创业板大盘指数,3724.9429,-0.00770538569031698
2025-07-03,2025-05-28,399293.SZ,创业板大盘指数,3719.5168,-0.00145669347038857
2025-07-03,2025-05-29,399293.SZ,创业板大盘指数,3775.1496,0.0149569965647152
2025-07-03,2025-05-30,399293.SZ,创业板大盘指数,3735.5275,-0.0104955046019898
2025-07-03,2025-06-03,399293.SZ,创业板大盘指数,3743.9579,0.0022568164737109
2025-07-03,2025-06-04,399293.SZ,创业板大盘指数,3799.5483,0.0148480302088867
2025-07-03,2025-06-05,399293.SZ,创业板大盘指数,3857.4895,0.0152494968941441
2025-07-03,2025-06-06,399293.SZ,创业板大盘指数,3841.3627,-0.00418064650597239
2025-07-03,2025-06-09,399293.SZ,创业板大盘指数,3892.4511,0.0132995512243612
2025-07-03,2025-06-10,399293.SZ,创业板大盘指数,3851.0033,-0.0106482519459269
2025-07-03,2025-06-11,399293.SZ,创业板大盘指数,3890.2594,0.0101937331500079
2025-07-03,2025-06-12,399293.SZ,创业板大盘指数,3913.7119,0.00602851830394657
2025-07-03,2025-06-13,399293.SZ,创业板大盘指数,3872.978,-0.0104079965620361
2025-07-03,2025-06-16,399293.SZ,创业板大盘指数,3913.152,0.0103728965152914
2025-07-03,2025-06-17,399293.SZ,创业板大盘指数,3892.6618,-0.00523623922607663
2025-07-03,2025-06-18,399293.SZ,创业板大盘指数,3913.7313,0.00541262022814304
2025-07-03,2025-06-19,399293.SZ,创业板大盘指数,3861.5227,-0.0133398529428936
2025-07-03,2025-06-20,399293.SZ,创业板大盘指数,3828.4348,-0.00856861465556058
2025-07-03,2025-06-23,399293.SZ,创业板大盘指数,3837.7489,0.00243287413435911
2025-07-03,2025-06-24,399293.SZ,创业板大盘指数,3926.2078,0.023049684152082
2025-07-03,2025-06-25,399293.SZ,创业板大盘指数,4066.1907,0.0356534618468234
2025-07-03,2025-06-26,399293.SZ,创业板大盘指数,4039.883,-0.00646986379659964
2025-07-03,2025-06-27,399293.SZ,创业板大盘指数,4065.1055,0.00624337387988727
2025-07-03,2025-06-30,399293.SZ,创业板大盘指数,4125.7598,0.0149207197697574
2025-07-03,2025-07-01,399293.SZ,创业板大盘指数,4109.1726,-0.00402039886083527
2025-07-03,2025-07-02,399293.SZ,创业板大盘指数,4058.0234,-0.0124475666950568
2025-07-03,2025-07-03,399293.SZ,创业板大盘指数,4137.4043,0.0195614692611186
2025-07-03,2025-04-07,399296.SZ,创业板动量成长指数,3626.6675,-0.132015588102942
2025-07-03,2025-04-08,399296.SZ,创业板动量成长指数,3651.7399,0.00691334399969112
2025-07-03,2025-04-09,399296.SZ,创业板动量成长指数,3697.2792,0.012470576012273
2025-07-03,2025-04-10,399296.SZ,创业板动量成长指数,3828.8044,0.0355735103802819
2025-07-03,2025-04-11,399296.SZ,创业板动量成长指数,3931.3138,0.0267732141135233
2025-07-03,2025-04-14,399296.SZ,创业板动量成长指数,3949.5314,0.00463397249031616
2025-07-03,2025-04-15,399296.SZ,创业板动量成长指数,3965.2193,0.00397209147394051
2025-07-03,2025-04-16,399296.SZ,创业板动量成长指数,3893.7502,-0.0180239968064314
2025-07-03,2025-04-17,399296.SZ,创业板动量成长指数,3883.5832,-0.00261110741002335
2025-07-03,2025-04-18,399296.SZ,创业板动量成长指数,3905.7218,0.00570056024549692
2025-07-03,2025-04-21,399296.SZ,创业板动量成长指数,4005.4521,0.0255344095424308
2025-07-03,2025-04-22,399296.SZ,创业板动量成长指数,3942.8123,-0.0156386341506868
2025-07-03,2025-04-23,399296.SZ,创业板动量成长指数,4031.963,0.0226109419411114
2025-07-03,2025-04-24,399296.SZ,创业板动量成长指数,3974.6564,-0.0142130768561121
2025-07-03,2025-04-25,399296.SZ,创业板动量成长指数,4001.4358,0.00673753836935442
2025-07-03,2025-04-28,399296.SZ,创业板动量成长指数,3973.7316,-0.00692356478641998
2025-07-03,2025-04-29,399296.SZ,创业板动量成长指数,3966.9117,-0.00171624575751417
2025-07-03,2025-04-30,399296.SZ,创业板动量成长指数,4032.5908,0.0165567335416112
2025-07-03,2025-05-06,399296.SZ,创业板动量成长指数,4124.679,0.022835989210708
2025-07-03,2025-05-07,399296.SZ,创业板动量成长指数,4123.5209,-0.000280773364424114
2025-07-03,2025-05-08,399296.SZ,创业板动量成长指数,4166.46,0.0104132126503833
2025-07-03,2025-05-09,399296.SZ,创业板动量成长指数,4113.1694,-0.0127903784027689
2025-07-03,2025-05-12,399296.SZ,创业板动量成长指数,4226.0668,0.0274477875868666
2025-07-03,2025-05-13,399296.SZ,创业板动量成长指数,4201.6591,-0.00577551211447958
2025-07-03,2025-05-14,399296.SZ,创业板动量成长指数,4230.2359,0.00680131331930278
2025-07-03,2025-05-15,399296.SZ,创业板动量成长指数,4130.7008,-0.0235294443035671
2025-07-03,2025-05-16,399296.SZ,创业板动量成长指数,4131.0005,7.25542745678709e-05
2025-07-03,2025-05-19,399296.SZ,创业板动量成长指数,4110.2537,-0.00502222161435228
2025-07-03,2025-05-20,399296.SZ,创业板动量成长指数,4154.0137,0.010646544761945
2025-07-03,2025-05-21,399296.SZ,创业板动量成长指数,4167.4951,0.00324539131876223
2025-07-03,2025-05-22,399296.SZ,创业板动量成长指数,4112.9903,-0.0130785516700427
2025-07-03,2025-05-23,399296.SZ,创业板动量成长指数,4052.1589,-0.0147900664876357
2025-07-03,2025-05-26,399296.SZ,创业板动量成长指数,4043.5004,-0.00213676220841197
2025-07-03,2025-05-27,399296.SZ,创业板动量成长指数,3998.1251,-0.0112217869447966
2025-07-03,2025-05-28,399296.SZ,创业板动量成长指数,4009.3345,0.00280366414747757
2025-07-03,2025-05-29,399296.SZ,创业板动量成长指数,4066.2042,0.0141843241066566
2025-07-03,2025-05-30,399296.SZ,创业板动量成长指数,4016.9313,-0.0121176649219928
2025-07-03,2025-06-03,399296.SZ,创业板动量成长指数,4040.7891,0.00593930994040148
2025-07-03,2025-06-04,399296.SZ,创业板动量成长指数,4094.8086,0.0133685521968963
2025-07-03,2025-06-05,399296.SZ,创业板动量成长指数,4195.2933,0.0245395352544684
2025-07-03,2025-06-06,399296.SZ,创业板动量成长指数,4174.9097,-0.00485868294357394
2025-07-03,2025-06-09,399296.SZ,创业板动量成长指数,4203.8823,0.00693969500705616
2025-07-03,2025-06-10,399296.SZ,创业板动量成长指数,4151.9367,-0.0123565781087639
2025-07-03,2025-06-11,399296.SZ,创业板动量成长指数,4198.9263,0.0113175135834802
2025-07-03,2025-06-12,399296.SZ,创业板动量成长指数,4209.6364,0.00255067587159141
2025-07-03,2025-06-13,399296.SZ,创业板动量成长指数,4158.8704,-0.0120594738300915
2025-07-03,2025-06-16,399296.SZ,创业板动量成长指数,4201.3646,0.0102177264287919
2025-07-03,2025-06-17,399296.SZ,创业板动量成长指数,4173.6062,-0.0066069962126114
2025-07-03,2025-06-18,399296.SZ,创业板动量成长指数,4195.0132,0.00512913748307153
2025-07-03,2025-06-19,399296.SZ,创业板动量成长指数,4115.8441,-0.0188721932984621
2025-07-03,2025-06-20,399296.SZ,创业板动量成长指数,4064.3741,-0.012505332745718
2025-07-03,2025-06-23,399296.SZ,创业板动量成长指数,4095.2678,0.0076010965624449
2025-07-03,2025-06-24,399296.SZ,创业板动量成长指数,4215.9872,0.0294777792065271
2025-07-03,2025-06-25,399296.SZ,创业板动量成长指数,4395.9966,0.0426968563851429
2025-07-03,2025-06-26,399296.SZ,创业板动量成长指数,4358.2853,-0.00857855531553431
2025-07-03,2025-06-27,399296.SZ,创业板动量成长指数,4357.8113,-0.00010875836880142
2025-07-03,2025-06-30,399296.SZ,创业板动量成长指数,4415.1235,0.0131516020438975
2025-07-03,2025-07-01,399296.SZ,创业板动量成长指数,4412.4544,-0.000604535750811985
2025-07-03,2025-07-02,399296.SZ,创业板动量成长指数,4352.6536,-0.0135527292927945
2025-07-03,2025-07-03,399296.SZ,创业板动量成长指数,4421.0435,0.0157122312696789
2025-07-03,2025-04-07,399303.SZ,国证2000指数,6981.0045,-0.124103687386848
2025-07-03,2025-04-08,399303.SZ,国证2000指数,7002.3747,0.00306119269798488
2025-07-03,2025-04-09,399303.SZ,国证2000指数,7180.8601,0.0254892672338713
2025-07-03,2025-04-10,399303.SZ,国证2000指数,7377.1638,0.0273370734516887
2025-07-03,2025-04-11,399303.SZ,国证2000指数,7468.9433,0.012441027810715
2025-07-03,2025-04-14,399303.SZ,国证2000指数,7594.3893,0.0167956824628726
2025-07-03,2025-04-15,399303.SZ,国证2000指数,7574.683,-0.00259484985843428
2025-07-03,2025-04-16,399303.SZ,国证2000指数,7454.8416,-0.0158213089577478
2025-07-03,2025-04-17,399303.SZ,国证2000指数,7478.1958,0.00313275603334096
2025-07-03,2025-04-18,399303.SZ,国证2000指数,7472.5656,-0.000752882132345367
2025-07-03,2025-04-21,399303.SZ,国证2000指数,7642.6385,0.02275963960758
2025-07-03,2025-04-22,399303.SZ,国证2000指数,7636.6837,-0.000779154999938858
2025-07-03,2025-04-23,399303.SZ,国证2000指数,7705.4585,0.00900584634662827
2025-07-03,2025-04-24,399303.SZ,国证2000指数,7625.5012,-0.0103767089265356
2025-07-03,2025-04-25,399303.SZ,国证2000指数,7650.629,0.00329523258090902
2025-07-03,2025-04-28,399303.SZ,国证2000指数,7554.4449,-0.0125720512653272
2025-07-03,2025-04-29,399303.SZ,国证2000指数,7606.177,0.00684790221979115
2025-07-03,2025-04-30,399303.SZ,国证2000指数,7685.3696,0.0104116167688446
2025-07-03,2025-05-06,399303.SZ,国证2000指数,7908.1314,0.0289851772385807
2025-07-03,2025-05-07,399303.SZ,国证2000指数,7928.1539,0.00253188762139178
2025-07-03,2025-05-08,399303.SZ,国证2000指数,8001.5632,0.00925931823800741
2025-07-03,2025-05-09,399303.SZ,国证2000指数,7892.8069,-0.0135918816463263
2025-07-03,2025-05-12,399303.SZ,国证2000指数,8011.8482,0.0150822516638536
2025-07-03,2025-05-13,399303.SZ,国证2000指数,7986.1333,-0.00320960898884726
2025-07-03,2025-05-14,399303.SZ,国证2000指数,7992.5974,0.000809415490222287
2025-07-03,2025-05-15,399303.SZ,国证2000指数,7865.7794,-0.0158669320689165
2025-07-03,2025-05-16,399303.SZ,国证2000指数,7905.0556,0.00499330047318636
2025-07-03,2025-05-19,399303.SZ,国证2000指数,7948.6766,0.00551811425589466
2025-07-03,2025-05-20,399303.SZ,国证2000指数,8014.736,0.00831074194162085
2025-07-03,2025-05-21,399303.SZ,国证2000指数,7978.5991,-0.00450880727699576
2025-07-03,2025-05-22,399303.SZ,国证2000指数,7882.8923,-0.0119954391492111
2025-07-03,2025-05-23,399303.SZ,国证2000指数,7793.7004,-0.0113146160832365
2025-07-03,2025-05-26,399303.SZ,国证2000指数,7859.3956,0.00842926936221455
2025-07-03,2025-05-27,399303.SZ,国证2000指数,7847.606,-0.00150006445788275
2025-07-03,2025-05-28,399303.SZ,国证2000指数,7823.6126,-0.00305741649109292
2025-07-03,2025-05-29,399303.SZ,国证2000指数,7971.6551,0.0189225243591431
2025-07-03,2025-05-30,399303.SZ,国证2000指数,7866.8895,-0.0131422645217051
2025-07-03,2025-06-03,399303.SZ,国证2000指数,7930.4825,0.00808362695319409
2025-07-03,2025-06-04,399303.SZ,国证2000指数,8006.7806,0.00962086480866708
2025-07-03,2025-06-05,399303.SZ,国证2000指数,8062.7234,0.00698692805445411
2025-07-03,2025-06-06,399303.SZ,国证2000指数,8047.5023,-0.00188783606293619
2025-07-03,2025-06-09,399303.SZ,国证2000指数,8156.0603,0.0134896513170304
2025-07-03,2025-06-10,399303.SZ,国证2000指数,8085.2917,-0.00867681176903512
2025-07-03,2025-06-11,399303.SZ,国证2000指数,8116.4934,0.00385906917866685
2025-07-03,2025-06-12,399303.SZ,国证2000指数,8133.1717,0.00205486522049037
2025-07-03,2025-06-13,399303.SZ,国证2000指数,7988.1506,-0.0178308174657127
2025-07-03,2025-06-16,399303.SZ,国证2000指数,8062.6288,0.0093235848608062
2025-07-03,2025-06-17,399303.SZ,国证2000指数,8050.1193,-0.00155154110530309
2025-07-03,2025-06-18,399303.SZ,国证2000指数,8046.1806,-0.000489272252151673
2025-07-03,2025-06-19,399303.SZ,国证2000指数,7907.1615,-0.0172776509639865
2025-07-03,2025-06-20,399303.SZ,国证2000指数,7841.5671,-0.00829556851722324
2025-07-03,2025-06-23,399303.SZ,国证2000指数,7962.7127,0.0154491568400912
2025-07-03,2025-06-24,399303.SZ,国证2000指数,8126.8828,0.0206173582025633
2025-07-03,2025-06-25,399303.SZ,国证2000指数,8224.5502,0.0120178181971566
2025-07-03,2025-06-26,399303.SZ,国证2000指数,8194.6502,-0.00363545717065472
2025-07-03,2025-06-27,399303.SZ,国证2000指数,8228.6216,0.00414555828142604
2025-07-03,2025-06-30,399303.SZ,国证2000指数,8339.4937,0.0134739577768408
2025-07-03,2025-07-01,399303.SZ,国证2000指数,8362.1735,0.00271956557746433
2025-07-03,2025-07-02,399303.SZ,国证2000指数,8277.6518,-0.0101076233350099
2025-07-03,2025-07-03,399303.SZ,国证2000指数,8334.9064,0.00691676835210675
2025-07-03,2025-04-07,399324.SZ,深证红利指数,8125.6467,-0.0656396665648936
2025-07-03,2025-04-08,399324.SZ,深证红利指数,8314.791,0.0232774457201048
2025-07-03,2025-04-09,399324.SZ,深证红利指数,8378.6798,0.00768375296504753
2025-07-03,2025-04-10,399324.SZ,深证红利指数,8509.558,0.0156203844906451
2025-07-03,2025-04-11,399324.SZ,深证红利指数,8478.0085,-0.00370753686619218
2025-07-03,2025-04-14,399324.SZ,深证红利指数,8456.6375,-0.00252075708581789
2025-07-03,2025-04-15,399324.SZ,深证红利指数,8520.1997,0.00751624980969079
2025-07-03,2025-04-16,399324.SZ,深证红利指数,8520.0282,-2.01286361866115e-05
2025-07-03,2025-04-17,399324.SZ,深证红利指数,8501.4131,-0.00218486366042792
2025-07-03,2025-04-18,399324.SZ,深证红利指数,8515.9979,0.00171557361446184
2025-07-03,2025-04-21,399324.SZ,深证红利指数,8546.049,0.00352878198807449
2025-07-03,2025-04-22,399324.SZ,深证红利指数,8544.1106,-0.000226818264206119
2025-07-03,2025-04-23,399324.SZ,深证红利指数,8528.3862,-0.00184037879846721
2025-07-03,2025-04-24,399324.SZ,深证红利指数,8518.6945,-0.00113640491562184
2025-07-03,2025-04-25,399324.SZ,深证红利指数,8479.5379,-0.00459654938911125
2025-07-03,2025-04-28,399324.SZ,深证红利指数,8494.0417,0.00171044698084311
2025-07-03,2025-04-29,399324.SZ,深证红利指数,8484.7106,-0.00109854652585462
2025-07-03,2025-04-30,399324.SZ,深证红利指数,8468.2715,-0.00193749684285038
2025-07-03,2025-05-06,399324.SZ,深证红利指数,8554.5777,0.0101917138580168
2025-07-03,2025-05-07,399324.SZ,深证红利指数,8568.3039,0.00160454443005431
2025-07-03,2025-05-08,399324.SZ,深证红利指数,8595.9286,0.00322405698051842
2025-07-03,2025-05-09,399324.SZ,深证红利指数,8591.8537,-0.000474050005487392
2025-07-03,2025-05-12,399324.SZ,深证红利指数,8641.8535,0.00581944266578938
2025-07-03,2025-05-13,399324.SZ,深证红利指数,8665.8447,0.00277616370145606
2025-07-03,2025-05-14,399324.SZ,深证红利指数,8722.5293,0.00654115114710052
2025-07-03,2025-05-15,399324.SZ,深证红利指数,8625.5915,-0.0111134966322211
2025-07-03,2025-05-16,399324.SZ,深证红利指数,8580.8197,-0.00519057736504225
2025-07-03,2025-05-19,399324.SZ,深证红利指数,8573.9318,-0.000802708860087042
2025-07-03,2025-05-20,399324.SZ,深证红利指数,8632.175,0.00679305613324321
2025-07-03,2025-05-21,399324.SZ,深证红利指数,8672.971,0.00472603949757744
2025-07-03,2025-05-22,399324.SZ,深证红利指数,8657.4929,-0.00178463642966176
2025-07-03,2025-05-23,399324.SZ,深证红利指数,8607.5648,-0.00576703909280707
2025-07-03,2025-05-26,399324.SZ,深证红利指数,8557.6729,-0.00579628514675845
2025-07-03,2025-05-27,399324.SZ,深证红利指数,8520.4619,-0.00434826154666412
2025-07-03,2025-05-28,399324.SZ,深证红利指数,8555.9161,0.00416106549340944
2025-07-03,2025-05-29,399324.SZ,深证红利指数,8580.476,0.00287051669429061
2025-07-03,2025-05-30,399324.SZ,深证红利指数,8575.3511,-0.000597274556796257
2025-07-03,2025-06-03,399324.SZ,深证红利指数,8497.3218,-0.00909925425677327
2025-07-03,2025-06-04,399324.SZ,深证红利指数,8522.9952,0.00302135197468911
2025-07-03,2025-06-05,399324.SZ,深证红利指数,8487.7368,-0.00413685555049925
2025-07-03,2025-06-06,399324.SZ,深证红利指数,8511.6841,0.00282139992842367
2025-07-03,2025-06-09,399324.SZ,深证红利指数,8548.5697,0.00433352548880417
2025-07-03,2025-06-10,399324.SZ,深证红利指数,8505.7615,-0.00500764472915272
2025-07-03,2025-06-11,399324.SZ,深证红利指数,8558.9651,0.00625500726772077
2025-07-03,2025-06-12,399324.SZ,深证红利指数,8487.8541,-0.00830836429044435
2025-07-03,2025-06-13,399324.SZ,深证红利指数,8390.0026,-0.0115284144669735
2025-07-03,2025-06-16,399324.SZ,深证红利指数,8354.5203,-0.00422911668704362
2025-07-03,2025-06-17,399324.SZ,深证红利指数,8343.6789,-0.00129766876022785
2025-07-03,2025-06-18,399324.SZ,深证红利指数,8348.184,0.000539941679682521
2025-07-03,2025-06-19,399324.SZ,深证红利指数,8268.1349,-0.00958880398419582
2025-07-03,2025-06-20,399324.SZ,深证红利指数,8314.9354,0.00566034547888195
2025-07-03,2025-06-23,399324.SZ,深证红利指数,8284.7235,-0.00363344975596569
2025-07-03,2025-06-24,399324.SZ,深证红利指数,8372.1647,0.0105545103587343
2025-07-03,2025-06-25,399324.SZ,深证红利指数,8433.7229,0.0073527220504872
2025-07-03,2025-06-26,399324.SZ,深证红利指数,8419.1851,-0.00172377017509073
2025-07-03,2025-06-27,399324.SZ,深证红利指数,8398.5847,-0.00244684013420737
2025-07-03,2025-06-30,399324.SZ,深证红利指数,8388.6703,-0.00118048461188935
2025-07-03,2025-07-01,399324.SZ,深证红利指数,8412.2463,0.00281045733791685
2025-07-03,2025-07-02,399324.SZ,深证红利指数,8449.4122,0.00441807083085521
2025-07-03,2025-07-03,399324.SZ,深证红利指数,8473.5604,0.00285797395468523
2025-07-03,2025-04-07,399330.SZ,深证100指数,4139.2086,-0.0890630084423913
2025-07-03,2025-04-08,399330.SZ,深证100指数,4181.5101,0.0102197072164956
2025-07-03,2025-04-09,399330.SZ,深证100指数,4207.391,0.00618936685098515
2025-07-03,2025-04-10,399330.SZ,深证100指数,4301.7069,0.0224167185792812
2025-07-03,2025-04-11,399330.SZ,深证100指数,4335.2028,0.00778665324687733
2025-07-03,2025-04-14,399330.SZ,深证100指数,4339.9256,0.00108940693616444
2025-07-03,2025-04-15,399330.SZ,深证100指数,4335.7982,-0.000951030128258257
2025-07-03,2025-04-16,399330.SZ,深证100指数,4308.4814,-0.00630029321936632
2025-07-03,2025-04-17,399330.SZ,深证100指数,4304.0727,-0.00102326077118498
2025-07-03,2025-04-18,399330.SZ,深证100指数,4315.518,0.00265917906079993
2025-07-03,2025-04-21,399330.SZ,深证100指数,4351.1478,0.00825620470126642
2025-07-03,2025-04-22,399330.SZ,深证100指数,4341.0798,-0.00231387221551038
2025-07-03,2025-04-23,399330.SZ,深证100指数,4369.5929,0.00656820452828333
2025-07-03,2025-04-24,399330.SZ,深证100指数,4356.9559,-0.0028920314292894
2025-07-03,2025-04-25,399330.SZ,深证100指数,4371.842,0.00341662856858371
2025-07-03,2025-04-28,399330.SZ,深证100指数,4351.0648,-0.00475250477944988
2025-07-03,2025-04-29,399330.SZ,深证100指数,4336.9429,-0.00324561932518219
2025-07-03,2025-04-30,399330.SZ,深证100指数,4348.8829,0.00275309135381963
2025-07-03,2025-05-06,399330.SZ,深证100指数,4407.9212,0.0135755092416951
2025-07-03,2025-05-07,399330.SZ,深证100指数,4421.3227,0.0030403220456845
2025-07-03,2025-05-08,399330.SZ,深证100指数,4468.2943,0.0106238795915077
2025-07-03,2025-05-09,399330.SZ,深证100指数,4449.0445,-0.00430808686885276
2025-07-03,2025-05-12,399330.SZ,深证100指数,4528.592,0.0178796818058349
2025-07-03,2025-05-13,399330.SZ,深证100指数,4528.7904,4.38105265390121e-05
2025-07-03,2025-05-14,399330.SZ,深证100指数,4571.1042,0.00934328954592378
2025-07-03,2025-05-15,399330.SZ,深证100指数,4505.5745,-0.0143356390781904
2025-07-03,2025-05-16,399330.SZ,深证100指数,4498.9364,-0.00147330823183589
2025-07-03,2025-05-19,399330.SZ,深证100指数,4489.1755,-0.00216960168630065
2025-07-03,2025-05-20,399330.SZ,深证100指数,4528.0268,0.00865443999683224
2025-07-03,2025-05-21,399330.SZ,深证100指数,4556.7155,0.00633580613966345
2025-07-03,2025-05-22,399330.SZ,深证100指数,4536.8305,-0.00436388885810413
2025-07-03,2025-05-23,399330.SZ,深证100指数,4505.0764,-0.00699918147702461
2025-07-03,2025-05-26,399330.SZ,深证100指数,4459.0962,-0.0102063085988953
2025-07-03,2025-05-27,399330.SZ,深证100指数,4425.4152,-0.00755332437097889
2025-07-03,2025-05-28,399330.SZ,深证100指数,4420.218,-0.00117439828018862
2025-07-03,2025-05-29,399330.SZ,深证100指数,4456.9107,0.00830110641601856
2025-07-03,2025-05-30,399330.SZ,深证100指数,4422.5998,-0.00769835931422191
2025-07-03,2025-06-03,399330.SZ,深证100指数,4423.4111,0.000183444136184319
2025-07-03,2025-06-04,399330.SZ,深证100指数,4458.68,0.00797323585863419
2025-07-03,2025-06-05,399330.SZ,深证100指数,4479.0899,0.00457756555751909
2025-07-03,2025-06-06,399330.SZ,深证100指数,4467.6287,-0.00255882338954616
2025-07-03,2025-06-09,399330.SZ,深证100指数,4486.1381,0.00414300319988548
2025-07-03,2025-06-10,399330.SZ,深证100指数,4449.9597,-0.00806448646777058
2025-07-03,2025-06-11,399330.SZ,深证100指数,4494.1403,0.00992831463170329
2025-07-03,2025-06-12,399330.SZ,深证100指数,4482.0988,-0.00267937785564909
2025-07-03,2025-06-13,399330.SZ,深证100指数,4434.742,-0.0105657644137607
2025-07-03,2025-06-16,399330.SZ,深证100指数,4439.918,0.00116714794231543
2025-07-03,2025-06-17,399330.SZ,深证100指数,4435.7512,-0.000938485800863864
2025-07-03,2025-06-18,399330.SZ,深证100指数,4450.8498,0.00340384284853501
2025-07-03,2025-06-19,399330.SZ,深证100指数,4403.7565,-0.0105807434795934
2025-07-03,2025-06-20,399330.SZ,深证100指数,4398.3763,-0.00122172967556233
2025-07-03,2025-06-23,399330.SZ,深证100指数,4397.5315,-0.000192070878519357
2025-07-03,2025-06-24,399330.SZ,深证100指数,4461.2361,0.0144864454069289
2025-07-03,2025-06-25,399330.SZ,深证100指数,4543.047,0.0183381686524053
2025-07-03,2025-06-26,399330.SZ,深证100指数,4513.4938,-0.00650514951749326
2025-07-03,2025-06-27,399330.SZ,深证100指数,4517.1302,0.000805672979987015
2025-07-03,2025-06-30,399330.SZ,深证100指数,4543.8552,0.00591636698893483
2025-07-03,2025-07-01,399330.SZ,深证100指数,4543.7351,-2.64313000115646e-05
2025-07-03,2025-07-02,399330.SZ,深证100指数,4526.7462,-0.00373897237099063
2025-07-03,2025-07-03,399330.SZ,深证100指数,4598.0627,0.0157544728264203
2025-07-03,2025-04-07,399437.SZ,国证证券龙头指数,5433.7569,-0.0993011978553657
2025-07-03,2025-04-08,399437.SZ,国证证券龙头指数,5547.7853,0.0209851861425747
2025-07-03,2025-04-09,399437.SZ,国证证券龙头指数,5643.5351,0.0172591033759004
2025-07-03,2025-04-10,399437.SZ,国证证券龙头指数,5738.3631,0.0168029432473982
2025-07-03,2025-04-11,399437.SZ,国证证券龙头指数,5742.3672,0.000697777385331388
2025-07-03,2025-04-14,399437.SZ,国证证券龙头指数,5741.1221,-0.000216826955963367
2025-07-03,2025-04-15,399437.SZ,国证证券龙头指数,5729.4636,-0.00203070058377608
2025-07-03,2025-04-16,399437.SZ,国证证券龙头指数,5726.3204,-0.000548602839539836
2025-07-03,2025-04-17,399437.SZ,国证证券龙头指数,5719.6304,-0.00116828950053149
2025-07-03,2025-04-18,399437.SZ,国证证券龙头指数,5746.214,0.00464778283575806
2025-07-03,2025-04-21,399437.SZ,国证证券龙头指数,5776.5066,0.00527174936401598
2025-07-03,2025-04-22,399437.SZ,国证证券龙头指数,5763.7758,-0.00220389257410336
2025-07-03,2025-04-23,399437.SZ,国证证券龙头指数,5774.3715,0.0018383261888848
2025-07-03,2025-04-24,399437.SZ,国证证券龙头指数,5755.2741,-0.00330726902486278
2025-07-03,2025-04-25,399437.SZ,国证证券龙头指数,5796.9327,0.00723833466072454
2025-07-03,2025-04-28,399437.SZ,国证证券龙头指数,5762.7233,-0.00590129328222155
2025-07-03,2025-04-29,399437.SZ,国证证券龙头指数,5736.921,-0.00447744905607383
2025-07-03,2025-04-30,399437.SZ,国证证券龙头指数,5759.951,0.00401434846322624
2025-07-03,2025-05-06,399437.SZ,国证证券龙头指数,5828.1583,0.0118416458751125
2025-07-03,2025-05-07,399437.SZ,国证证券龙头指数,5870.4914,0.00726354670222329
2025-07-03,2025-05-08,399437.SZ,国证证券龙头指数,5888.8423,0.00312595637223834
2025-07-03,2025-05-09,399437.SZ,国证证券龙头指数,5827.8688,-0.0103540724804263
2025-07-03,2025-05-12,399437.SZ,国证证券龙头指数,5966.2209,0.0237397417045491
2025-07-03,2025-05-13,399437.SZ,国证证券龙头指数,5925.0704,-0.00689724713344098
2025-07-03,2025-05-14,399437.SZ,国证证券龙头指数,6141.3564,0.0365035325149892
2025-07-03,2025-05-15,399437.SZ,国证证券龙头指数,6026.2234,-0.0187471614576871
2025-07-03,2025-05-16,399437.SZ,国证证券龙头指数,5960.667,-0.0108785213638113
2025-07-03,2025-05-19,399437.SZ,国证证券龙头指数,5954.1794,-0.00108840168390556
2025-07-03,2025-05-20,399437.SZ,国证证券龙头指数,5956.4063,0.000374006198066379
2025-07-03,2025-05-21,399437.SZ,国证证券龙头指数,5938.2401,-0.00304985910715994
2025-07-03,2025-05-22,399437.SZ,国证证券龙头指数,5910.835,-0.00461502053445095
2025-07-03,2025-05-23,399437.SZ,国证证券龙头指数,5833.5555,-0.0130742103273056
2025-07-03,2025-05-26,399437.SZ,国证证券龙头指数,5828.0367,-0.000946043969239807
2025-07-03,2025-05-27,399437.SZ,国证证券龙头指数,5818.1655,-0.00169374362381758
2025-07-03,2025-05-28,399437.SZ,国证证券龙头指数,5791.8445,-0.00452393456322275
2025-07-03,2025-05-29,399437.SZ,国证证券龙头指数,5850.9719,0.0102087340224688
2025-07-03,2025-05-30,399437.SZ,国证证券龙头指数,5828.7194,-0.00380321430017461
2025-07-03,2025-06-03,399437.SZ,国证证券龙头指数,5885.3323,0.00971275096893498
2025-07-03,2025-06-04,399437.SZ,国证证券龙头指数,5965.9682,0.0137011634840059
2025-07-03,2025-06-05,399437.SZ,国证证券龙头指数,6013.6781,0.00799700876716036
2025-07-03,2025-06-06,399437.SZ,国证证券龙头指数,5962.1813,-0.00856327843686877
2025-07-03,2025-06-09,399437.SZ,国证证券龙头指数,6049.1209,0.0145818443998005
2025-07-03,2025-06-10,399437.SZ,国证证券龙头指数,5968.6932,-0.0132957666625576
2025-07-03,2025-06-11,399437.SZ,国证证券龙头指数,6106.9551,0.0231645178210869
2025-07-03,2025-06-12,399437.SZ,国证证券龙头指数,6083.2954,-0.00387422203251508
2025-07-03,2025-06-13,399437.SZ,国证证券龙头指数,6019.1666,-0.0105417862824811
2025-07-03,2025-06-16,399437.SZ,国证证券龙头指数,6095.7528,0.0127237215863074
2025-07-03,2025-06-17,399437.SZ,国证证券龙头指数,6113.7372,0.00295031648921196
2025-07-03,2025-06-18,399437.SZ,国证证券龙头指数,6042.3097,-0.0116831158526081
2025-07-03,2025-06-19,399437.SZ,国证证券龙头指数,5929.3771,-0.0186903031468248
2025-07-03,2025-06-20,399437.SZ,国证证券龙头指数,5912.9632,-0.00276823344563459
2025-07-03,2025-06-23,399437.SZ,国证证券龙头指数,5983.0723,0.0118568470035463
2025-07-03,2025-06-24,399437.SZ,国证证券龙头指数,6130.7337,0.0246798622172759
2025-07-03,2025-06-25,399437.SZ,国证证券龙头指数,6450.317,0.0521280674774702
2025-07-03,2025-06-26,399437.SZ,国证证券龙头指数,6352.2498,-0.0152034698449705
2025-07-03,2025-06-27,399437.SZ,国证证券龙头指数,6356.1905,0.000620362883084313
2025-07-03,2025-06-30,399437.SZ,国证证券龙头指数,6323.3028,-0.00517412119727989
2025-07-03,2025-07-01,399437.SZ,国证证券龙头指数,6282.1531,-0.00650762762776436
2025-07-03,2025-07-02,399437.SZ,国证证券龙头指数,6256.2193,-0.0041281706426417
2025-07-03,2025-07-03,399437.SZ,国证证券龙头指数,6303.061,0.00748722155567649
2025-07-03,2025-04-07,399439.SZ,国证石油天然气指数,1492.8624,-0.0932572206580025
2025-07-03,2025-04-08,399439.SZ,国证石油天然气指数,1527.7283,0.0233550660797672
2025-07-03,2025-04-09,399439.SZ,国证石油天然气指数,1528.0265,0.000195191775919756
2025-07-03,2025-04-10,399439.SZ,国证石油天然气指数,1548.7329,0.0135510738851714
2025-07-03,2025-04-11,399439.SZ,国证石油天然气指数,1539.0252,-0.0062681563748016
2025-07-03,2025-04-14,399439.SZ,国证石油天然气指数,1559.5361,0.0133272021796653
2025-07-03,2025-04-15,399439.SZ,国证石油天然气指数,1557.2409,-0.00147171969921056
2025-07-03,2025-04-16,399439.SZ,国证石油天然气指数,1559.6727,0.00156160809801498
2025-07-03,2025-04-17,399439.SZ,国证石油天然气指数,1559.0985,-0.000368154164652634
2025-07-03,2025-04-18,399439.SZ,国证石油天然气指数,1562.8586,0.00241171420535657
2025-07-03,2025-04-21,399439.SZ,国证石油天然气指数,1563.7045,0.000541251780551422
2025-07-03,2025-04-22,399439.SZ,国证石油天然气指数,1565.4284,0.00110244614631472
2025-07-03,2025-04-23,399439.SZ,国证石油天然气指数,1574.7546,0.00595760240455578
2025-07-03,2025-04-24,399439.SZ,国证石油天然气指数,1576.0997,0.000854164833047566
2025-07-03,2025-04-25,399439.SZ,国证石油天然气指数,1578.6613,0.00162527789327038
2025-07-03,2025-04-28,399439.SZ,国证石油天然气指数,1579.7379,0.000681970223758599
2025-07-03,2025-04-29,399439.SZ,国证石油天然气指数,1563.6991,-0.0101528234525488
2025-07-03,2025-04-30,399439.SZ,国证石油天然气指数,1565.9834,0.00146083092328952
2025-07-03,2025-05-06,399439.SZ,国证石油天然气指数,1576.793,0.00690275516330496
2025-07-03,2025-05-07,399439.SZ,国证石油天然气指数,1591.8351,0.00953967959015545
2025-07-03,2025-05-08,399439.SZ,国证石油天然气指数,1585.1048,-0.00422801331620337
2025-07-03,2025-05-09,399439.SZ,国证石油天然气指数,1582.8652,-0.00141290342442979
2025-07-03,2025-05-12,399439.SZ,国证石油天然气指数,1597.3103,0.00912591925073603
2025-07-03,2025-05-13,399439.SZ,国证石油天然气指数,1602.9067,0.00350363983754431
2025-07-03,2025-05-14,399439.SZ,国证石油天然气指数,1621.8442,0.0118144742922341
2025-07-03,2025-05-15,399439.SZ,国证石油天然气指数,1607.3893,-0.00891263168188405
2025-07-03,2025-05-16,399439.SZ,国证石油天然气指数,1595.6794,-0.00728504289533349
2025-07-03,2025-05-19,399439.SZ,国证石油天然气指数,1602.2927,0.00414450421557122
2025-07-03,2025-05-20,399439.SZ,国证石油天然气指数,1606.459,0.00260021155934864
2025-07-03,2025-05-21,399439.SZ,国证石油天然气指数,1613.4283,0.00433829932790064
2025-07-03,2025-05-22,399439.SZ,国证石油天然气指数,1609.1142,-0.00267387153181831
2025-07-03,2025-05-23,399439.SZ,国证石油天然气指数,1593.9591,-0.00941828740309414
2025-07-03,2025-05-26,399439.SZ,国证石油天然气指数,1602.2345,0.00519172668859569
2025-07-03,2025-05-27,399439.SZ,国证石油天然气指数,1598.1319,-0.00256054903324077
2025-07-03,2025-05-28,399439.SZ,国证石油天然气指数,1613.5382,0.009640193027872
2025-07-03,2025-05-29,399439.SZ,国证石油天然气指数,1614.772,0.000764654967573719
2025-07-03,2025-05-30,399439.SZ,国证石油天然气指数,1610.2354,-0.00280943687406021
2025-07-03,2025-06-03,399439.SZ,国证石油天然气指数,1613.6606,0.0021271424041478
2025-07-03,2025-06-04,399439.SZ,国证石油天然气指数,1619.7078,0.00374750427692172
2025-07-03,2025-06-05,399439.SZ,国证石油天然气指数,1617.6393,-0.00127708219964107
2025-07-03,2025-06-06,399439.SZ,国证石油天然气指数,1630.0668,0.00768249139347699
2025-07-03,2025-06-09,399439.SZ,国证石油天然气指数,1640.8743,0.00663009638623402
2025-07-03,2025-06-10,399439.SZ,国证石油天然气指数,1638.4486,-0.001478297271156
2025-07-03,2025-06-11,399439.SZ,国证石油天然气指数,1650.6607,0.00745345322398272
2025-07-03,2025-06-12,399439.SZ,国证石油天然气指数,1658.0018,0.00444737068011625
2025-07-03,2025-06-13,399439.SZ,国证石油天然气指数,1698.9485,0.0246964146842301
2025-07-03,2025-06-16,399439.SZ,国证石油天然气指数,1700.0045,0.000621560924301212
2025-07-03,2025-06-17,399439.SZ,国证石油天然气指数,1718.5275,0.010895853510976
2025-07-03,2025-06-18,399439.SZ,国证石油天然气指数,1703.9673,-0.00847248589271909
2025-07-03,2025-06-19,399439.SZ,国证石油天然气指数,1718.3695,0.00845215750325723
2025-07-03,2025-06-20,399439.SZ,国证石油天然气指数,1692.4378,-0.0150908753908866
2025-07-03,2025-06-23,399439.SZ,国证石油天然气指数,1706.555,0.00834134052075663
2025-07-03,2025-06-24,399439.SZ,国证石油天然气指数,1658.4119,-0.0282106934731081
2025-07-03,2025-06-25,399439.SZ,国证石油天然气指数,1648.5,-0.00597674196621478
2025-07-03,2025-06-26,399439.SZ,国证石油天然气指数,1651.7339,0.00196172277828333
2025-07-03,2025-06-27,399439.SZ,国证石油天然气指数,1641.9286,-0.00593636783745854
2025-07-03,2025-06-30,399439.SZ,国证石油天然气指数,1644.2543,0.00141644405243935
2025-07-03,2025-07-01,399439.SZ,国证石油天然气指数,1646.8875,0.00160145544396628
2025-07-03,2025-07-02,399439.SZ,国证石油天然气指数,1657.3612,0.00635969366456424
2025-07-03,2025-07-03,399439.SZ,国证石油天然气指数,1651.7627,-0.00337796009705071
2025-07-03,2025-04-07,399441.SZ,国证生物医药指数,1910.5373,-0.0823572272023297
2025-07-03,2025-04-08,399441.SZ,国证生物医药指数,1928.8793,0.00960044067184662
2025-07-03,2025-04-09,399441.SZ,国证生物医药指数,1931.2781,0.00124362369382047
2025-07-03,2025-04-10,399441.SZ,国证生物医药指数,1962.5907,0.0162134081052334
2025-07-03,2025-04-11,399441.SZ,国证生物医药指数,1953.0942,-0.00483875726100202
2025-07-03,2025-04-14,399441.SZ,国证生物医药指数,1967.0247,0.00713252847712109
2025-07-03,2025-04-15,399441.SZ,国证生物医药指数,1953.7658,-0.00674058642985009
2025-07-03,2025-04-16,399441.SZ,国证生物医药指数,1923.636,-0.0154213979996988
2025-07-03,2025-04-17,399441.SZ,国证生物医药指数,1912.4304,-0.00582521849247986
2025-07-03,2025-04-18,399441.SZ,国证生物医药指数,1909.1057,-0.00173846849537629
2025-07-03,2025-04-21,399441.SZ,国证生物医药指数,1920.8362,0.00614450001380229
2025-07-03,2025-04-22,399441.SZ,国证生物医药指数,1912.4039,-0.00438991101896136
2025-07-03,2025-04-23,399441.SZ,国证生物医药指数,1908.1084,-0.00224612593605356
2025-07-03,2025-04-24,399441.SZ,国证生物医药指数,1916.8381,0.00457505454092644
2025-07-03,2025-04-25,399441.SZ,国证生物医药指数,1931.4403,0.00761785776273971
2025-07-03,2025-04-28,399441.SZ,国证生物医药指数,1924.5324,-0.00357655372521737
2025-07-03,2025-04-29,399441.SZ,国证生物医药指数,1932.5175,0.00414911175306787
2025-07-03,2025-04-30,399441.SZ,国证生物医药指数,1922.4783,-0.00519488180572747
2025-07-03,2025-05-06,399441.SZ,国证生物医药指数,1952.5611,0.0156479269492924
2025-07-03,2025-05-07,399441.SZ,国证生物医药指数,1936.8471,-0.00804789156149832
2025-07-03,2025-05-08,399441.SZ,国证生物医药指数,1946.6798,0.00507665266917545
2025-07-03,2025-05-09,399441.SZ,国证生物医药指数,1936.9188,-0.00501417850023411
2025-07-03,2025-05-12,399441.SZ,国证生物医药指数,1943.2069,0.00324644481740788
2025-07-03,2025-05-13,399441.SZ,国证生物医药指数,1954.5115,0.00581749683988875
2025-07-03,2025-05-14,399441.SZ,国证生物医药指数,1957.5957,0.00157799020369032
2025-07-03,2025-05-15,399441.SZ,国证生物医药指数,1955.0669,-0.00129178869773772
2025-07-03,2025-05-16,399441.SZ,国证生物医药指数,1959.8724,0.00245797215430321
2025-07-03,2025-05-19,399441.SZ,国证生物医药指数,1958.9078,-0.000492174898733211
2025-07-03,2025-05-20,399441.SZ,国证生物医药指数,1998.9626,0.0204475167233498
2025-07-03,2025-05-21,399441.SZ,国证生物医药指数,2001.0817,0.0010600998738044
2025-07-03,2025-05-22,399441.SZ,国证生物医药指数,1987.8898,-0.00659238450883837
2025-07-03,2025-05-23,399441.SZ,国证生物医药指数,1989.0867,0.000602095749975717
2025-07-03,2025-05-26,399441.SZ,国证生物医药指数,1970.7378,-0.00922478643087798
2025-07-03,2025-05-27,399441.SZ,国证生物医药指数,1999.482,0.0145855019373962
2025-07-03,2025-05-28,399441.SZ,国证生物医药指数,1982.1834,-0.00865154074905405
2025-07-03,2025-05-29,399441.SZ,国证生物医药指数,2046.1471,0.0322693147364668
2025-07-03,2025-05-30,399441.SZ,国证生物医药指数,2045.0603,-0.000531144608322598
2025-07-03,2025-06-03,399441.SZ,国证生物医药指数,2076.3034,0.0152773490346469
2025-07-03,2025-06-04,399441.SZ,国证生物医药指数,2102.7664,0.0127452471541492
2025-07-03,2025-06-05,399441.SZ,国证生物医药指数,2087.5136,-0.00725368257738934
2025-07-03,2025-06-06,399441.SZ,国证生物医药指数,2066.1171,-0.0102497535824438
2025-07-03,2025-06-09,399441.SZ,国证生物医药指数,2103.3978,0.0180438465951422
2025-07-03,2025-06-10,399441.SZ,国证生物医药指数,2112.5306,0.0043419271428351
2025-07-03,2025-06-11,399441.SZ,国证生物医药指数,2099.0399,-0.00638603767443646
2025-07-03,2025-06-12,399441.SZ,国证生物医药指数,2150.4856,0.0245091577344478
2025-07-03,2025-06-13,399441.SZ,国证生物医药指数,2102.0273,-0.0225336547243096
2025-07-03,2025-06-16,399441.SZ,国证生物医药指数,2088.5075,-0.00643179087160284
2025-07-03,2025-06-17,399441.SZ,国证生物医药指数,2059.856,-0.0137186483649209
2025-07-03,2025-06-18,399441.SZ,国证生物医药指数,2034.9216,-0.0121049238393365
2025-07-03,2025-06-19,399441.SZ,国证生物医药指数,2003.5499,-0.0154166627353113
2025-07-03,2025-06-20,399441.SZ,国证生物医药指数,2005.972,0.001208904255392
2025-07-03,2025-06-23,399441.SZ,国证生物医药指数,2028.1817,0.0110717896361465
2025-07-03,2025-06-24,399441.SZ,国证生物医药指数,2054.7829,0.0131157874070158
2025-07-03,2025-06-25,399441.SZ,国证生物医药指数,2066.2201,0.00556613547835139
2025-07-03,2025-06-26,399441.SZ,国证生物医药指数,2029.8222,-0.0176156935071922
2025-07-03,2025-06-27,399441.SZ,国证生物医药指数,2035.6951,0.00289330760103024
2025-07-03,2025-06-30,399441.SZ,国证生物医药指数,2071.1422,0.0174127746340795
2025-07-03,2025-07-01,399441.SZ,国证生物医药指数,2103.7098,0.0157244635351452
2025-07-03,2025-07-02,399441.SZ,国证生物医药指数,2084.42,-0.00916942061115089
2025-07-03,2025-07-03,399441.SZ,国证生物医药指数,2124.6876,0.0193183715374061
2025-07-03,2025-04-07,399673.SZ,创业板50指数,1759.1257,-0.133043563542528
2025-07-03,2025-04-08,399673.SZ,创业板50指数,1782.9878,0.013564749807248
2025-07-03,2025-04-09,399673.SZ,创业板50指数,1794.3461,0.0063703744916257
2025-07-03,2025-04-10,399673.SZ,创业板50指数,1838.2338,0.0244588822635723
2025-07-03,2025-04-11,399673.SZ,创业板50指数,1866.7067,0.0154892701896787
2025-07-03,2025-04-14,399673.SZ,创业板50指数,1872.5173,0.00311275467110073
2025-07-03,2025-04-15,399673.SZ,创业板50指数,1872.332,-9.89576972132422e-05
2025-07-03,2025-04-16,399673.SZ,创业板50指数,1848.5092,-0.0127235981652827
2025-07-03,2025-04-17,399673.SZ,创业板50指数,1850.0524,0.000834834903715942
2025-07-03,2025-04-18,399673.SZ,创业板50指数,1859.4957,0.00510434190945075
2025-07-03,2025-04-21,399673.SZ,创业板50指数,1890.0337,0.0164227322493944
2025-07-03,2025-04-22,399673.SZ,创业板50指数,1874.3927,-0.00827551381755776
2025-07-03,2025-04-23,399673.SZ,创业板50指数,1900.1283,0.0137301004213257
2025-07-03,2025-04-24,399673.SZ,创业板50指数,1887.8809,-0.00644556475475888
2025-07-03,2025-04-25,399673.SZ,创业板50指数,1905.1171,0.0091299191596248
2025-07-03,2025-04-28,399673.SZ,创业板50指数,1892.4727,-0.0066370723353435
2025-07-03,2025-04-29,399673.SZ,创业板50指数,1887.4274,-0.0026659829756065
2025-07-03,2025-04-30,399673.SZ,创业板50指数,1903.2244,0.00836959344767374
2025-07-03,2025-05-06,399673.SZ,创业板50指数,1941.4501,0.0200847046727648
2025-07-03,2025-05-07,399673.SZ,创业板50指数,1956.2991,0.00764840672443756
2025-07-03,2025-05-08,399673.SZ,创业板50指数,1997.2567,0.020936266852037
2025-07-03,2025-05-09,399673.SZ,创业板50指数,1981.7875,-0.00774522373613762
2025-07-03,2025-05-12,399673.SZ,创业板50指数,2043.3644,0.0310713938805245
2025-07-03,2025-05-13,399673.SZ,创业板50指数,2040.5922,-0.00135668410392187
2025-07-03,2025-05-14,399673.SZ,创业板50指数,2067.0235,0.0129527594979535
2025-07-03,2025-05-15,399673.SZ,创业板50指数,2024.4348,-0.0206038779917112
2025-07-03,2025-05-16,399673.SZ,创业板50指数,2021.3969,-0.00150061636956644
2025-07-03,2025-05-19,399673.SZ,创业板50指数,2011.7057,-0.00479430833202521
2025-07-03,2025-05-20,399673.SZ,创业板50指数,2026.5416,0.00737478648094503
2025-07-03,2025-05-21,399673.SZ,创业板50指数,2050.745,0.0119432041266756
2025-07-03,2025-05-22,399673.SZ,创业板50指数,2031.6558,-0.00930842206125082
2025-07-03,2025-05-23,399673.SZ,创业板50指数,2004.6762,-0.0132796116350022
2025-07-03,2025-05-26,399673.SZ,创业板50指数,1983.1634,-0.0107313091261323
2025-07-03,2025-05-27,399673.SZ,创业板50指数,1966.8302,-0.00823593255099397
2025-07-03,2025-05-28,399673.SZ,创业板50指数,1961.8185,-0.00254811015206091
2025-07-03,2025-05-29,399673.SZ,创业板50指数,1982.9091,0.010750535791155
2025-07-03,2025-05-30,399673.SZ,创业板50指数,1962.6241,-0.010229919263571
2025-07-03,2025-06-03,399673.SZ,创业板50指数,1966.6507,0.00205164096374855
2025-07-03,2025-06-04,399673.SZ,创业板50指数,1992.1987,0.0129906139407472
2025-07-03,2025-06-05,399673.SZ,创业板50指数,2020.8607,0.0143871191161806
2025-07-03,2025-06-06,399673.SZ,创业板50指数,2006.3784,-0.00716640191973639
2025-07-03,2025-06-09,399673.SZ,创业板50指数,2027.1125,0.0103340925121602
2025-07-03,2025-06-10,399673.SZ,创业板50指数,2003.1472,-0.0118223828228575
2025-07-03,2025-06-11,399673.SZ,创业板50指数,2029.1034,0.0129577097479405
2025-07-03,2025-06-12,399673.SZ,创业板50指数,2036.7472,0.00376708254493097
2025-07-03,2025-06-13,399673.SZ,创业板50指数,2016.4492,-0.00996589071044263
2025-07-03,2025-06-16,399673.SZ,创业板50指数,2037.0849,0.0102336820585414
2025-07-03,2025-06-17,399673.SZ,创业板50指数,2027.7129,-0.00460069190047019
2025-07-03,2025-06-18,399673.SZ,创业板50指数,2036.2364,0.00420350435212002
2025-07-03,2025-06-19,399673.SZ,创业板50指数,2008.0124,-0.0138608660566131
2025-07-03,2025-06-20,399673.SZ,创业板50指数,1989.705,-0.00911717477441876
2025-07-03,2025-06-23,399673.SZ,创业板50指数,1996.1282,0.00322821724828559
2025-07-03,2025-06-24,399673.SZ,创业板50指数,2044.7801,0.0243731339500137
2025-07-03,2025-06-25,399673.SZ,创业板50指数,2117.8673,0.0357433056004408
2025-07-03,2025-06-26,399673.SZ,创业板50指数,2104.1474,-0.00647816791920819
2025-07-03,2025-06-27,399673.SZ,创业板50指数,2113.7771,0.00457653299383876
2025-07-03,2025-06-30,399673.SZ,创业板50指数,2143.9054,0.0142533004071244
2025-07-03,2025-07-01,399673.SZ,创业板50指数,2135.275,-0.00402555075424504
2025-07-03,2025-07-02,399673.SZ,创业板50指数,2111.036,-0.0113516994298158
2025-07-03,2025-07-03,399673.SZ,创业板50指数,2160.6131,0.0234847250354802
2025-07-03,2025-04-07,399808.SZ,中证新能源指数,1662.4348,-0.112060159442327
2025-07-03,2025-04-08,399808.SZ,中证新能源指数,1679.6745,0.0103701510579544
2025-07-03,2025-04-09,399808.SZ,中证新能源指数,1686.4885,0.00405673837401221
2025-07-03,2025-04-10,399808.SZ,中证新能源指数,1720.6584,0.0202609742076509
2025-07-03,2025-04-11,399808.SZ,中证新能源指数,1728.8989,0.00478915512806011
2025-07-03,2025-04-14,399808.SZ,中证新能源指数,1742.0856,0.00762722447217712
2025-07-03,2025-04-15,399808.SZ,中证新能源指数,1742.7512,0.000382070777692922
2025-07-03,2025-04-16,399808.SZ,中证新能源指数,1730.5756,-0.00698642468299548
2025-07-03,2025-04-17,399808.SZ,中证新能源指数,1723.5315,-0.00407037982044811
2025-07-03,2025-04-18,399808.SZ,中证新能源指数,1726.4607,0.00169953377701537
2025-07-03,2025-04-21,399808.SZ,中证新能源指数,1745.3387,0.0109345089639168
2025-07-03,2025-04-22,399808.SZ,中证新能源指数,1736.3701,-0.00513860146457523
2025-07-03,2025-04-23,399808.SZ,中证新能源指数,1746.2081,0.0056658427831715
2025-07-03,2025-04-24,399808.SZ,中证新能源指数,1740.8822,-0.00304998012550739
2025-07-03,2025-04-25,399808.SZ,中证新能源指数,1750.4373,0.00548865397095799
2025-07-03,2025-04-28,399808.SZ,中证新能源指数,1745.9056,-0.00258889592903444
2025-07-03,2025-04-29,399808.SZ,中证新能源指数,1735.4874,-0.00596721838798164
2025-07-03,2025-04-30,399808.SZ,中证新能源指数,1737.0976,0.000927808522263041
2025-07-03,2025-05-06,399808.SZ,中证新能源指数,1769.3425,0.0185625148523605
2025-07-03,2025-05-07,399808.SZ,中证新能源指数,1779.5675,0.00577898287075573
2025-07-03,2025-05-08,399808.SZ,中证新能源指数,1804.1334,0.0138044215799624
2025-07-03,2025-05-09,399808.SZ,中证新能源指数,1793.7567,-0.00575162568355536
2025-07-03,2025-05-12,399808.SZ,中证新能源指数,1838.6371,0.0250203385999896
2025-07-03,2025-05-13,399808.SZ,中证新能源指数,1853.1591,0.00789824158339902
2025-07-03,2025-05-14,399808.SZ,中证新能源指数,1852.131,-0.000554782371357088
2025-07-03,2025-05-15,399808.SZ,中证新能源指数,1820.6276,-0.0170092720223354
2025-07-03,2025-05-16,399808.SZ,中证新能源指数,1822.8341,0.00121194471620667
2025-07-03,2025-05-19,399808.SZ,中证新能源指数,1822.5706,-0.000144555118866796
2025-07-03,2025-05-20,399808.SZ,中证新能源指数,1828.3434,0.00316739444825886
2025-07-03,2025-05-21,399808.SZ,中证新能源指数,1847.9499,0.0107236419591636
2025-07-03,2025-05-22,399808.SZ,中证新能源指数,1823.4532,-0.0132561494226657
2025-07-03,2025-05-23,399808.SZ,中证新能源指数,1805.1986,-0.0100110054922167
2025-07-03,2025-05-26,399808.SZ,中证新能源指数,1794.4972,-0.00592810120725773
2025-07-03,2025-05-27,399808.SZ,中证新能源指数,1783.9717,-0.00586543127512262
2025-07-03,2025-05-28,399808.SZ,中证新能源指数,1769.392,-0.00817260722241275
2025-07-03,2025-05-29,399808.SZ,中证新能源指数,1782.5232,0.0074213063018258
2025-07-03,2025-05-30,399808.SZ,中证新能源指数,1761.2186,-0.0119519342020346
2025-07-03,2025-06-03,399808.SZ,中证新能源指数,1763.3157,0.00119070965977763
2025-07-03,2025-06-04,399808.SZ,中证新能源指数,1782.5922,0.0109319618716035
2025-07-03,2025-06-05,399808.SZ,中证新能源指数,1783.2996,0.00039683781854305
2025-07-03,2025-06-06,399808.SZ,中证新能源指数,1780.447,-0.00159961904326122
2025-07-03,2025-06-09,399808.SZ,中证新能源指数,1796.3637,0.00893972131717491
2025-07-03,2025-06-10,399808.SZ,中证新能源指数,1779.2746,-0.00951316261846091
2025-07-03,2025-06-11,399808.SZ,中证新能源指数,1803.2592,0.013479987855725
2025-07-03,2025-06-12,399808.SZ,中证新能源指数,1798.0435,-0.00289237398594722
2025-07-03,2025-06-13,399808.SZ,中证新能源指数,1778.3099,-0.0109750403702692
2025-07-03,2025-06-16,399808.SZ,中证新能源指数,1780.929,0.00147280291247331
2025-07-03,2025-06-17,399808.SZ,中证新能源指数,1786.5847,0.00317570211951179
2025-07-03,2025-06-18,399808.SZ,中证新能源指数,1791.9804,0.00302011989691819
2025-07-03,2025-06-19,399808.SZ,中证新能源指数,1768.8327,-0.0129173845874654
2025-07-03,2025-06-20,399808.SZ,中证新能源指数,1764.4405,-0.00248310651425654
2025-07-03,2025-06-23,399808.SZ,中证新能源指数,1786.7688,0.0126546063752222
2025-07-03,2025-06-24,399808.SZ,中证新能源指数,1828.9596,0.0236129039190744
2025-07-03,2025-06-25,399808.SZ,中证新能源指数,1854.7562,0.0141045214995454
2025-07-03,2025-06-26,399808.SZ,中证新能源指数,1842.3732,-0.00667634916114579
2025-07-03,2025-06-27,399808.SZ,中证新能源指数,1849.7777,0.00401900114482778
2025-07-03,2025-06-30,399808.SZ,中证新能源指数,1873.8845,0.013032268688286
2025-07-03,2025-07-01,399808.SZ,中证新能源指数,1868.3763,-0.00293945544669372
2025-07-03,2025-07-02,399808.SZ,中证新能源指数,1891.6812,0.0124733438333595
2025-07-03,2025-07-03,399808.SZ,中证新能源指数,1912.6322,0.0110753334124165
2025-07-03,2025-04-07,399850.SZ,深证50指数,6467.7955,-0.0896600593386442
2025-07-03,2025-04-08,399850.SZ,深证50指数,6555.0452,0.0134898668332972
2025-07-03,2025-04-09,399850.SZ,深证50指数,6593.01,0.00579169156606274
2025-07-03,2025-04-10,399850.SZ,深证50指数,6742.2953,0.0226429658077265
2025-07-03,2025-04-11,399850.SZ,深证50指数,6774.7082,0.00480739845375799
2025-07-03,2025-04-14,399850.SZ,深证50指数,6784.8674,0.00149957750209828
2025-07-03,2025-04-15,399850.SZ,深证50指数,6784.4491,-6.16519049436715e-05
2025-07-03,2025-04-16,399850.SZ,深证50指数,6742.4442,-0.00619135015693462
2025-07-03,2025-04-17,399850.SZ,深证50指数,6743.6505,0.000178911380534608
2025-07-03,2025-04-18,399850.SZ,深证50指数,6756.082,0.00184343776416052
2025-07-03,2025-04-21,399850.SZ,深证50指数,6805.0564,0.00724893510765567
2025-07-03,2025-04-22,399850.SZ,深证50指数,6798.3445,-0.000986310708607774
2025-07-03,2025-04-23,399850.SZ,深证50指数,6849.1041,0.00746646481360269
2025-07-03,2025-04-24,399850.SZ,深证50指数,6832.3524,-0.00244582353478895
2025-07-03,2025-04-25,399850.SZ,深证50指数,6863.3319,0.00453423626099858
2025-07-03,2025-04-28,399850.SZ,深证50指数,6835.3005,-0.00408422620505933
2025-07-03,2025-04-29,399850.SZ,深证50指数,6820.9874,-0.00209399718417647
2025-07-03,2025-04-30,399850.SZ,深证50指数,6846.0671,0.00367684303301896
2025-07-03,2025-05-06,399850.SZ,深证50指数,6934.761,0.0129554529198233
2025-07-03,2025-05-07,399850.SZ,深证50指数,6956.683,0.00316117599438526
2025-07-03,2025-05-08,399850.SZ,深证50指数,7034.729,0.011218852432977
2025-07-03,2025-05-09,399850.SZ,深证50指数,7011.58,-0.00329067402596461
2025-07-03,2025-05-12,399850.SZ,深证50指数,7131.9249,0.0171637348500624
2025-07-03,2025-05-13,399850.SZ,深证50指数,7125.7136,-0.000870914947520007
2025-07-03,2025-05-14,399850.SZ,深证50指数,7197.0746,0.0100145759436641
2025-07-03,2025-05-15,399850.SZ,深证50指数,7100.9956,-0.0133497296248672
2025-07-03,2025-05-16,399850.SZ,深证50指数,7097.0665,-0.000553316777157309
2025-07-03,2025-05-19,399850.SZ,深证50指数,7075.1897,-0.00308251303549145
2025-07-03,2025-05-20,399850.SZ,深证50指数,7145.9399,0.00999976014777393
2025-07-03,2025-05-21,399850.SZ,深证50指数,7179.5934,0.0047094574640909
2025-07-03,2025-05-22,399850.SZ,深证50指数,7152.4239,-0.00378426722605207
2025-07-03,2025-05-23,399850.SZ,深证50指数,7101.7959,-0.00707843952034215
2025-07-03,2025-05-26,399850.SZ,深证50指数,7027.4835,-0.0104638884370079
2025-07-03,2025-05-27,399850.SZ,深证50指数,6974.0737,-0.00760013168298446
2025-07-03,2025-05-28,399850.SZ,深证50指数,6969.7619,-0.000618261318345303
2025-07-03,2025-05-29,399850.SZ,深证50指数,7017.2336,0.00681109350378217
2025-07-03,2025-05-30,399850.SZ,深证50指数,6960.2572,-0.00811949597915618
2025-07-03,2025-06-03,399850.SZ,深证50指数,6950.7437,-0.001366831673979
2025-07-03,2025-06-04,399850.SZ,深证50指数,7006.9316,0.00808372491133569
2025-07-03,2025-06-05,399850.SZ,深证50指数,7042.9392,0.00513885421687288
2025-07-03,2025-06-06,399850.SZ,深证50指数,7029.0376,-0.00197383501479043
2025-07-03,2025-06-09,399850.SZ,深证50指数,7055.0333,0.00369832991076913
2025-07-03,2025-06-10,399850.SZ,深证50指数,7001.3506,-0.00760913488530246
2025-07-03,2025-06-11,399850.SZ,深证50指数,7074.1679,0.0104004647331903
2025-07-03,2025-06-12,399850.SZ,深证50指数,7040.8735,-0.00470647579625594
2025-07-03,2025-06-13,399850.SZ,深证50指数,6967.4149,-0.0104331657144529
2025-07-03,2025-06-16,399850.SZ,深证50指数,6977.9097,0.0015062688458527
2025-07-03,2025-06-17,399850.SZ,深证50指数,6969.6073,-0.00118981190026013
2025-07-03,2025-06-18,399850.SZ,深证50指数,6994.2341,0.0035334558949971
2025-07-03,2025-06-19,399850.SZ,深证50指数,6924.5519,-0.00996280636360158
2025-07-03,2025-06-20,399850.SZ,深证50指数,6928.2763,0.000537854297835594
2025-07-03,2025-06-23,399850.SZ,深证50指数,6918.0898,-0.00147027912267306
2025-07-03,2025-06-24,399850.SZ,深证50指数,7015.9581,0.0141467229870302
2025-07-03,2025-06-25,399850.SZ,深证50指数,7146.3578,0.0185861571778771
2025-07-03,2025-06-26,399850.SZ,深证50指数,7092.3158,-0.00756217383909874
2025-07-03,2025-06-27,399850.SZ,深证50指数,7101.1913,0.00125142481670082
2025-07-03,2025-06-30,399850.SZ,深证50指数,7147.794,0.00656265942307455
2025-07-03,2025-07-01,399850.SZ,深证50指数,7143.1685,-0.000647122734650729
2025-07-03,2025-07-02,399850.SZ,深证50指数,7112.9856,-0.0042254218138631
2025-07-03,2025-07-03,399850.SZ,深证50指数,7224.5842,0.0156894173945747
2025-07-03,2025-04-07,399967.SZ,中证军工指数,9504.1729,-0.0879834933389076
2025-07-03,2025-04-08,399967.SZ,中证军工指数,9695.7056,0.0201524848101196
2025-07-03,2025-04-09,399967.SZ,中证军工指数,10217.8955,0.0538578543473929
2025-07-03,2025-04-10,399967.SZ,中证军工指数,10342.1661,0.01216205430952
2025-07-03,2025-04-11,399967.SZ,中证军工指数,10462.7439,0.0116588535548658
2025-07-03,2025-04-14,399967.SZ,中证军工指数,10479.2373,0.00157639335891613
2025-07-03,2025-04-15,399967.SZ,中证军工指数,10291.5164,-0.0179136033115693
2025-07-03,2025-04-16,399967.SZ,中证军工指数,10249.0063,-0.00413059634243995
2025-07-03,2025-04-17,399967.SZ,中证军工指数,10237.5836,-0.0011145178045211
2025-07-03,2025-04-18,399967.SZ,中证军工指数,10171.2849,-0.00647601060859704
2025-07-03,2025-04-21,399967.SZ,中证军工指数,10356.8278,0.018241834913109
2025-07-03,2025-04-22,399967.SZ,中证军工指数,10298.3549,-0.00564583105263161
2025-07-03,2025-04-23,399967.SZ,中证军工指数,10286.1897,-0.00118127605021645
2025-07-03,2025-04-24,399967.SZ,中证军工指数,10193.068,-0.00905308017020157
2025-07-03,2025-04-25,399967.SZ,中证军工指数,10219.0059,0.00254466074394877
2025-07-03,2025-04-28,399967.SZ,中证军工指数,10138.84,-0.00784478458907634
2025-07-03,2025-04-29,399967.SZ,中证军工指数,10155.366,0.00162996950341454
2025-07-03,2025-04-30,399967.SZ,中证军工指数,10201.9431,0.00458645212787023
2025-07-03,2025-05-06,399967.SZ,中证军工指数,10392.6251,0.0186907531370175
2025-07-03,2025-05-07,399967.SZ,中证军工指数,10735.5485,0.0329968027038714
2025-07-03,2025-05-08,399967.SZ,中证军工指数,10961.0282,0.0210030908062127
2025-07-03,2025-05-09,399967.SZ,中证军工指数,10729.2068,-0.0211496034651203
2025-07-03,2025-05-12,399967.SZ,中证军工指数,11234.5479,0.0470995768298548
2025-07-03,2025-05-13,399967.SZ,中证军工指数,10899.6743,-0.0298074833968174
2025-07-03,2025-05-14,399967.SZ,中证军工指数,10828.1378,-0.00656317776394477
2025-07-03,2025-05-15,399967.SZ,中证军工指数,10635.1563,-0.0178222242424732
2025-07-03,2025-05-16,399967.SZ,中证军工指数,10622.1862,-0.00121954954249248
2025-07-03,2025-05-19,399967.SZ,中证军工指数,10726.8465,0.00985299052656408
2025-07-03,2025-05-20,399967.SZ,中证军工指数,10696.6842,-0.00281185155394925
2025-07-03,2025-05-21,399967.SZ,中证军工指数,10706.4211,0.000910272736667217
2025-07-03,2025-05-22,399967.SZ,中证军工指数,10641.8232,-0.00603356615592099
2025-07-03,2025-05-23,399967.SZ,中证军工指数,10526.588,-0.0108285204362352
2025-07-03,2025-05-26,399967.SZ,中证军工指数,10634.0815,0.0102116184275476
2025-07-03,2025-05-27,399967.SZ,中证军工指数,10601.9952,-0.00301730807686595
2025-07-03,2025-05-28,399967.SZ,中证军工指数,10524.1282,-0.00734456095584723
2025-07-03,2025-05-29,399967.SZ,中证军工指数,10711.5082,0.0178048002113849
2025-07-03,2025-05-30,399967.SZ,中证军工指数,10719.5246,0.000748391342313637
2025-07-03,2025-06-03,399967.SZ,中证军工指数,10723.6543,0.000385250293655659
2025-07-03,2025-06-04,399967.SZ,中证军工指数,10711.266,-0.00115523119763383
2025-07-03,2025-06-05,399967.SZ,中证军工指数,10757.3601,0.00430332885020324
2025-07-03,2025-06-06,399967.SZ,中证军工指数,10727.1267,-0.00281048507430737
2025-07-03,2025-06-09,399967.SZ,中证军工指数,10880.0378,0.0142546186202872
2025-07-03,2025-06-10,399967.SZ,中证军工指数,10688.3904,-0.0176145895375474
2025-07-03,2025-06-11,399967.SZ,中证军工指数,10730.2632,0.00391759642312461
2025-07-03,2025-06-12,399967.SZ,中证军工指数,10662.7593,-0.00629098268530814
2025-07-03,2025-06-13,399967.SZ,中证军工指数,10786.3934,0.0115949442842624
2025-07-03,2025-06-16,399967.SZ,中证军工指数,10795.1281,0.000809788747367479
2025-07-03,2025-06-17,399967.SZ,中证军工指数,10792.6631,-0.000228343747027848
2025-07-03,2025-06-18,399967.SZ,中证军工指数,10855.8968,0.00585895245817514
2025-07-03,2025-06-19,399967.SZ,中证军工指数,10688.1491,-0.015452219479463
2025-07-03,2025-06-20,399967.SZ,中证军工指数,10567.541,-0.0112842830757293
2025-07-03,2025-06-23,399967.SZ,中证军工指数,10743.1646,0.0166191548251386
2025-07-03,2025-06-24,399967.SZ,中证军工指数,10794.3394,0.00476347537298283
2025-07-03,2025-06-25,399967.SZ,中证军工指数,11122.8302,0.0304317650045356
2025-07-03,2025-06-26,399967.SZ,中证军工指数,11144.2005,0.00192130056970585
2025-07-03,2025-06-27,399967.SZ,中证军工指数,11226.422,0.00737796309389793
2025-07-03,2025-06-30,399967.SZ,中证军工指数,11686.6995,0.0409994831835112
2025-07-03,2025-07-01,399967.SZ,中证军工指数,11668.4952,-0.00155769385530968
2025-07-03,2025-07-02,399967.SZ,中证军工指数,11438.9863,-0.0196691086610722
2025-07-03,2025-07-03,399967.SZ,中证军工指数,11468.8258,0.0026085790486523
2025-07-03,2025-04-07,399971.SZ,中证传媒指数,1084.8604,-0.114598292562615
2025-07-03,2025-04-08,399971.SZ,中证传媒指数,1094.5852,0.00896410266242542
2025-07-03,2025-04-09,399971.SZ,中证传媒指数,1123.5815,0.0264906742755155
2025-07-03,2025-04-10,399971.SZ,中证传媒指数,1156.1762,0.0290096446052202
2025-07-03,2025-04-11,399971.SZ,中证传媒指数,1149.1842,-0.00604752113042994
2025-07-03,2025-04-14,399971.SZ,中证传媒指数,1164.6153,0.0134278734427431
2025-07-03,2025-04-15,399971.SZ,中证传媒指数,1169.785,0.0044389765444437
2025-07-03,2025-04-16,399971.SZ,中证传媒指数,1163.4951,-0.00537697098184708
2025-07-03,2025-04-17,399971.SZ,中证传媒指数,1160.1612,-0.00286541816978869
2025-07-03,2025-04-18,399971.SZ,中证传媒指数,1169.2743,0.00785502911147185
2025-07-03,2025-04-21,399971.SZ,中证传媒指数,1195.3818,0.0223279516192223
2025-07-03,2025-04-22,399971.SZ,中证传媒指数,1182.234,-0.0109988289933812
2025-07-03,2025-04-23,399971.SZ,中证传媒指数,1179.4375,-0.00236543696087232
2025-07-03,2025-04-24,399971.SZ,中证传媒指数,1159.9088,-0.0165576387048911
2025-07-03,2025-04-25,399971.SZ,中证传媒指数,1163.6869,0.00325723884498497
2025-07-03,2025-04-28,399971.SZ,中证传媒指数,1163.9359,0.000213975082129059
2025-07-03,2025-04-29,399971.SZ,中证传媒指数,1178.2734,0.0123181182056504
2025-07-03,2025-04-30,399971.SZ,中证传媒指数,1191.376,0.0111201695633627
2025-07-03,2025-05-06,399971.SZ,中证传媒指数,1226.3169,0.0293281885819423
2025-07-03,2025-05-07,399971.SZ,中证传媒指数,1218.9079,-0.00604166834853215
2025-07-03,2025-05-08,399971.SZ,中证传媒指数,1225.1419,0.00511441430480519
2025-07-03,2025-05-09,399971.SZ,中证传媒指数,1202.0917,-0.0188143104076354
2025-07-03,2025-05-12,399971.SZ,中证传媒指数,1212.7118,0.00883468374334506
2025-07-03,2025-05-13,399971.SZ,中证传媒指数,1209.0156,-0.0030478799662047
2025-07-03,2025-05-14,399971.SZ,中证传媒指数,1215.3202,0.00521465562561829
2025-07-03,2025-05-15,399971.SZ,中证传媒指数,1187.3768,-0.0229926236723459
2025-07-03,2025-05-16,399971.SZ,中证传媒指数,1187.5913,0.000180650320942721
2025-07-03,2025-05-19,399971.SZ,中证传媒指数,1188.6912,0.000926160371838236
2025-07-03,2025-05-20,399971.SZ,中证传媒指数,1205.2113,0.0138977221333849
2025-07-03,2025-05-21,399971.SZ,中证传媒指数,1196.8286,-0.00695537786610523
2025-07-03,2025-05-22,399971.SZ,中证传媒指数,1201.4128,0.0038302894833897
2025-07-03,2025-05-23,399971.SZ,中证传媒指数,1180.7192,-0.0172243878207391
2025-07-03,2025-05-26,399971.SZ,中证传媒指数,1199.9809,0.0163135316170009
2025-07-03,2025-05-27,399971.SZ,中证传媒指数,1188.5948,-0.00948856769303574
2025-07-03,2025-05-28,399971.SZ,中证传媒指数,1190.4431,0.00155502951889064
2025-07-03,2025-05-29,399971.SZ,中证传媒指数,1207.1523,0.01403611814794
2025-07-03,2025-05-30,399971.SZ,中证传媒指数,1193.4332,-0.0113648460099028
2025-07-03,2025-06-03,399971.SZ,中证传媒指数,1211.9639,0.01552722012426
2025-07-03,2025-06-04,399971.SZ,中证传媒指数,1217.5002,0.004568040351697
2025-07-03,2025-06-05,399971.SZ,中证传媒指数,1233.2394,0.0129274722090396
2025-07-03,2025-06-06,399971.SZ,中证传媒指数,1224.4698,-0.00711102807775998
2025-07-03,2025-06-09,399971.SZ,中证传媒指数,1234.1593,0.00791322088956381
2025-07-03,2025-06-10,399971.SZ,中证传媒指数,1228.7974,-0.00434457691158674
2025-07-03,2025-06-11,399971.SZ,中证传媒指数,1242.679,0.0112968989029438
2025-07-03,2025-06-12,399971.SZ,中证传媒指数,1257.4462,0.0118833584537921
2025-07-03,2025-06-13,399971.SZ,中证传媒指数,1229.777,-0.0220042813760144
2025-07-03,2025-06-16,399971.SZ,中证传媒指数,1260.1952,0.0247347283287946
2025-07-03,2025-06-17,399971.SZ,中证传媒指数,1246.5468,-0.0108303856418435
2025-07-03,2025-06-18,399971.SZ,中证传媒指数,1234.9942,-0.00926768252904742
2025-07-03,2025-06-19,399971.SZ,中证传媒指数,1226.9774,-0.00649136651815863
2025-07-03,2025-06-20,399971.SZ,中证传媒指数,1207.5453,-0.015837374021722
2025-07-03,2025-06-23,399971.SZ,中证传媒指数,1213.188,0.0046728681731445
2025-07-03,2025-06-24,399971.SZ,中证传媒指数,1235.3846,0.0182960926088949
2025-07-03,2025-06-25,399971.SZ,中证传媒指数,1248.1399,0.0103249627686792
2025-07-03,2025-06-26,399971.SZ,中证传媒指数,1247.6201,-0.000416459725387952
2025-07-03,2025-06-27,399971.SZ,中证传媒指数,1243.5169,-0.00328882165332223
2025-07-03,2025-06-30,399971.SZ,中证传媒指数,1277.9135,0.0276607418845696
2025-07-03,2025-07-01,399971.SZ,中证传媒指数,1271.9976,-0.00462934306586493
2025-07-03,2025-07-02,399971.SZ,中证传媒指数,1258.5309,-0.0105870482774495
2025-07-03,2025-07-03,399971.SZ,中证传媒指数,1260.2622,0.00137565156326303
2025-07-03,2025-04-07,399973.SZ,中证国防指数,1315.0653,-0.0817416714963028
2025-07-03,2025-04-08,399973.SZ,中证国防指数,1337.4231,0.0170012850312453
2025-07-03,2025-04-09,399973.SZ,中证国防指数,1414.9127,0.0579394807821101
2025-07-03,2025-04-10,399973.SZ,中证国防指数,1428.0882,0.00931188192741494
2025-07-03,2025-04-11,399973.SZ,中证国防指数,1445.0216,0.0118573908810395
2025-07-03,2025-04-14,399973.SZ,中证国防指数,1441.7273,-0.00227975830949523
2025-07-03,2025-04-15,399973.SZ,中证国防指数,1411.3262,-0.0210865813527982
2025-07-03,2025-04-16,399973.SZ,中证国防指数,1407.068,-0.00301716215570857
2025-07-03,2025-04-17,399973.SZ,中证国防指数,1402.0694,-0.00355249355397169
2025-07-03,2025-04-18,399973.SZ,中证国防指数,1393.0009,-0.00646793946148461
2025-07-03,2025-04-21,399973.SZ,中证国防指数,1418.591,0.0183704834648706
2025-07-03,2025-04-22,399973.SZ,中证国防指数,1412.3481,-0.00440077513532788
2025-07-03,2025-04-23,399973.SZ,中证国防指数,1406.0011,-0.00449393460436553
2025-07-03,2025-04-24,399973.SZ,中证国防指数,1394.9073,-0.00789032099619258
2025-07-03,2025-04-25,399973.SZ,中证国防指数,1397.4057,0.0017910867625397
2025-07-03,2025-04-28,399973.SZ,中证国防指数,1385.9294,-0.00821257563211597
2025-07-03,2025-04-29,399973.SZ,中证国防指数,1382.5821,-0.00241520239054016
2025-07-03,2025-04-30,399973.SZ,中证国防指数,1387.0325,0.00321890468566033
2025-07-03,2025-05-06,399973.SZ,中证国防指数,1408.655,0.0155890363059266
2025-07-03,2025-05-07,399973.SZ,中证国防指数,1465.5193,0.0403677976509507
2025-07-03,2025-05-08,399973.SZ,中证国防指数,1505.3984,0.0272115829521999
2025-07-03,2025-05-09,399973.SZ,中证国防指数,1464.8799,-0.0269154663642529
2025-07-03,2025-05-12,399973.SZ,中证国防指数,1537.3763,0.049489654407846
2025-07-03,2025-05-13,399973.SZ,中证国防指数,1491.6421,-0.029748214539277
2025-07-03,2025-05-14,399973.SZ,中证国防指数,1479.2944,-0.00827792404089434
2025-07-03,2025-05-15,399973.SZ,中证国防指数,1452.1557,-0.0183457058987041
2025-07-03,2025-05-16,399973.SZ,中证国防指数,1449.8152,-0.00161174177121637
2025-07-03,2025-05-19,399973.SZ,中证国防指数,1467.9224,0.0124893158797066
2025-07-03,2025-05-20,399973.SZ,中证国防指数,1461.3097,-0.00450480216120408
2025-07-03,2025-05-21,399973.SZ,中证国防指数,1463.8308,0.00172523319321005
2025-07-03,2025-05-22,399973.SZ,中证国防指数,1455.8474,-0.00545377238954114
2025-07-03,2025-05-23,399973.SZ,中证国防指数,1440.185,-0.0107582704066375
2025-07-03,2025-05-26,399973.SZ,中证国防指数,1454.5511,0.00997517680020277
2025-07-03,2025-05-27,399973.SZ,中证国防指数,1444.0515,-0.00721844698340257
2025-07-03,2025-05-28,399973.SZ,中证国防指数,1434.9882,-0.00627629970260757
2025-07-03,2025-05-29,399973.SZ,中证国防指数,1456.371,0.01490102845445
2025-07-03,2025-05-30,399973.SZ,中证国防指数,1463.1632,0.00466378415939328
2025-07-03,2025-06-03,399973.SZ,中证国防指数,1476.5497,0.00914901358918829
2025-07-03,2025-06-04,399973.SZ,中证国防指数,1471.5485,-0.00338708544656496
2025-07-03,2025-06-05,399973.SZ,中证国防指数,1476.8165,0.00357990239533379
2025-07-03,2025-06-06,399973.SZ,中证国防指数,1473.6113,-0.00217034411519634
2025-07-03,2025-06-09,399973.SZ,中证国防指数,1501.507,0.0189301615697437
2025-07-03,2025-06-10,399973.SZ,中证国防指数,1469.4247,-0.0213667335550217
2025-07-03,2025-06-11,399973.SZ,中证国防指数,1478.1833,0.00596056402209655
2025-07-03,2025-06-12,399973.SZ,中证国防指数,1470.3758,-0.00528182127345089
2025-07-03,2025-06-13,399973.SZ,中证国防指数,1495.3431,0.0169802168942117
2025-07-03,2025-06-16,399973.SZ,中证国防指数,1493.53,-0.00121249765354858
2025-07-03,2025-06-17,399973.SZ,中证国防指数,1491.2537,-0.00152410731622399
2025-07-03,2025-06-18,399973.SZ,中证国防指数,1500.7888,0.00639401598802403
2025-07-03,2025-06-19,399973.SZ,中证国防指数,1476.711,-0.0160434299616309
2025-07-03,2025-06-20,399973.SZ,中证国防指数,1455.0201,-0.0146886560742082
2025-07-03,2025-06-23,399973.SZ,中证国防指数,1477.1679,0.0152216453917029
2025-07-03,2025-06-24,399973.SZ,中证国防指数,1484.0339,0.00464808367417135
2025-07-03,2025-06-25,399973.SZ,中证国防指数,1538.6417,0.0367968683195175
2025-07-03,2025-06-26,399973.SZ,中证国防指数,1539.4629,0.000533717499012321
2025-07-03,2025-06-27,399973.SZ,中证国防指数,1553.2414,0.00895019944943143
2025-07-03,2025-06-30,399973.SZ,中证国防指数,1627.6409,0.0478995087305811
2025-07-03,2025-07-01,399973.SZ,中证国防指数,1619.7493,-0.00484848961463191
2025-07-03,2025-07-02,399973.SZ,中证国防指数,1584.0264,-0.0220545858547369
2025-07-03,2025-07-03,399973.SZ,中证国防指数,1580.0381,-0.00251782419787949
2025-07-03,2025-04-07,399975.SZ,中证全指证券公司指数,694.714,-0.0999380321054067
2025-07-03,2025-04-08,399975.SZ,中证全指证券公司指数,705.835,0.0160080263245019
2025-07-03,2025-04-09,399975.SZ,中证全指证券公司指数,719.6804,0.0196156325486834
2025-07-03,2025-04-10,399975.SZ,中证全指证券公司指数,729.8665,0.0141536437563119
2025-07-03,2025-04-11,399975.SZ,中证全指证券公司指数,731.4215,0.00213052661000335
2025-07-03,2025-04-14,399975.SZ,中证全指证券公司指数,731.8404,0.000572720380792813
2025-07-03,2025-04-15,399975.SZ,中证全指证券公司指数,729.5101,-0.00318416419754919
2025-07-03,2025-04-16,399975.SZ,中证全指证券公司指数,728.0783,-0.00196268701420299
2025-07-03,2025-04-17,399975.SZ,中证全指证券公司指数,727.6997,-0.000519999016589279
2025-07-03,2025-04-18,399975.SZ,中证全指证券公司指数,732.159,0.00612793986310556
2025-07-03,2025-04-21,399975.SZ,中证全指证券公司指数,736.2694,0.0056140810944072
2025-07-03,2025-04-22,399975.SZ,中证全指证券公司指数,734.9544,-0.00178603103700903
2025-07-03,2025-04-23,399975.SZ,中证全指证券公司指数,735.9853,0.00140267205693312
2025-07-03,2025-04-24,399975.SZ,中证全指证券公司指数,732.3867,-0.00488949983104292
2025-07-03,2025-04-25,399975.SZ,中证全指证券公司指数,738.4982,0.00834463542278963
2025-07-03,2025-04-28,399975.SZ,中证全指证券公司指数,732.9553,-0.00750563779302382
2025-07-03,2025-04-29,399975.SZ,中证全指证券公司指数,731.0321,-0.00262389807400254
2025-07-03,2025-04-30,399975.SZ,中证全指证券公司指数,732.9448,0.00261643777338905
2025-07-03,2025-05-06,399975.SZ,中证全指证券公司指数,743.6794,0.0146458505469989
2025-07-03,2025-05-07,399975.SZ,中证全指证券公司指数,748.5053,0.00648922102723293
2025-07-03,2025-05-08,399975.SZ,中证全指证券公司指数,750.5788,0.00277018746560631
2025-07-03,2025-05-09,399975.SZ,中证全指证券公司指数,742.0879,-0.0113124697899808
2025-07-03,2025-05-12,399975.SZ,中证全指证券公司指数,759.8177,0.0238917788580031
2025-07-03,2025-05-13,399975.SZ,中证全指证券公司指数,754.606,-0.00685914529235099
2025-07-03,2025-05-14,399975.SZ,中证全指证券公司指数,781.1246,0.0351423126770791
2025-07-03,2025-05-15,399975.SZ,中证全指证券公司指数,765.8604,-0.0195413126151704
2025-07-03,2025-05-16,399975.SZ,中证全指证券公司指数,757.656,-0.0107126572936792
2025-07-03,2025-05-19,399975.SZ,中证全指证券公司指数,757.4344,-0.00029248102041024
2025-07-03,2025-05-20,399975.SZ,中证全指证券公司指数,757.9779,0.000717553889815425
2025-07-03,2025-05-21,399975.SZ,中证全指证券公司指数,755.7121,-0.00298926921220266
2025-07-03,2025-05-22,399975.SZ,中证全指证券公司指数,751.4566,-0.00563111269490058
2025-07-03,2025-05-23,399975.SZ,中证全指证券公司指数,740.9533,-0.0139772543084989
2025-07-03,2025-05-26,399975.SZ,中证全指证券公司指数,740.5287,-0.000573045561710894
2025-07-03,2025-05-27,399975.SZ,中证全指证券公司指数,739.3594,-0.00157900699864832
2025-07-03,2025-05-28,399975.SZ,中证全指证券公司指数,735.6878,-0.00496592049820432
2025-07-03,2025-05-29,399975.SZ,中证全指证券公司指数,744.1438,0.0114940060172264
2025-07-03,2025-05-30,399975.SZ,中证全指证券公司指数,740.1806,-0.00532585234198013
2025-07-03,2025-06-03,399975.SZ,中证全指证券公司指数,747.4041,0.00975910473741126
2025-07-03,2025-06-04,399975.SZ,中证全指证券公司指数,757.3319,0.0132830419313996
2025-07-03,2025-06-05,399975.SZ,中证全指证券公司指数,764.5223,0.00949438416630799
2025-07-03,2025-06-06,399975.SZ,中证全指证券公司指数,758.3292,-0.00810061393892625
2025-07-03,2025-06-09,399975.SZ,中证全指证券公司指数,769.797,0.0151224560520682
2025-07-03,2025-06-10,399975.SZ,中证全指证券公司指数,759.2379,-0.0137167331127558
2025-07-03,2025-06-11,399975.SZ,中证全指证券公司指数,773.632,0.0189586162650732
2025-07-03,2025-06-12,399975.SZ,中证全指证券公司指数,772.2504,-0.00178586201191255
2025-07-03,2025-06-13,399975.SZ,中证全指证券公司指数,764.279,-0.0103222996064489
2025-07-03,2025-06-16,399975.SZ,中证全指证券公司指数,774.5584,0.0134498004001158
2025-07-03,2025-06-17,399975.SZ,中证全指证券公司指数,777.294,0.0035318189048108
2025-07-03,2025-06-18,399975.SZ,中证全指证券公司指数,767.7758,-0.0122453022923115
2025-07-03,2025-06-19,399975.SZ,中证全指证券公司指数,753.666,-0.0183775003067301
2025-07-03,2025-06-20,399975.SZ,中证全指证券公司指数,751.4888,-0.00288881281628739
2025-07-03,2025-06-23,399975.SZ,中证全指证券公司指数,760.1439,0.0115172707830111
2025-07-03,2025-06-24,399975.SZ,中证全指证券公司指数,779.7897,0.02584484332506
2025-07-03,2025-06-25,399975.SZ,中证全指证券公司指数,822.3932,0.0546346021241366
2025-07-03,2025-06-26,399975.SZ,中证全指证券公司指数,808.4054,-0.0170086523088956
2025-07-03,2025-06-27,399975.SZ,中证全指证券公司指数,807.4458,-0.00118702819154848
2025-07-03,2025-06-30,399975.SZ,中证全指证券公司指数,803.7035,-0.00463473833166261
2025-07-03,2025-07-01,399975.SZ,中证全指证券公司指数,799.9702,-0.00464512099300296
2025-07-03,2025-07-02,399975.SZ,中证全指证券公司指数,796.5597,-0.00426328380732177
2025-07-03,2025-07-03,399975.SZ,中证全指证券公司指数,801.7855,0.00656046244870279
2025-07-03,2025-04-07,399976.SZ,中证新能源汽车指数,2664.7511,-0.116828429207386
2025-07-03,2025-04-08,399976.SZ,中证新能源汽车指数,2663.3786,-0.000515057485106163
2025-07-03,2025-04-09,399976.SZ,中证新能源汽车指数,2672.53,0.00343601168831209
2025-07-03,2025-04-10,399976.SZ,中证新能源汽车指数,2747.4739,0.0280423044830178
2025-07-03,2025-04-11,399976.SZ,中证新能源汽车指数,2796.4553,0.0178277944696763
2025-07-03,2025-04-14,399976.SZ,中证新能源汽车指数,2813.1421,0.00596712559646484
2025-07-03,2025-04-15,399976.SZ,中证新能源汽车指数,2813.6883,0.000194160117258146
2025-07-03,2025-04-16,399976.SZ,中证新能源汽车指数,2771.7468,-0.0149062353495232
2025-07-03,2025-04-17,399976.SZ,中证新能源汽车指数,2762.8084,-0.00322482558652182
2025-07-03,2025-04-18,399976.SZ,中证新能源汽车指数,2774.654,0.00428752134965271
2025-07-03,2025-04-21,399976.SZ,中证新能源汽车指数,2834.4671,0.0215569580927928
2025-07-03,2025-04-22,399976.SZ,中证新能源汽车指数,2814.9699,-0.00687861220897568
2025-07-03,2025-04-23,399976.SZ,中证新能源汽车指数,2868.9313,0.0191694412078793
2025-07-03,2025-04-24,399976.SZ,中证新能源汽车指数,2860.8103,-0.00283067077974297
2025-07-03,2025-04-25,399976.SZ,中证新能源汽车指数,2873.0139,0.00426578441779224
2025-07-03,2025-04-28,399976.SZ,中证新能源汽车指数,2830.2341,-0.0148902168555466
2025-07-03,2025-04-29,399976.SZ,中证新能源汽车指数,2842.8158,0.00444546265625156
2025-07-03,2025-04-30,399976.SZ,中证新能源汽车指数,2883.396,0.0142746498031987
2025-07-03,2025-05-06,399976.SZ,中证新能源汽车指数,2934.8478,0.0178441670863108
2025-07-03,2025-05-07,399976.SZ,中证新能源汽车指数,2929.553,-0.00180411399868852
2025-07-03,2025-05-08,399976.SZ,中证新能源汽车指数,2960.924,0.0107084596182421
2025-07-03,2025-05-09,399976.SZ,中证新能源汽车指数,2952.7732,-0.00275278933197876
2025-07-03,2025-05-12,399976.SZ,中证新能源汽车指数,3023.3813,0.0239124698097368
2025-07-03,2025-05-13,399976.SZ,中证新能源汽车指数,3008.4074,-0.00495269981328517
2025-07-03,2025-05-14,399976.SZ,中证新能源汽车指数,3030.6074,0.00737931970251093
2025-07-03,2025-05-15,399976.SZ,中证新能源汽车指数,2984.976,-0.0150568496599064
2025-07-03,2025-05-16,399976.SZ,中证新能源汽车指数,3008.9501,0.00803158886369593
2025-07-03,2025-05-19,399976.SZ,中证新能源汽车指数,2993.6522,-0.00508413216955639
2025-07-03,2025-05-20,399976.SZ,中证新能源汽车指数,3018.2288,0.00820957090472962
2025-07-03,2025-05-21,399976.SZ,中证新能源汽车指数,3071.309,0.0175865394962769
2025-07-03,2025-05-22,399976.SZ,中证新能源汽车指数,3027.3795,-0.0143031847332848
2025-07-03,2025-05-23,399976.SZ,中证新能源汽车指数,3015.6214,-0.00388392007014648
2025-07-03,2025-05-26,399976.SZ,中证新能源汽车指数,2954.4307,-0.0202912408036368
2025-07-03,2025-05-27,399976.SZ,中证新能源汽车指数,2932.9579,-0.00726799921216637
2025-07-03,2025-05-28,399976.SZ,中证新能源汽车指数,2898.9152,-0.0116069514669815
2025-07-03,2025-05-29,399976.SZ,中证新能源汽车指数,2923.5314,0.0084915212421528
2025-07-03,2025-05-30,399976.SZ,中证新能源汽车指数,2871.5284,-0.0177877343817822
2025-07-03,2025-06-03,399976.SZ,中证新能源汽车指数,2873.9135,0.000830602963912908
2025-07-03,2025-06-04,399976.SZ,中证新能源汽车指数,2915.73,0.0145503683392001
2025-07-03,2025-06-05,399976.SZ,中证新能源汽车指数,2921.4239,0.00195282142036457
2025-07-03,2025-06-06,399976.SZ,中证新能源汽车指数,2907.9571,-0.00460966996265066
2025-07-03,2025-06-09,399976.SZ,中证新能源汽车指数,2907.2731,-0.000235216674964067
2025-07-03,2025-06-10,399976.SZ,中证新能源汽车指数,2889.9084,-0.0059728478896599
2025-07-03,2025-06-11,399976.SZ,中证新能源汽车指数,2936.4482,0.0161042474564246
2025-07-03,2025-06-12,399976.SZ,中证新能源汽车指数,2929.7643,-0.00227618522267825
2025-07-03,2025-06-13,399976.SZ,中证新能源汽车指数,2889.874,-0.0136155321436608
2025-07-03,2025-06-16,399976.SZ,中证新能源汽车指数,2875.2611,-0.00505658724221181
2025-07-03,2025-06-17,399976.SZ,中证新能源汽车指数,2887.8357,0.00437337673437721
2025-07-03,2025-06-18,399976.SZ,中证新能源汽车指数,2888.7916,0.000331009136011362
2025-07-03,2025-06-19,399976.SZ,中证新能源汽车指数,2869.3914,-0.00671568000959299
2025-07-03,2025-06-20,399976.SZ,中证新能源汽车指数,2850.7364,-0.00650137865472111
2025-07-03,2025-06-23,399976.SZ,中证新能源汽车指数,2891.5251,0.0143081275420625
2025-07-03,2025-06-24,399976.SZ,中证新能源汽车指数,2990.4352,0.0342068965612645
2025-07-03,2025-06-25,399976.SZ,中证新能源汽车指数,3041.6816,0.0171367699256617
2025-07-03,2025-06-26,399976.SZ,中证新能源汽车指数,3016.9317,-0.00813691347575629
2025-07-03,2025-06-27,399976.SZ,中证新能源汽车指数,3009.144,-0.00258133122470106
2025-07-03,2025-06-30,399976.SZ,中证新能源汽车指数,3021.9011,0.00423944483879812
2025-07-03,2025-07-01,399976.SZ,中证新能源汽车指数,3006.4599,-0.00510976351939518
2025-07-03,2025-07-02,399976.SZ,中证新能源汽车指数,2998.7963,-0.00254904447586346
2025-07-03,2025-07-03,399976.SZ,中证新能源汽车指数,3049.1303,0.0167847345950105
2025-07-03,2025-04-07,399986.SZ,中证银行指数,6958.9144,-0.0461164048105878
2025-07-03,2025-04-08,399986.SZ,中证银行指数,7074.7052,0.0166392045287984
2025-07-03,2025-04-09,399986.SZ,中证银行指数,7011.2932,-0.00896320033236164
2025-07-03,2025-04-10,399986.SZ,中证银行指数,7057.2035,0.00654805022274618
2025-07-03,2025-04-11,399986.SZ,中证银行指数,7075.7873,0.00263330935546935
2025-07-03,2025-04-14,399986.SZ,中证银行指数,7118.9205,0.00609588702588626
2025-07-03,2025-04-15,399986.SZ,中证银行指数,7227.2888,0.0152225748271806
2025-07-03,2025-04-16,399986.SZ,中证银行指数,7300.6036,0.010144163603923
2025-07-03,2025-04-17,399986.SZ,中证银行指数,7305.7197,0.000700777672684394
2025-07-03,2025-04-18,399986.SZ,中证银行指数,7362.4674,0.00776757148238261
2025-07-03,2025-04-21,399986.SZ,中证银行指数,7271.1634,-0.0124012773217849
2025-07-03,2025-04-22,399986.SZ,中证银行指数,7320.3222,0.0067607887893153
2025-07-03,2025-04-23,399986.SZ,中证银行指数,7283.9859,-0.00496375692315842
2025-07-03,2025-04-24,399986.SZ,中证银行指数,7368.9328,0.011662145035179
2025-07-03,2025-04-25,399986.SZ,中证银行指数,7334.484,-0.00467486960934138
2025-07-03,2025-04-28,399986.SZ,中证银行指数,7405.1318,0.0096322795168684
2025-07-03,2025-04-29,399986.SZ,中证银行指数,7380.6877,-0.00330096758034737
2025-07-03,2025-04-30,399986.SZ,中证银行指数,7223.481,-0.0212997360666
2025-07-03,2025-05-06,399986.SZ,中证银行指数,7214.0535,-0.00130511868169925
2025-07-03,2025-05-07,399986.SZ,中证银行指数,7321.0085,0.0148259227631178
2025-07-03,2025-05-08,399986.SZ,中证银行指数,7400.8694,0.010908456123224
2025-07-03,2025-05-09,399986.SZ,中证银行指数,7502.9106,0.0137877314792234
2025-07-03,2025-05-12,399986.SZ,中证银行指数,7514.2207,0.00150742833054673
2025-07-03,2025-05-13,399986.SZ,中证银行指数,7629.5504,0.0153481917293168
2025-07-03,2025-05-14,399986.SZ,中证银行指数,7691.1943,0.008079624193845
2025-07-03,2025-05-15,399986.SZ,中证银行指数,7682.7424,-0.00109890605676155
2025-07-03,2025-05-16,399986.SZ,中证银行指数,7610.1745,-0.00944557245600219
2025-07-03,2025-05-19,399986.SZ,中证银行指数,7584.8662,-0.00332558734362787
2025-07-03,2025-05-20,399986.SZ,中证银行指数,7599.9647,0.00199060861482314
2025-07-03,2025-05-21,399986.SZ,中证银行指数,7653.7432,0.00707615128791317
2025-07-03,2025-05-22,399986.SZ,中证银行指数,7730.2245,0.00999266607220384
2025-07-03,2025-05-23,399986.SZ,中证银行指数,7655.1781,-0.00970817859170847
2025-07-03,2025-05-26,399986.SZ,中证银行指数,7597.6322,-0.00751725162344685
2025-07-03,2025-05-27,399986.SZ,中证银行指数,7638.5801,0.0053895607107699
2025-07-03,2025-05-28,399986.SZ,中证银行指数,7628.7241,-0.00129029215783172
2025-07-03,2025-05-29,399986.SZ,中证银行指数,7612.1597,-0.00217131984102037
2025-07-03,2025-05-30,399986.SZ,中证银行指数,7660.7952,0.00638918545022116
2025-07-03,2025-06-03,399986.SZ,中证银行指数,7812.3181,0.0197790041430688
2025-07-03,2025-06-04,399986.SZ,中证银行指数,7816.9279,0.000590068138674349
2025-07-03,2025-06-05,399986.SZ,中证银行指数,7758.9398,-0.00741827233688563
2025-07-03,2025-06-06,399986.SZ,中证银行指数,7781.3093,0.00288306142032435
2025-07-03,2025-06-09,399986.SZ,中证银行指数,7802.695,0.0027483421074137
2025-07-03,2025-06-10,399986.SZ,中证银行指数,7841.0155,0.00491118773705757
2025-07-03,2025-06-11,399986.SZ,中证银行指数,7865.1213,0.00307432117689332
2025-07-03,2025-06-12,399986.SZ,中证银行指数,7889.4693,0.00309569287888789
2025-07-03,2025-06-13,399986.SZ,中证银行指数,7817.3902,-0.00913611515035617
2025-07-03,2025-06-16,399986.SZ,中证银行指数,7920.2825,0.0131619757192114
2025-07-03,2025-06-17,399986.SZ,中证银行指数,7905.4215,-0.00187632196200072
2025-07-03,2025-06-18,399986.SZ,中证银行指数,7975.7979,0.00890229572199264
2025-07-03,2025-06-19,399986.SZ,中证银行指数,7964.8157,-0.0013769406067824
2025-07-03,2025-06-20,399986.SZ,中证银行指数,8018.5259,0.00674343287064372
2025-07-03,2025-06-23,399986.SZ,中证银行指数,8115.8583,0.0121384405580083
2025-07-03,2025-06-24,399986.SZ,中证银行指数,8149.0065,0.00408437392259553
2025-07-03,2025-06-25,399986.SZ,中证银行指数,8232.6762,0.0102674724826886
2025-07-03,2025-06-26,399986.SZ,中证银行指数,8315.1622,0.0100193421915464
2025-07-03,2025-06-27,399986.SZ,中证银行指数,8070.3614,-0.0294402916157187
2025-07-03,2025-06-30,399986.SZ,中证银行指数,8043.9361,-0.00327436389651647
2025-07-03,2025-07-01,399986.SZ,中证银行指数,8167.4534,0.0153553308311338
2025-07-03,2025-07-02,399986.SZ,中证银行指数,8228.9318,0.00752724221236445
2025-07-03,2025-07-03,399986.SZ,中证银行指数,8225.3372,-0.000436824619205134
2025-07-03,2025-04-07,399987.SZ,中证酒指数,5731.0256,-0.0432555569183524
2025-07-03,2025-04-08,399987.SZ,中证酒指数,5888.4174,0.0274631123615989
2025-07-03,2025-04-09,399987.SZ,中证酒指数,5987.545,0.0168343365061043
2025-07-03,2025-04-10,399987.SZ,中证酒指数,6006.1538,0.00310791818683609
2025-07-03,2025-04-11,399987.SZ,中证酒指数,5937.7284,-0.011392548755578
2025-07-03,2025-04-14,399987.SZ,中证酒指数,5877.3972,-0.0101606533569302
2025-07-03,2025-04-15,399987.SZ,中证酒指数,5886.4704,0.00154374456774842
2025-07-03,2025-04-16,399987.SZ,中证酒指数,5901.8585,0.00261414718062625
2025-07-03,2025-04-17,399987.SZ,中证酒指数,5953.4073,0.00873433343073193
2025-07-03,2025-04-18,399987.SZ,中证酒指数,5901.1135,-0.00878384383342956
2025-07-03,2025-04-21,399987.SZ,中证酒指数,5834.4946,-0.0112892083841466
2025-07-03,2025-04-22,399987.SZ,中证酒指数,5828.2288,-0.00107392335233292
2025-07-03,2025-04-23,399987.SZ,中证酒指数,5801.4051,-0.00460237593966795
2025-07-03,2025-04-24,399987.SZ,中证酒指数,5770.1627,-0.00538531605041681
2025-07-03,2025-04-25,399987.SZ,中证酒指数,5775.9877,0.0010095035968396
2025-07-03,2025-04-28,399987.SZ,中证酒指数,5770.8061,-0.000897093323103837
2025-07-03,2025-04-29,399987.SZ,中证酒指数,5691.6753,-0.0137122610998834
2025-07-03,2025-04-30,399987.SZ,中证酒指数,5684.4458,-0.0012701884100802
2025-07-03,2025-05-06,399987.SZ,中证酒指数,5716.9916,0.00572541302091389
2025-07-03,2025-05-07,399987.SZ,中证酒指数,5733.3607,0.00286323667153887
2025-07-03,2025-05-08,399987.SZ,中证酒指数,5775.9226,0.0074235517747907
2025-07-03,2025-05-09,399987.SZ,中证酒指数,5772.711,-0.000556032381735849
2025-07-03,2025-05-12,399987.SZ,中证酒指数,5797.8028,0.00434662327630808
2025-07-03,2025-05-13,399987.SZ,中证酒指数,5779.2295,-0.00320350668015135
2025-07-03,2025-05-14,399987.SZ,中证酒指数,5877.8733,0.0170686767154686
2025-07-03,2025-05-15,399987.SZ,中证酒指数,5815.8361,-0.0105543615579464
2025-07-03,2025-05-16,399987.SZ,中证酒指数,5741.8273,-0.0127253930006729
2025-07-03,2025-05-19,399987.SZ,中证酒指数,5669.9575,-0.0125168863925949
2025-07-03,2025-05-20,399987.SZ,中证酒指数,5675.4354,0.000966127171147191
2025-07-03,2025-05-21,399987.SZ,中证酒指数,5678.9502,0.000619300503358788
2025-07-03,2025-05-22,399987.SZ,中证酒指数,5651.1891,-0.00488842110290044
2025-07-03,2025-05-23,399987.SZ,中证酒指数,5610.4207,-0.00721412773109997
2025-07-03,2025-05-26,399987.SZ,中证酒指数,5563.1488,-0.00842573178157557
2025-07-03,2025-05-27,399987.SZ,中证酒指数,5586.3272,0.00416641740735035
2025-07-03,2025-05-28,399987.SZ,中证酒指数,5603.2464,0.00302868045394833
2025-07-03,2025-05-29,399987.SZ,中证酒指数,5603.8481,0.000107384176430303
2025-07-03,2025-05-30,399987.SZ,中证酒指数,5531.4959,-0.0129111636698361
2025-07-03,2025-06-03,399987.SZ,中证酒指数,5498.4307,-0.00597762352133357
2025-07-03,2025-06-04,399987.SZ,中证酒指数,5510.6021,0.00221361342246262
2025-07-03,2025-06-05,399987.SZ,中证酒指数,5512.9028,0.000417504286872816
2025-07-03,2025-06-06,399987.SZ,中证酒指数,5492.2144,-0.00375272351981248
2025-07-03,2025-06-09,399987.SZ,中证酒指数,5462.4158,-0.00542560756550214
2025-07-03,2025-06-10,399987.SZ,中证酒指数,5410.116,-0.00957448167896702
2025-07-03,2025-06-11,399987.SZ,中证酒指数,5422.5772,0.00230331475332513
2025-07-03,2025-06-12,399987.SZ,中证酒指数,5334.7334,-0.0161996402743698
2025-07-03,2025-06-13,399987.SZ,中证酒指数,5187.1858,-0.0276579144517325
2025-07-03,2025-06-16,399987.SZ,中证酒指数,5197.7647,0.00203942954964131
2025-07-03,2025-06-17,399987.SZ,中证酒指数,5205.7889,0.00154377900176961
2025-07-03,2025-06-18,399987.SZ,中证酒指数,5239.91,0.00655445325491399
2025-07-03,2025-06-19,399987.SZ,中证酒指数,5206.8215,-0.00631470769536113
2025-07-03,2025-06-20,399987.SZ,中证酒指数,5305.8714,0.0190231026740595
2025-07-03,2025-06-23,399987.SZ,中证酒指数,5236.5848,-0.0130584770674993
2025-07-03,2025-06-24,399987.SZ,中证酒指数,5281.0821,0.00849738936720734
2025-07-03,2025-06-25,399987.SZ,中证酒指数,5291.5921,0.00199012244100505
2025-07-03,2025-06-26,399987.SZ,中证酒指数,5266.5459,-0.00473320685470069
2025-07-03,2025-06-27,399987.SZ,中证酒指数,5206.3301,-0.0114336419245866
2025-07-03,2025-06-30,399987.SZ,中证酒指数,5243.4178,0.00712357827637544
2025-07-03,2025-07-01,399987.SZ,中证酒指数,5213.6395,-0.00567917742507562
2025-07-03,2025-07-02,399987.SZ,中证酒指数,5233.0995,0.00373251737102276
2025-07-03,2025-07-03,399987.SZ,中证酒指数,5241.9967,0.00170017787737442
2025-07-03,2025-04-07,399989.SZ,中证医疗指数,6155.1126,-0.0895076724475683
2025-07-03,2025-04-08,399989.SZ,中证医疗指数,6187.9396,0.00533328992226711
2025-07-03,2025-04-09,399989.SZ,中证医疗指数,6219.2094,0.00505334602813523
2025-07-03,2025-04-10,399989.SZ,中证医疗指数,6326.8077,0.0173009611157329
2025-07-03,2025-04-11,399989.SZ,中证医疗指数,6320.4102,-0.00101117345482149
2025-07-03,2025-04-14,399989.SZ,中证医疗指数,6332.2186,0.00186829645961906
2025-07-03,2025-04-15,399989.SZ,中证医疗指数,6299.8563,-0.0051107363855063
2025-07-03,2025-04-16,399989.SZ,中证医疗指数,6239.215,-0.00962582273503609
2025-07-03,2025-04-17,399989.SZ,中证医疗指数,6244.441,0.000837605371829531
2025-07-03,2025-04-18,399989.SZ,中证医疗指数,6227.6623,-0.00268698190918926
2025-07-03,2025-04-21,399989.SZ,中证医疗指数,6287.6173,0.0096272079492814
2025-07-03,2025-04-22,399989.SZ,中证医疗指数,6285.1552,-0.000391579175787249
2025-07-03,2025-04-23,399989.SZ,中证医疗指数,6284.2282,-0.000147490391327221
2025-07-03,2025-04-24,399989.SZ,中证医疗指数,6267.258,-0.00270044299155137
2025-07-03,2025-04-25,399989.SZ,中证医疗指数,6294.0339,0.00427234685407885
2025-07-03,2025-04-28,399989.SZ,中证医疗指数,6264.0616,-0.00476201756714412
2025-07-03,2025-04-29,399989.SZ,中证医疗指数,6339.1271,0.0119835188083079
2025-07-03,2025-04-30,399989.SZ,中证医疗指数,6366.9055,0.00438205443143747
2025-07-03,2025-05-06,399989.SZ,中证医疗指数,6463.3732,0.0151514263875914
2025-07-03,2025-05-07,399989.SZ,中证医疗指数,6430.4679,-0.00509104131570193
2025-07-03,2025-05-08,399989.SZ,中证医疗指数,6460.2133,0.00462569761058917
2025-07-03,2025-05-09,399989.SZ,中证医疗指数,6410.9044,-0.00763270463530985
2025-07-03,2025-05-12,399989.SZ,中证医疗指数,6472.4443,0.00959925404596573
2025-07-03,2025-05-13,399989.SZ,中证医疗指数,6561.0783,0.0136940537286663
2025-07-03,2025-05-14,399989.SZ,中证医疗指数,6565.5548,0.000682281142720065
2025-07-03,2025-05-15,399989.SZ,中证医疗指数,6508.6475,-0.00866755388287976
2025-07-03,2025-05-16,399989.SZ,中证医疗指数,6469.6506,-0.00599155200830892
2025-07-03,2025-05-19,399989.SZ,中证医疗指数,6450.264,-0.00299654513027336
2025-07-03,2025-05-20,399989.SZ,中证医疗指数,6522.7377,0.0112357726753509
2025-07-03,2025-05-21,399989.SZ,中证医疗指数,6537.6915,0.00229256497620622
2025-07-03,2025-05-22,399989.SZ,中证医疗指数,6476.2494,-0.00939813388257926
2025-07-03,2025-05-23,399989.SZ,中证医疗指数,6511.656,0.00546714584524799
2025-07-03,2025-05-26,399989.SZ,中证医疗指数,6470.5658,-0.00631025349004921
2025-07-03,2025-05-27,399989.SZ,中证医疗指数,6491.6707,0.00326167767276231
2025-07-03,2025-05-28,399989.SZ,中证医疗指数,6452.7718,-0.00599212464674148
2025-07-03,2025-05-29,399989.SZ,中证医疗指数,6587.1966,0.0208321019503588
2025-07-03,2025-05-30,399989.SZ,中证医疗指数,6556.7291,-0.00462526046360912
2025-07-03,2025-06-03,399989.SZ,中证医疗指数,6643.1173,0.0131755024010372
2025-07-03,2025-06-04,399989.SZ,中证医疗指数,6689.5363,0.00698753279578557
2025-07-03,2025-06-05,399989.SZ,中证医疗指数,6653.6765,-0.00536058082232105
2025-07-03,2025-06-06,399989.SZ,中证医疗指数,6591.3236,-0.00937119500775241
2025-07-03,2025-06-09,399989.SZ,中证医疗指数,6682.3469,0.0138095632264208
2025-07-03,2025-06-10,399989.SZ,中证医疗指数,6662.3694,-0.00298959337175386
2025-07-03,2025-06-11,399989.SZ,中证医疗指数,6668.7523,0.000958052551093935
2025-07-03,2025-06-12,399989.SZ,中证医疗指数,6717.2305,0.00726945578710425
2025-07-03,2025-06-13,399989.SZ,中证医疗指数,6619.5442,-0.0145426452166558
2025-07-03,2025-06-16,399989.SZ,中证医疗指数,6575.1377,-0.00670839239958543
2025-07-03,2025-06-17,399989.SZ,中证医疗指数,6526.7434,-0.00736019566556001
2025-07-03,2025-06-18,399989.SZ,中证医疗指数,6457.0852,-0.0106727345830694
2025-07-03,2025-06-19,399989.SZ,中证医疗指数,6371.3745,-0.0132738994988018
2025-07-03,2025-06-20,399989.SZ,中证医疗指数,6368.5406,-0.000444786285910492
2025-07-03,2025-06-23,399989.SZ,中证医疗指数,6397.5614,0.00455689958229977
2025-07-03,2025-06-24,399989.SZ,中证医疗指数,6465.6599,0.0106444464917523
2025-07-03,2025-06-25,399989.SZ,中证医疗指数,6550.3395,0.0130968224913903
2025-07-03,2025-06-26,399989.SZ,中证医疗指数,6479.6342,-0.0107941428074071
2025-07-03,2025-06-27,399989.SZ,中证医疗指数,6508.471,0.0044503746831881
2025-07-03,2025-06-30,399989.SZ,中证医疗指数,6610.2095,0.0156317052038797
2025-07-03,2025-07-01,399989.SZ,中证医疗指数,6663.4079,0.00804791436640562
2025-07-03,2025-07-02,399989.SZ,中证医疗指数,6607.2693,-0.00842490822151232
2025-07-03,2025-07-03,399989.SZ,中证医疗指数,6612.2348,0.000751520753059065
2025-07-03,2025-04-07,399995.SZ,中证基建工程指数,3310.8828,-0.07664314463585
2025-07-03,2025-04-08,399995.SZ,中证基建工程指数,3422.7807,0.0337969981903317
2025-07-03,2025-04-09,399995.SZ,中证基建工程指数,3492.6979,0.0204270171325907
2025-07-03,2025-04-10,399995.SZ,中证基建工程指数,3512.7846,0.00575105565242273
2025-07-03,2025-04-11,399995.SZ,中证基建工程指数,3493.6742,-0.00544024247885855
2025-07-03,2025-04-14,399995.SZ,中证基建工程指数,3508.88,0.004352380654155
2025-07-03,2025-04-15,399995.SZ,中证基建工程指数,3491.4851,-0.00495739381227067
2025-07-03,2025-04-16,399995.SZ,中证基建工程指数,3499.7951,0.00238007603125667
2025-07-03,2025-04-17,399995.SZ,中证基建工程指数,3505.7743,0.00170844287426997
2025-07-03,2025-04-18,399995.SZ,中证基建工程指数,3522.4392,0.00475355758070339
2025-07-03,2025-04-21,399995.SZ,中证基建工程指数,3518.6245,-0.0010829711411342
2025-07-03,2025-04-22,399995.SZ,中证基建工程指数,3534.4506,0.00449780873179284
2025-07-03,2025-04-23,399995.SZ,中证基建工程指数,3539.008,0.00128942246356467
2025-07-03,2025-04-24,399995.SZ,中证基建工程指数,3535.0379,-0.00112181153588797
2025-07-03,2025-04-25,399995.SZ,中证基建工程指数,3551.1089,0.00454620302656461
2025-07-03,2025-04-28,399995.SZ,中证基建工程指数,3511.4568,-0.0111661177160746
2025-07-03,2025-04-29,399995.SZ,中证基建工程指数,3505.7203,-0.00163365244875002
2025-07-03,2025-04-30,399995.SZ,中证基建工程指数,3481.5025,-0.00690808105826357
2025-07-03,2025-05-06,399995.SZ,中证基建工程指数,3521.9976,0.0116315010545016
2025-07-03,2025-05-07,399995.SZ,中证基建工程指数,3546.4542,0.00694395703165718
2025-07-03,2025-05-08,399995.SZ,中证基建工程指数,3550.6526,0.00118383031705305
2025-07-03,2025-05-09,399995.SZ,中证基建工程指数,3531.6324,-0.00535681806775468
2025-07-03,2025-05-12,399995.SZ,中证基建工程指数,3564.0799,0.00918767763032191
2025-07-03,2025-05-13,399995.SZ,中证基建工程指数,3596.081,0.00897878299529697
2025-07-03,2025-05-14,399995.SZ,中证基建工程指数,3617.0454,0.00582979081950596
2025-07-03,2025-05-15,399995.SZ,中证基建工程指数,3584.5586,-0.00898158480399502
2025-07-03,2025-05-16,399995.SZ,中证基建工程指数,3565.8645,-0.00521517488931544
2025-07-03,2025-05-19,399995.SZ,中证基建工程指数,3578.3194,0.00349281359401066
2025-07-03,2025-05-20,399995.SZ,中证基建工程指数,3589.3167,0.0030733142491417
2025-07-03,2025-05-21,399995.SZ,中证基建工程指数,3591.0649,0.000487056491838667
2025-07-03,2025-05-22,399995.SZ,中证基建工程指数,3559.4573,-0.00880173454954825
2025-07-03,2025-05-23,399995.SZ,中证基建工程指数,3519.1672,-0.0113191693576434
2025-07-03,2025-05-26,399995.SZ,中证基建工程指数,3536.2037,0.00484106012354291
2025-07-03,2025-05-27,399995.SZ,中证基建工程指数,3519.8339,-0.00462920164921488
2025-07-03,2025-05-28,399995.SZ,中证基建工程指数,3516.0486,-0.00107542006456607
2025-07-03,2025-05-29,399995.SZ,中证基建工程指数,3541.9506,0.00736679237027604
2025-07-03,2025-05-30,399995.SZ,中证基建工程指数,3534.9112,-0.00198743596254569
2025-07-03,2025-06-03,399995.SZ,中证基建工程指数,3532.137,-0.000784800478156211
2025-07-03,2025-06-04,399995.SZ,中证基建工程指数,3548.4433,0.00461655366142355
2025-07-03,2025-06-05,399995.SZ,中证基建工程指数,3544.2397,-0.00118463214559461
2025-07-03,2025-06-06,399995.SZ,中证基建工程指数,3574.571,0.00855791440968279
2025-07-03,2025-06-09,399995.SZ,中证基建工程指数,3571.8756,-0.000754048527781381
2025-07-03,2025-06-10,399995.SZ,中证基建工程指数,3553.9015,-0.00503211813983662
2025-07-03,2025-06-11,399995.SZ,中证基建工程指数,3573.6873,0.00556734619684884
2025-07-03,2025-06-12,399995.SZ,中证基建工程指数,3562.5246,-0.00312358051024775
2025-07-03,2025-06-13,399995.SZ,中证基建工程指数,3541.8475,-0.00580405816706508
2025-07-03,2025-06-16,399995.SZ,中证基建工程指数,3544.6077,0.000779310797542898
2025-07-03,2025-06-17,399995.SZ,中证基建工程指数,3555.7453,0.00314212486758403
2025-07-03,2025-06-18,399995.SZ,中证基建工程指数,3536.5604,-0.0053954651926279
2025-07-03,2025-06-19,399995.SZ,中证基建工程指数,3480.6876,-0.0157986273894827
2025-07-03,2025-06-20,399995.SZ,中证基建工程指数,3480.4727,-6.17406744576332e-05
2025-07-03,2025-06-23,399995.SZ,中证基建工程指数,3493.2171,0.00366168652895915
2025-07-03,2025-06-24,399995.SZ,中证基建工程指数,3560.3176,0.0192087975293604
2025-07-03,2025-06-25,399995.SZ,中证基建工程指数,3591.0161,0.00862240492252719
2025-07-03,2025-06-26,399995.SZ,中证基建工程指数,3584.3203,-0.00186459759954849
2025-07-03,2025-06-27,399995.SZ,中证基建工程指数,3589.8105,0.00153172694973724
2025-07-03,2025-06-30,399995.SZ,中证基建工程指数,3592.2187,0.000670843210247352
2025-07-03,2025-07-01,399995.SZ,中证基建工程指数,3584.3701,-0.00218488924407634
2025-07-03,2025-07-02,399995.SZ,中证基建工程指数,3605.818,0.00598372919135781
2025-07-03,2025-07-03,399995.SZ,中证基建工程指数,3608.3145,0.000692353302357507
2025-07-03,2025-04-07,399998.SZ,中证煤炭指数,1805.1279,-0.0806347886676836
2025-07-03,2025-04-08,399998.SZ,中证煤炭指数,1858.7027,0.0296792266077102
2025-07-03,2025-04-09,399998.SZ,中证煤炭指数,1858.9714,0.000144563194533376
2025-07-03,2025-04-10,399998.SZ,中证煤炭指数,1866.5922,0.00409947135281374
2025-07-03,2025-04-11,399998.SZ,中证煤炭指数,1852.6687,-0.00745931543054779
2025-07-03,2025-04-14,399998.SZ,中证煤炭指数,1900.6427,0.0258945379710902
2025-07-03,2025-04-15,399998.SZ,中证煤炭指数,1898.7191,-0.00101207870369324
2025-07-03,2025-04-16,399998.SZ,中证煤炭指数,1903.0601,0.00228627815457272
2025-07-03,2025-04-17,399998.SZ,中证煤炭指数,1898.147,-0.00258168409920423
2025-07-03,2025-04-18,399998.SZ,中证煤炭指数,1890.1358,-0.00422053718705662
2025-07-03,2025-04-21,399998.SZ,中证煤炭指数,1885.8872,-0.00224777500114015
2025-07-03,2025-04-22,399998.SZ,中证煤炭指数,1883.6812,-0.00116974122312297
2025-07-03,2025-04-23,399998.SZ,中证煤炭指数,1878.8913,-0.00254284005170302
2025-07-03,2025-04-24,399998.SZ,中证煤炭指数,1888.6015,0.00516804777370572
2025-07-03,2025-04-25,399998.SZ,中证煤炭指数,1880.6591,-0.00420543984530353
2025-07-03,2025-04-28,399998.SZ,中证煤炭指数,1858.0789,-0.0120065353683717
2025-07-03,2025-04-29,399998.SZ,中证煤炭指数,1844.756,-0.00717025525665238
2025-07-03,2025-04-30,399998.SZ,中证煤炭指数,1835.1104,-0.00522865896628066
2025-07-03,2025-05-06,399998.SZ,中证煤炭指数,1853.2095,0.00986267638175886
2025-07-03,2025-05-07,399998.SZ,中证煤炭指数,1869.2494,0.00865520061277469
2025-07-03,2025-05-08,399998.SZ,中证煤炭指数,1864.9934,-0.00227684973444409
2025-07-03,2025-05-09,399998.SZ,中证煤炭指数,1861.2943,-0.00198343865452821
2025-07-03,2025-05-12,399998.SZ,中证煤炭指数,1864.2489,0.00158739002209374
2025-07-03,2025-05-13,399998.SZ,中证煤炭指数,1875.5956,0.00608647268076701
2025-07-03,2025-05-14,399998.SZ,中证煤炭指数,1898.3208,0.012116257896958
2025-07-03,2025-05-15,399998.SZ,中证煤炭指数,1897.5365,-0.00041315461538427
2025-07-03,2025-05-16,399998.SZ,中证煤炭指数,1887.0909,-0.005504821646382
2025-07-03,2025-05-19,399998.SZ,中证煤炭指数,1890.9544,0.00204733115929923
2025-07-03,2025-05-20,399998.SZ,中证煤炭指数,1888.1128,-0.00150273322296934
2025-07-03,2025-05-21,399998.SZ,中证煤炭指数,1932.8209,0.023678723008498
2025-07-03,2025-05-22,399998.SZ,中证煤炭指数,1919.1788,-0.00705812939005368
2025-07-03,2025-05-23,399998.SZ,中证煤炭指数,1901.1306,-0.0094041263898913
2025-07-03,2025-05-26,399998.SZ,中证煤炭指数,1891.7894,-0.00491349726315493
2025-07-03,2025-05-27,399998.SZ,中证煤炭指数,1876.8031,-0.00792175915564375
2025-07-03,2025-05-28,399998.SZ,中证煤炭指数,1888.8261,0.00640610621327298
2025-07-03,2025-05-29,399998.SZ,中证煤炭指数,1897.6876,0.00469153830519398
2025-07-03,2025-05-30,399998.SZ,中证煤炭指数,1885.7175,-0.00630772947033009
2025-07-03,2025-06-03,399998.SZ,中证煤炭指数,1874.2806,-0.00606501238918333
2025-07-03,2025-06-04,399998.SZ,中证煤炭指数,1889.162,0.00793979300644732
2025-07-03,2025-06-05,399998.SZ,中证煤炭指数,1876.1452,-0.00689025080961825
2025-07-03,2025-06-06,399998.SZ,中证煤炭指数,1882.8265,0.00356118492321378
2025-07-03,2025-06-09,399998.SZ,中证煤炭指数,1886.126,0.00175241850483832
2025-07-03,2025-06-10,399998.SZ,中证煤炭指数,1880.1859,-0.00314936541885324
2025-07-03,2025-06-11,399998.SZ,中证煤炭指数,1895.1573,0.00796272326050329
2025-07-03,2025-06-12,399998.SZ,中证煤炭指数,1878.0353,-0.00903460625669439
2025-07-03,2025-06-13,399998.SZ,中证煤炭指数,1868.2335,-0.00521917772259128
2025-07-03,2025-06-16,399998.SZ,中证煤炭指数,1872.804,0.00244642867179068
2025-07-03,2025-06-17,399998.SZ,中证煤炭指数,1887.2606,0.00771922742582776
2025-07-03,2025-06-18,399998.SZ,中证煤炭指数,1866.8559,-0.0108118083957245
2025-07-03,2025-06-19,399998.SZ,中证煤炭指数,1841.3197,-0.0136787204625702
2025-07-03,2025-06-20,399998.SZ,中证煤炭指数,1843.2054,0.00102410244130891
2025-07-03,2025-06-23,399998.SZ,中证煤炭指数,1872.474,0.0158791852497828
2025-07-03,2025-06-24,399998.SZ,中证煤炭指数,1864.9605,-0.00401260578251017
2025-07-03,2025-06-25,399998.SZ,中证煤炭指数,1849.5174,-0.00828065795495403
2025-07-03,2025-06-26,399998.SZ,中证煤炭指数,1839.6034,-0.00536031723735064
2025-07-03,2025-06-27,399998.SZ,中证煤炭指数,1859.1211,0.0106097325108228
2025-07-03,2025-06-30,399998.SZ,中证煤炭指数,1860.7012,0.000849917738010575
2025-07-03,2025-07-01,399998.SZ,中证煤炭指数,1858.4152,-0.001228569100724
2025-07-03,2025-07-02,399998.SZ,中证煤炭指数,1894.557,0.0194476454992405
2025-07-03,2025-07-03,399998.SZ,中证煤炭指数,1882.7718,-0.0062205571012115
2025-07-03,2025-04-07,746059.MSI,MSCI中国A50互联互通人民币指数,1942.76,-0.0676124474477356
2025-07-03,2025-04-08,746059.MSI,MSCI中国A50互联互通人民币指数,1973.85,0.0160030060326546
2025-07-03,2025-04-09,746059.MSI,MSCI中国A50互联互通人民币指数,1987.12,0.00672290194290337
2025-07-03,2025-04-10,746059.MSI,MSCI中国A50互联互通人民币指数,2014.32,0.0136881516969283
2025-07-03,2025-04-11,746059.MSI,MSCI中国A50互联互通人民币指数,2031.28,0.00841971484173332
2025-07-03,2025-04-14,746059.MSI,MSCI中国A50互联互通人民币指数,2042.18,0.00536607459335992
2025-07-03,2025-04-15,746059.MSI,MSCI中国A50互联互通人民币指数,2045.18,0.00146901840190394
2025-07-03,2025-04-16,746059.MSI,MSCI中国A50互联互通人民币指数,2052.7,0.00367693797122981
2025-07-03,2025-04-17,746059.MSI,MSCI中国A50互联互通人民币指数,2057.75,0.00246017440444302
2025-07-03,2025-04-18,746059.MSI,MSCI中国A50互联互通人民币指数,2052.17,-0.00271169967197182
2025-07-03,2025-04-21,746059.MSI,MSCI中国A50互联互通人民币指数,2062.57,0.00506780627335957
2025-07-03,2025-04-22,746059.MSI,MSCI中国A50互联互通人民币指数,2068.35,0.00280232913307166
2025-07-03,2025-04-23,746059.MSI,MSCI中国A50互联互通人民币指数,2068.52,8.21911185244772e-05
2025-07-03,2025-04-24,746059.MSI,MSCI中国A50互联互通人民币指数,2071.08,0.00123759982982996
2025-07-03,2025-04-25,746059.MSI,MSCI中国A50互联互通人民币指数,2070.52,-0.000270390327751668
2025-07-03,2025-04-28,746059.MSI,MSCI中国A50互联互通人民币指数,2066.94,-0.00172903425226512
2025-07-03,2025-04-29,746059.MSI,MSCI中国A50互联互通人民币指数,2058,-0.00432523440448196
2025-07-03,2025-04-30,746059.MSI,MSCI中国A50互联互通人民币指数,2050.3,-0.00374149659863932
2025-07-03,2025-05-06,746059.MSI,MSCI中国A50互联互通人民币指数,2065.83,0.00757450129249371
2025-07-03,2025-05-07,746059.MSI,MSCI中国A50互联互通人民币指数,2084.49,0.00903268904024035
2025-07-03,2025-05-08,746059.MSI,MSCI中国A50互联互通人民币指数,2093.69,0.0044135495972637
2025-07-03,2025-05-09,746059.MSI,MSCI中国A50互联互通人民币指数,2097.32,0.0017337810277549
2025-07-03,2025-05-12,746059.MSI,MSCI中国A50互联互通人民币指数,2117.57,0.00965517899033053
2025-07-03,2025-05-13,746059.MSI,MSCI中国A50互联互通人民币指数,2122.04,0.00211091014700804
2025-07-03,2025-05-14,746059.MSI,MSCI中国A50互联互通人民币指数,2155.15,0.015602910406967
2025-07-03,2025-05-15,746059.MSI,MSCI中国A50互联互通人民币指数,2141.49,-0.00633830591838169
2025-07-03,2025-05-16,746059.MSI,MSCI中国A50互联互通人民币指数,2128.08,-0.00626199515290748
2025-07-03,2025-05-19,746059.MSI,MSCI中国A50互联互通人民币指数,2122.24,-0.00274425773467168
2025-07-03,2025-05-20,746059.MSI,MSCI中国A50互联互通人民币指数,2135.4,0.00620099517490957
2025-07-03,2025-05-21,746059.MSI,MSCI中国A50互联互通人民币指数,2153.77,0.00860260372763877
2025-07-03,2025-05-22,746059.MSI,MSCI中国A50互联互通人民币指数,2152.36,-0.000654666004262228
2025-07-03,2025-05-23,746059.MSI,MSCI中国A50互联互通人民币指数,2137.57,-0.00687152706796257
2025-07-03,2025-05-26,746059.MSI,MSCI中国A50互联互通人民币指数,2114.25,-0.0109095842475335
2025-07-03,2025-05-27,746059.MSI,MSCI中国A50互联互通人民币指数,2096.42,-0.00843325056166488
2025-07-03,2025-05-28,746059.MSI,MSCI中国A50互联互通人民币指数,2095.47,-0.000453153471155709
2025-07-03,2025-05-29,746059.MSI,MSCI中国A50互联互通人民币指数,2099.37,0.00186115764005224
2025-07-03,2025-05-30,746059.MSI,MSCI中国A50互联互通人民币指数,2084.73,-0.0069735206276168
2025-07-03,2025-06-03,746059.MSI,MSCI中国A50互联互通人民币指数,2093.68,0.00429312189108422
2025-07-03,2025-06-04,746059.MSI,MSCI中国A50互联互通人民币指数,2098.14,0.00213022047304268
2025-07-03,2025-06-05,746059.MSI,MSCI中国A50互联互通人民币指数,2103.99,0.00278818381995483
2025-07-03,2025-06-06,746059.MSI,MSCI中国A50互联互通人民币指数,2101.37,-0.00124525306679213
2025-07-03,2025-06-09,746059.MSI,MSCI中国A50互联互通人民币指数,2098.21,-0.00150378086676783
2025-07-03,2025-06-10,746059.MSI,MSCI中国A50互联互通人民币指数,2095.86,-0.00112000228766418
2025-07-03,2025-06-11,746059.MSI,MSCI中国A50互联互通人民币指数,2112.15,0.00777246571812995
2025-07-03,2025-06-12,746059.MSI,MSCI中国A50互联互通人民币指数,2110.71,-0.00068176976067047
2025-07-03,2025-06-13,746059.MSI,MSCI中国A50互联互通人民币指数,2097.03,-0.00648123143397239
2025-07-03,2025-06-16,746059.MSI,MSCI中国A50互联互通人民币指数,2099.96,0.00139721415525762
2025-07-03,2025-06-17,746059.MSI,MSCI中国A50互联互通人民币指数,2095.47,-0.00213813596449464
2025-07-03,2025-06-18,746059.MSI,MSCI中国A50互联互通人民币指数,2097.23,0.000839907037561982
2025-07-03,2025-06-19,746059.MSI,MSCI中国A50互联互通人民币指数,2080.46,-0.0079962617357181
2025-07-03,2025-06-20,746059.MSI,MSCI中国A50互联互通人民币指数,2086.42,0.00286475106466844
2025-07-03,2025-06-23,746059.MSI,MSCI中国A50互联互通人民币指数,2089.84,0.00163917140364833
2025-07-03,2025-06-24,746059.MSI,MSCI中国A50互联互通人民币指数,2114.57,0.0118334417945871
2025-07-03,2025-06-25,746059.MSI,MSCI中国A50互联互通人民币指数,2143.54,0.0137001849075697
2025-07-03,2025-06-26,746059.MSI,MSCI中国A50互联互通人民币指数,2135.42,-0.00378812618378943
2025-07-03,2025-06-27,746059.MSI,MSCI中国A50互联互通人民币指数,2118.16,-0.00808271909038982
2025-07-03,2025-06-30,746059.MSI,MSCI中国A50互联互通人民币指数,2121.54,0.00159572459115465
2025-07-03,2025-07-01,746059.MSI,MSCI中国A50互联互通人民币指数,2122.99,0.000683465784288684
2025-07-03,2025-07-02,746059.MSI,MSCI中国A50互联互通人民币指数,2121.96,-0.000485164791167003
2025-07-03,2025-07-03,746059.MSI,MSCI中国A50互联互通人民币指数,2140.67,0.00881731983637768
2025-07-03,2025-04-07,930050.CSI,中证A50指数,1450.2479,-0.066043401207921
2025-07-03,2025-04-08,930050.CSI,中证A50指数,1475.7447,0.0175809942562233
2025-07-03,2025-04-09,930050.CSI,中证A50指数,1482.5553,0.00461502589167351
2025-07-03,2025-04-10,930050.CSI,中证A50指数,1503.4725,0.0141088834932499
2025-07-03,2025-04-11,930050.CSI,中证A50指数,1511.5445,0.00536890431983283
2025-07-03,2025-04-14,930050.CSI,中证A50指数,1512.8616,0.000871360386677233
2025-07-03,2025-04-15,930050.CSI,中证A50指数,1513.5837,0.000477307375638336
2025-07-03,2025-04-16,930050.CSI,中证A50指数,1515.8273,0.00148230983195718
2025-07-03,2025-04-17,930050.CSI,中证A50指数,1516.5191,0.000456384444323055
2025-07-03,2025-04-18,930050.CSI,中证A50指数,1516.0899,-0.000283016547566128
2025-07-03,2025-04-21,930050.CSI,中证A50指数,1521.1891,0.00336338893887511
2025-07-03,2025-04-22,930050.CSI,中证A50指数,1521.4731,0.000186696052449919
2025-07-03,2025-04-23,930050.CSI,中证A50指数,1525.3096,0.00252156939218984
2025-07-03,2025-04-24,930050.CSI,中证A50指数,1527.0062,0.00111229877527808
2025-07-03,2025-04-25,930050.CSI,中证A50指数,1528.7526,0.00114367577551411
2025-07-03,2025-04-28,930050.CSI,中证A50指数,1524.3202,-0.00289935729299817
2025-07-03,2025-04-29,930050.CSI,中证A50指数,1521.0358,-0.00215466540428977
2025-07-03,2025-04-30,930050.CSI,中证A50指数,1520.9096,-8.29697762538828e-05
2025-07-03,2025-05-06,930050.CSI,中证A50指数,1532.3189,0.00750162928815756
2025-07-03,2025-05-07,930050.CSI,中证A50指数,1542.1615,0.00642333655220195
2025-07-03,2025-05-08,930050.CSI,中证A50指数,1553.1114,0.00710035881455995
2025-07-03,2025-05-09,930050.CSI,中证A50指数,1553.2181,6.8700802788646e-05
2025-07-03,2025-05-12,930050.CSI,中证A50指数,1571.695,0.0118958824906816
2025-07-03,2025-05-13,930050.CSI,中证A50指数,1573.2313,0.000977479727300778
2025-07-03,2025-05-14,930050.CSI,中证A50指数,1595.2636,0.0140044887233048
2025-07-03,2025-05-15,930050.CSI,中证A50指数,1585.3179,-0.00623451823259802
2025-07-03,2025-05-16,930050.CSI,中证A50指数,1578.2243,-0.0044745599604975
2025-07-03,2025-05-19,930050.CSI,中证A50指数,1572.3581,-0.00371696215804063
2025-07-03,2025-05-20,930050.CSI,中证A50指数,1583.2934,0.00695471343328213
2025-07-03,2025-05-21,930050.CSI,中证A50指数,1593.6719,0.00655500742945048
2025-07-03,2025-05-22,930050.CSI,中证A50指数,1593.1759,-0.000311230937811047
2025-07-03,2025-05-23,930050.CSI,中证A50指数,1580.9964,-0.00764479302002996
2025-07-03,2025-05-26,930050.CSI,中证A50指数,1566.4441,-0.00920451178762971
2025-07-03,2025-05-27,930050.CSI,中证A50指数,1555.6373,-0.00689893753629622
2025-07-03,2025-05-28,930050.CSI,中证A50指数,1554.1686,-0.000944114672488339
2025-07-03,2025-05-29,930050.CSI,中证A50指数,1558.6954,0.00291268270379419
2025-07-03,2025-05-30,930050.CSI,中证A50指数,1548.8814,-0.00629629111627583
2025-07-03,2025-06-03,930050.CSI,中证A50指数,1551.5651,0.00173266978349673
2025-07-03,2025-06-04,930050.CSI,中证A50指数,1555.0545,0.00224895494233524
2025-07-03,2025-06-05,930050.CSI,中证A50指数,1557.4437,0.00153640917408371
2025-07-03,2025-06-06,930050.CSI,中证A50指数,1554.1622,-0.00210697824903727
2025-07-03,2025-06-09,930050.CSI,中证A50指数,1551.6803,-0.00159693756546131
2025-07-03,2025-06-10,930050.CSI,中证A50指数,1544.2045,-0.00481787388806831
2025-07-03,2025-06-11,930050.CSI,中证A50指数,1560.8695,0.0107919644062686
2025-07-03,2025-06-12,930050.CSI,中证A50指数,1555.9292,-0.00316509483976724
2025-07-03,2025-06-13,930050.CSI,中证A50指数,1545.6897,-0.00658095496890232
2025-07-03,2025-06-16,930050.CSI,中证A50指数,1544.7537,-0.0006055549182995
2025-07-03,2025-06-17,930050.CSI,中证A50指数,1544.2197,-0.000345686176378757
2025-07-03,2025-06-18,930050.CSI,中证A50指数,1539.8597,-0.00282343244293548
2025-07-03,2025-06-19,930050.CSI,中证A50指数,1526.9522,-0.00838225716277918
2025-07-03,2025-06-20,930050.CSI,中证A50指数,1531.2007,0.0027823398794018
2025-07-03,2025-06-23,930050.CSI,中证A50指数,1532.7488,0.00101103663288549
2025-07-03,2025-06-24,930050.CSI,中证A50指数,1553.0677,0.0132565101339501
2025-07-03,2025-06-25,930050.CSI,中证A50指数,1574.9096,0.014063714028693
2025-07-03,2025-06-26,930050.CSI,中证A50指数,1565.3236,-0.00608669856352395
2025-07-03,2025-06-27,930050.CSI,中证A50指数,1554.9036,-0.00665677052336
2025-07-03,2025-06-30,930050.CSI,中证A50指数,1558.2626,0.00216026253974833
2025-07-03,2025-07-01,930050.CSI,中证A50指数,1559.1191,0.000549650617296393
2025-07-03,2025-07-02,930050.CSI,中证A50指数,1560.6543,0.000984658580605036
2025-07-03,2025-07-03,930050.CSI,中证A50指数,1571.6216,0.0070273730703847
2025-07-03,2025-04-07,930598.CSI,中证稀土产业指数,1573.6843,-0.0761077145746123
2025-07-03,2025-04-08,930598.CSI,中证稀土产业指数,1583.209,0.00605248460571173
2025-07-03,2025-04-09,930598.CSI,中证稀土产业指数,1613.7518,0.0192917043801544
2025-07-03,2025-04-10,930598.CSI,中证稀土产业指数,1629.2072,0.00957730922438005
2025-07-03,2025-04-11,930598.CSI,中证稀土产业指数,1628.6653,-0.000332615765508582
2025-07-03,2025-04-14,930598.CSI,中证稀土产业指数,1636.8338,0.00501545652136159
2025-07-03,2025-04-15,930598.CSI,中证稀土产业指数,1620.7842,-0.00980527161645861
2025-07-03,2025-04-16,930598.CSI,中证稀土产业指数,1608.6138,-0.00750895770084625
2025-07-03,2025-04-17,930598.CSI,中证稀土产业指数,1598.3028,-0.00640986668148702
2025-07-03,2025-04-18,930598.CSI,中证稀土产业指数,1584.832,-0.00842819020275742
2025-07-03,2025-04-21,930598.CSI,中证稀土产业指数,1610.7616,0.0163611032588942
2025-07-03,2025-04-22,930598.CSI,中证稀土产业指数,1593.6936,-0.0105962297586434
2025-07-03,2025-04-23,930598.CSI,中证稀土产业指数,1626.1933,0.020392690288773
2025-07-03,2025-04-24,930598.CSI,中证稀土产业指数,1604.4358,-0.0133794057569908
2025-07-03,2025-04-25,930598.CSI,中证稀土产业指数,1609.571,0.00320062666265608
2025-07-03,2025-04-28,930598.CSI,中证稀土产业指数,1608.1083,-0.000908751462346036
2025-07-03,2025-04-29,930598.CSI,中证稀土产业指数,1610.594,0.00154572922731622
2025-07-03,2025-04-30,930598.CSI,中证稀土产业指数,1623.1213,0.00777806200693654
2025-07-03,2025-05-06,930598.CSI,中证稀土产业指数,1698.4425,0.0464051577660893
2025-07-03,2025-05-07,930598.CSI,中证稀土产业指数,1690.9287,-0.00442393545851583
2025-07-03,2025-05-08,930598.CSI,中证稀土产业指数,1702.9557,0.00711265945157824
2025-07-03,2025-05-09,930598.CSI,中证稀土产业指数,1690.1407,-0.00752515171122781
2025-07-03,2025-05-12,930598.CSI,中证稀土产业指数,1723.1167,0.0195108016746772
2025-07-03,2025-05-13,930598.CSI,中证稀土产业指数,1707.1768,-0.00925062127248844
2025-07-03,2025-05-14,930598.CSI,中证稀土产业指数,1726.0456,0.0110526337986785
2025-07-03,2025-05-15,930598.CSI,中证稀土产业指数,1724.1378,-0.00110530104187279
2025-07-03,2025-05-16,930598.CSI,中证稀土产业指数,1719.0671,-0.00294100622351645
2025-07-03,2025-05-19,930598.CSI,中证稀土产业指数,1700.8217,-0.0106135473129583
2025-07-03,2025-05-20,930598.CSI,中证稀土产业指数,1711.2443,0.00612797919970109
2025-07-03,2025-05-21,930598.CSI,中证稀土产业指数,1703.9056,-0.00428851684122489
2025-07-03,2025-05-22,930598.CSI,中证稀土产业指数,1673.6424,-0.0177610778437491
2025-07-03,2025-05-23,930598.CSI,中证稀土产业指数,1663.7366,-0.00591870760444402
2025-07-03,2025-05-26,930598.CSI,中证稀土产业指数,1675.7674,0.00723119272606021
2025-07-03,2025-05-27,930598.CSI,中证稀土产业指数,1657.5625,-0.0108636198555957
2025-07-03,2025-05-28,930598.CSI,中证稀土产业指数,1652.1744,-0.00325061649259073
2025-07-03,2025-05-29,930598.CSI,中证稀土产业指数,1676.6236,0.0147981956384264
2025-07-03,2025-05-30,930598.CSI,中证稀土产业指数,1651.1217,-0.0152102714049832
2025-07-03,2025-06-03,930598.CSI,中证稀土产业指数,1673.5633,0.0135917297919348
2025-07-03,2025-06-04,930598.CSI,中证稀土产业指数,1710.9394,0.0223332454768816
2025-07-03,2025-06-05,930598.CSI,中证稀土产业指数,1724.6961,0.008040436733177
2025-07-03,2025-06-06,930598.CSI,中证稀土产业指数,1719.2901,-0.00313446525448746
2025-07-03,2025-06-09,930598.CSI,中证稀土产业指数,1759.6706,0.0234867286213072
2025-07-03,2025-06-10,930598.CSI,中证稀土产业指数,1757.6327,-0.00115811447892566
2025-07-03,2025-06-11,930598.CSI,中证稀土产业指数,1813.9161,0.0320222763265612
2025-07-03,2025-06-12,930598.CSI,中证稀土产业指数,1813.0327,-0.000487012602181536
2025-07-03,2025-06-13,930598.CSI,中证稀土产业指数,1793.488,-0.0107801144458122
2025-07-03,2025-06-16,930598.CSI,中证稀土产业指数,1817.1252,0.0131794581285183
2025-07-03,2025-06-17,930598.CSI,中证稀土产业指数,1803.7463,-0.00736267374421973
2025-07-03,2025-06-18,930598.CSI,中证稀土产业指数,1771.2826,-0.0179979301967245
2025-07-03,2025-06-19,930598.CSI,中证稀土产业指数,1737.2421,-0.0192179949150971
2025-07-03,2025-06-20,930598.CSI,中证稀土产业指数,1731.8069,-0.0031286370506447
2025-07-03,2025-06-23,930598.CSI,中证稀土产业指数,1750.261,0.0106559801788524
2025-07-03,2025-06-24,930598.CSI,中证稀土产业指数,1781.0383,0.0175844059828791
2025-07-03,2025-06-25,930598.CSI,中证稀土产业指数,1792.0227,0.00616741369346196
2025-07-03,2025-06-26,930598.CSI,中证稀土产业指数,1770.9406,-0.0117644157074573
2025-07-03,2025-06-27,930598.CSI,中证稀土产业指数,1789.0951,0.0102513319757873
2025-07-03,2025-06-30,930598.CSI,中证稀土产业指数,1826.4063,0.0208547885464558
2025-07-03,2025-07-01,930598.CSI,中证稀土产业指数,1828.4894,0.00114054578107825
2025-07-03,2025-07-02,930598.CSI,中证稀土产业指数,1816.7998,-0.00639303678763459
2025-07-03,2025-07-03,930598.CSI,中证稀土产业指数,1823.086,0.00346004001101274
2025-07-03,2025-04-07,930601.CSI,中证软件服务指数,5316.3609,-0.108210264443837
2025-07-03,2025-04-08,930601.CSI,中证软件服务指数,5352.0142,0.00670633553113364
2025-07-03,2025-04-09,930601.CSI,中证软件服务指数,5558.1576,0.038516975534183
2025-07-03,2025-04-10,930601.CSI,中证软件服务指数,5605.9581,0.00860006200615837
2025-07-03,2025-04-11,930601.CSI,中证软件服务指数,5651.3489,0.00809688534775166
2025-07-03,2025-04-14,930601.CSI,中证软件服务指数,5669.9005,0.0032826853072192
2025-07-03,2025-04-15,930601.CSI,中证软件服务指数,5619.3173,-0.00892135585095366
2025-07-03,2025-04-16,930601.CSI,中证软件服务指数,5577.0366,-0.00752417024039542
2025-07-03,2025-04-17,930601.CSI,中证软件服务指数,5621.2724,0.00793177509360432
2025-07-03,2025-04-18,930601.CSI,中证软件服务指数,5624.062,0.000496257751181117
2025-07-03,2025-04-21,930601.CSI,中证软件服务指数,5741.858,0.020945003806857
2025-07-03,2025-04-22,930601.CSI,中证软件服务指数,5649.1046,-0.0161539000093699
2025-07-03,2025-04-23,930601.CSI,中证软件服务指数,5678.2333,0.00515633928959303
2025-07-03,2025-04-24,930601.CSI,中证软件服务指数,5556.0477,-0.0215182423025838
2025-07-03,2025-04-25,930601.CSI,中证软件服务指数,5619.1393,0.011355482063266
2025-07-03,2025-04-28,930601.CSI,中证软件服务指数,5605.6132,-0.00240714801286379
2025-07-03,2025-04-29,930601.CSI,中证软件服务指数,5658.2588,0.00939158627641312
2025-07-03,2025-04-30,930601.CSI,中证软件服务指数,5797.4718,0.0246035052338009
2025-07-03,2025-05-06,930601.CSI,中证软件服务指数,6010.1905,0.0366916316867638
2025-07-03,2025-05-07,930601.CSI,中证软件服务指数,5969.7931,-0.00672148411934692
2025-07-03,2025-05-08,930601.CSI,中证软件服务指数,5997.984,0.00472225745981047
2025-07-03,2025-05-09,930601.CSI,中证软件服务指数,5891.5269,-0.0177488136013702
2025-07-03,2025-05-12,930601.CSI,中证软件服务指数,5976.6648,0.014450905757555
2025-07-03,2025-05-13,930601.CSI,中证软件服务指数,5935.5773,-0.00687465356932848
2025-07-03,2025-05-14,930601.CSI,中证软件服务指数,5980.7738,0.007614507859244
2025-07-03,2025-05-15,930601.CSI,中证软件服务指数,5805.2088,-0.0293548971873839
2025-07-03,2025-05-16,930601.CSI,中证软件服务指数,5784.1285,-0.00363127334885882
2025-07-03,2025-05-19,930601.CSI,中证软件服务指数,5747.8165,-0.00627786882673853
2025-07-03,2025-05-20,930601.CSI,中证软件服务指数,5752.0495,0.000736453573283002
2025-07-03,2025-05-21,930601.CSI,中证软件服务指数,5723.1126,-0.00503071122736332
2025-07-03,2025-05-22,930601.CSI,中证软件服务指数,5665.894,-0.00999781133084821
2025-07-03,2025-05-23,930601.CSI,中证软件服务指数,5569.1066,-0.0170824586552449
2025-07-03,2025-05-26,930601.CSI,中证软件服务指数,5625.2065,0.0100734110566316
2025-07-03,2025-05-27,930601.CSI,中证软件服务指数,5572.5993,-0.00935204778704579
2025-07-03,2025-05-28,930601.CSI,中证软件服务指数,5508.4023,-0.0115201177303382
2025-07-03,2025-05-29,930601.CSI,中证软件服务指数,5670.8222,0.0294858456507434
2025-07-03,2025-05-30,930601.CSI,中证软件服务指数,5568.8109,-0.0179888023997647
2025-07-03,2025-06-03,930601.CSI,中证软件服务指数,5616.2863,0.00852523112250037
2025-07-03,2025-06-04,930601.CSI,中证软件服务指数,5666.1883,0.00888523079743986
2025-07-03,2025-06-05,930601.CSI,中证软件服务指数,5783.9458,0.0207824897029985
2025-07-03,2025-06-06,930601.CSI,中证软件服务指数,5748.7956,-0.00607720079258001
2025-07-03,2025-06-09,930601.CSI,中证软件服务指数,5823.3841,0.0129746307209113
2025-07-03,2025-06-10,930601.CSI,中证软件服务指数,5654.5923,-0.0289851737583307
2025-07-03,2025-06-11,930601.CSI,中证软件服务指数,5665.614,0.00194915909322035
2025-07-03,2025-06-12,930601.CSI,中证软件服务指数,5644.319,-0.00375863939901289
2025-07-03,2025-06-13,930601.CSI,中证软件服务指数,5574.0541,-0.0124487825723528
2025-07-03,2025-06-16,930601.CSI,中证软件服务指数,5650.9138,0.013788832799452
2025-07-03,2025-06-17,930601.CSI,中证软件服务指数,5628.7686,-0.00391887060814833
2025-07-03,2025-06-18,930601.CSI,中证软件服务指数,5618.3474,-0.00185141737750605
2025-07-03,2025-06-19,930601.CSI,中证软件服务指数,5521.0126,-0.0173244538064697
2025-07-03,2025-06-20,930601.CSI,中证软件服务指数,5412.1092,-0.0197252583701766
2025-07-03,2025-06-23,930601.CSI,中证软件服务指数,5483.583,0.0132062745518882
2025-07-03,2025-06-24,930601.CSI,中证软件服务指数,5640.6881,0.0286500815251636
2025-07-03,2025-06-25,930601.CSI,中证软件服务指数,5882.8717,0.0429351163734792
2025-07-03,2025-06-26,930601.CSI,中证软件服务指数,5868.2665,-0.00248266505625139
2025-07-03,2025-06-27,930601.CSI,中证软件服务指数,5850.6878,-0.00299555243443694
2025-07-03,2025-06-30,930601.CSI,中证软件服务指数,5907.2776,0.00967233288366542
2025-07-03,2025-07-01,930601.CSI,中证软件服务指数,5842.5242,-0.0109616314628587
2025-07-03,2025-07-02,930601.CSI,中证软件服务指数,5741.4392,-0.0173015971418655
2025-07-03,2025-07-03,930601.CSI,中证软件服务指数,5759.869,0.00320996171134236
2025-07-03,2025-04-07,930606.CSI,中证钢铁指数,888.9538,-0.0952020109747828
2025-07-03,2025-04-08,930606.CSI,中证钢铁指数,894.266,0.00597578861803605
2025-07-03,2025-04-09,930606.CSI,中证钢铁指数,900.0509,0.00646888062388595
2025-07-03,2025-04-10,930606.CSI,中证钢铁指数,916.7893,0.0185971704489158
2025-07-03,2025-04-11,930606.CSI,中证钢铁指数,917,0.000229823799208884
2025-07-03,2025-04-14,930606.CSI,中证钢铁指数,930.1176,0.0143049073064341
2025-07-03,2025-04-15,930606.CSI,中证钢铁指数,920.1917,-0.010671661303904
2025-07-03,2025-04-16,930606.CSI,中证钢铁指数,914.5218,-0.00616165088209331
2025-07-03,2025-04-17,930606.CSI,中证钢铁指数,914.9778,0.000498621246644904
2025-07-03,2025-04-18,930606.CSI,中证钢铁指数,920.0948,0.00559248541330715
2025-07-03,2025-04-21,930606.CSI,中证钢铁指数,930.496,0.0113044873202197
2025-07-03,2025-04-22,930606.CSI,中证钢铁指数,928.3347,-0.00232273970011687
2025-07-03,2025-04-23,930606.CSI,中证钢铁指数,932.5513,0.00454211180514963
2025-07-03,2025-04-24,930606.CSI,中证钢铁指数,929.0605,-0.00374327932415075
2025-07-03,2025-04-25,930606.CSI,中证钢铁指数,938.3193,0.0099657664920636
2025-07-03,2025-04-28,930606.CSI,中证钢铁指数,946.4161,0.00862904557116106
2025-07-03,2025-04-29,930606.CSI,中证钢铁指数,946.7941,0.000399401489471707
2025-07-03,2025-04-30,930606.CSI,中证钢铁指数,934.592,-0.0128878073912797
2025-07-03,2025-05-06,930606.CSI,中证钢铁指数,954.6615,0.0214740763884134
2025-07-03,2025-05-07,930606.CSI,中证钢铁指数,962.6515,0.00836945870342531
2025-07-03,2025-05-08,930606.CSI,中证钢铁指数,958.4396,-0.00437531131463464
2025-07-03,2025-05-09,930606.CSI,中证钢铁指数,949.2855,-0.00955104526148554
2025-07-03,2025-05-12,930606.CSI,中证钢铁指数,953.544,0.00448600552731504
2025-07-03,2025-05-13,930606.CSI,中证钢铁指数,956.624,0.00323005545627675
2025-07-03,2025-05-14,930606.CSI,中证钢铁指数,959.0681,0.00255492231012378
2025-07-03,2025-05-15,930606.CSI,中证钢铁指数,951.9758,-0.0073949910334834
2025-07-03,2025-05-16,930606.CSI,中证钢铁指数,948.531,-0.0036185793798541
2025-07-03,2025-05-19,930606.CSI,中证钢铁指数,956.5971,0.00850378110994798
2025-07-03,2025-05-20,930606.CSI,中证钢铁指数,955.5071,-0.00113945568097573
2025-07-03,2025-05-21,930606.CSI,中证钢铁指数,954.4493,-0.0011070561380444
2025-07-03,2025-05-22,930606.CSI,中证钢铁指数,945.4493,-0.00942952129568331
2025-07-03,2025-05-23,930606.CSI,中证钢铁指数,939.847,-0.00592554249075017
2025-07-03,2025-05-26,930606.CSI,中证钢铁指数,941.2453,0.00148779535392474
2025-07-03,2025-05-27,930606.CSI,中证钢铁指数,934.8383,-0.00680693969999113
2025-07-03,2025-05-28,930606.CSI,中证钢铁指数,929.7139,-0.0054815897038023
2025-07-03,2025-05-29,930606.CSI,中证钢铁指数,932.8566,0.00338028720448302
2025-07-03,2025-05-30,930606.CSI,中证钢铁指数,932.4053,-0.00048378282364081
2025-07-03,2025-06-03,930606.CSI,中证钢铁指数,918.9168,-0.0144663484860071
2025-07-03,2025-06-04,930606.CSI,中证钢铁指数,929.4761,0.0114910294381385
2025-07-03,2025-06-05,930606.CSI,中证钢铁指数,926.618,-0.00307495803280999
2025-07-03,2025-06-06,930606.CSI,中证钢铁指数,929.612,0.00323110494292145
2025-07-03,2025-06-09,930606.CSI,中证钢铁指数,936.1813,0.00706671170337736
2025-07-03,2025-06-10,930606.CSI,中证钢铁指数,932.2802,-0.00416703473995894
2025-07-03,2025-06-11,930606.CSI,中证钢铁指数,940.6984,0.00902968871375798
2025-07-03,2025-06-12,930606.CSI,中证钢铁指数,938.2536,-0.00259892012147567
2025-07-03,2025-06-13,930606.CSI,中证钢铁指数,930.0454,-0.00874838103472242
2025-07-03,2025-06-16,930606.CSI,中证钢铁指数,929.0065,-0.0011170422433141
2025-07-03,2025-06-17,930606.CSI,中证钢铁指数,931.5591,0.00274766645873847
2025-07-03,2025-06-18,930606.CSI,中证钢铁指数,923.4979,-0.00865344989920658
2025-07-03,2025-06-19,930606.CSI,中证钢铁指数,911.6245,-0.0128569864641814
2025-07-03,2025-06-20,930606.CSI,中证钢铁指数,912.4984,0.000958618378509968
2025-07-03,2025-06-23,930606.CSI,中证钢铁指数,910.7693,-0.00189490743216636
2025-07-03,2025-06-24,930606.CSI,中证钢铁指数,920.8538,0.0110725076042857
2025-07-03,2025-06-25,930606.CSI,中证钢铁指数,928.3414,0.00813114959182459
2025-07-03,2025-06-26,930606.CSI,中证钢铁指数,920.6617,-0.00827249544187092
2025-07-03,2025-06-27,930606.CSI,中证钢铁指数,925.7944,0.00557501197236721
2025-07-03,2025-06-30,930606.CSI,中证钢铁指数,930.9167,0.00553286993310831
2025-07-03,2025-07-01,930606.CSI,中证钢铁指数,939.1949,0.00889252497027937
2025-07-03,2025-07-02,930606.CSI,中证钢铁指数,972.4208,0.035377002153653
2025-07-03,2025-07-03,930606.CSI,中证钢铁指数,972.2222,-0.000204232570919838
2025-07-03,2025-04-07,930608.CSI,中证基建指数,7188.8939,-0.0760851330778985
2025-07-03,2025-04-08,930608.CSI,中证基建指数,7418.5819,0.0319503950392146
2025-07-03,2025-04-09,930608.CSI,中证基建指数,7577.0422,0.0213599178570771
2025-07-03,2025-04-10,930608.CSI,中证基建指数,7643.6122,0.0087857501968247
2025-07-03,2025-04-11,930608.CSI,中证基建指数,7636.2774,-0.000959598656771199
2025-07-03,2025-04-14,930608.CSI,中证基建指数,7638.2371,0.000256630279041437
2025-07-03,2025-04-15,930608.CSI,中证基建指数,7613.6284,-0.00322177744390795
2025-07-03,2025-04-16,930608.CSI,中证基建指数,7620.7382,0.0009338254543656
2025-07-03,2025-04-17,930608.CSI,中证基建指数,7627.2095,0.000849169703796004
2025-07-03,2025-04-18,930608.CSI,中证基建指数,7661.0593,0.00443803202206516
2025-07-03,2025-04-21,930608.CSI,中证基建指数,7664.7392,0.000480338273846748
2025-07-03,2025-04-22,930608.CSI,中证基建指数,7678.7598,0.00182923379832678
2025-07-03,2025-04-23,930608.CSI,中证基建指数,7718.8808,0.00522493228659138
2025-07-03,2025-04-24,930608.CSI,中证基建指数,7683.3505,-0.00460303778755078
2025-07-03,2025-04-25,930608.CSI,中证基建指数,7712.8471,0.00383902829891736
2025-07-03,2025-04-28,930608.CSI,中证基建指数,7636.7296,-0.00986892375968407
2025-07-03,2025-04-29,930608.CSI,中证基建指数,7621.7754,-0.00195819425110966
2025-07-03,2025-04-30,930608.CSI,中证基建指数,7557.871,-0.00838445068848404
2025-07-03,2025-05-06,930608.CSI,中证基建指数,7679.0612,0.0160349654022938
2025-07-03,2025-05-07,930608.CSI,中证基建指数,7727.7402,0.00633918635783237
2025-07-03,2025-05-08,930608.CSI,中证基建指数,7727.4286,-4.03222665275038e-05
2025-07-03,2025-05-09,930608.CSI,中证基建指数,7705.2667,-0.00286795273656748
2025-07-03,2025-05-12,930608.CSI,中证基建指数,7792.3985,0.0113080835994943
2025-07-03,2025-05-13,930608.CSI,中证基建指数,7851.9038,0.00763632660726987
2025-07-03,2025-05-14,930608.CSI,中证基建指数,7853.6799,0.00022619991854711
2025-07-03,2025-05-15,930608.CSI,中证基建指数,7767.9147,-0.010920383959117
2025-07-03,2025-05-16,930608.CSI,中证基建指数,7734.1822,-0.00434254253590094
2025-07-03,2025-05-19,930608.CSI,中证基建指数,7740.7721,0.000852048714342413
2025-07-03,2025-05-20,930608.CSI,中证基建指数,7756.5807,0.00204225105658384
2025-07-03,2025-05-21,930608.CSI,中证基建指数,7763.2415,0.000858728898417871
2025-07-03,2025-05-22,930608.CSI,中证基建指数,7706.793,-0.00727125389568273
2025-07-03,2025-05-23,930608.CSI,中证基建指数,7628.203,-0.010197497195007
2025-07-03,2025-05-26,930608.CSI,中证基建指数,7648.9663,0.00272191235602937
2025-07-03,2025-05-27,930608.CSI,中证基建指数,7593.2158,-0.00728863192925822
2025-07-03,2025-05-28,930608.CSI,中证基建指数,7594.2809,0.000140269949920224
2025-07-03,2025-05-29,930608.CSI,中证基建指数,7657.9645,0.00838573142586818
2025-07-03,2025-05-30,930608.CSI,中证基建指数,7648.0432,-0.00129555314600893
2025-07-03,2025-06-03,930608.CSI,中证基建指数,7622.2178,-0.00337673301845365
2025-07-03,2025-06-04,930608.CSI,中证基建指数,7643.1318,0.00274382083387859
2025-07-03,2025-06-05,930608.CSI,中证基建指数,7635.3644,-0.00101625880637046
2025-07-03,2025-06-06,930608.CSI,中证基建指数,7694.4594,0.00773964370318714
2025-07-03,2025-06-09,930608.CSI,中证基建指数,7682.4284,-0.00156359262874273
2025-07-03,2025-06-10,930608.CSI,中证基建指数,7651.4332,-0.00403455761462079
2025-07-03,2025-06-11,930608.CSI,中证基建指数,7694.4043,0.00561608510154676
2025-07-03,2025-06-12,930608.CSI,中证基建指数,7673.4203,-0.00272717668345035
2025-07-03,2025-06-13,930608.CSI,中证基建指数,7642.467,-0.00403383351749942
2025-07-03,2025-06-16,930608.CSI,中证基建指数,7628.6824,-0.00180368459556313
2025-07-03,2025-06-17,930608.CSI,中证基建指数,7666.7069,0.0049844125113927
2025-07-03,2025-06-18,930608.CSI,中证基建指数,7639.1055,-0.00360016371566263
2025-07-03,2025-06-19,930608.CSI,中证基建指数,7518.8378,-0.0157436888389615
2025-07-03,2025-06-20,930608.CSI,中证基建指数,7515.1849,-0.000485833063189611
2025-07-03,2025-06-23,930608.CSI,中证基建指数,7531.3485,0.00215079205835633
2025-07-03,2025-06-24,930608.CSI,中证基建指数,7674.4722,0.0190037282167994
2025-07-03,2025-06-25,930608.CSI,中证基建指数,7726.5279,0.00678296808476286
2025-07-03,2025-06-26,930608.CSI,中证基建指数,7695.019,-0.00407801543044961
2025-07-03,2025-06-27,930608.CSI,中证基建指数,7712.0345,0.00221123560578596
2025-07-03,2025-06-30,930608.CSI,中证基建指数,7705.5136,-0.000845548603290003
2025-07-03,2025-07-01,930608.CSI,中证基建指数,7694.0815,-0.00148362595843055
2025-07-03,2025-07-02,930608.CSI,中证基建指数,7790.8807,0.0125809948854843
2025-07-03,2025-07-03,930608.CSI,中证基建指数,7771.7365,-0.00245725749593362
2025-07-03,2025-04-07,930632.CSI,中证稀有金属主题指数,1369.1378,-0.0862388269902289
2025-07-03,2025-04-08,930632.CSI,中证稀有金属主题指数,1380.0034,0.007936089413352
2025-07-03,2025-04-09,930632.CSI,中证稀有金属主题指数,1405.0682,0.0181628538016645
2025-07-03,2025-04-10,930632.CSI,中证稀有金属主题指数,1428.8091,0.0168966175449705
2025-07-03,2025-04-11,930632.CSI,中证稀有金属主题指数,1429.4668,0.000460313417656621
2025-07-03,2025-04-14,930632.CSI,中证稀有金属主题指数,1447.2137,0.0124150487440493
2025-07-03,2025-04-15,930632.CSI,中证稀有金属主题指数,1436.9358,-0.00710185372070482
2025-07-03,2025-04-16,930632.CSI,中证稀有金属主题指数,1422.2875,-0.0101941227993624
2025-07-03,2025-04-17,930632.CSI,中证稀有金属主题指数,1413.8511,-0.00593157150013612
2025-07-03,2025-04-18,930632.CSI,中证稀有金属主题指数,1411.9192,-0.00136640980086233
2025-07-03,2025-04-21,930632.CSI,中证稀有金属主题指数,1438.6753,0.0189501637204168
2025-07-03,2025-04-22,930632.CSI,中证稀有金属主题指数,1432.7763,-0.00410029976882209
2025-07-03,2025-04-23,930632.CSI,中证稀有金属主题指数,1443.2103,0.00728236501399415
2025-07-03,2025-04-24,930632.CSI,中证稀有金属主题指数,1439.0919,-0.00285363817040385
2025-07-03,2025-04-25,930632.CSI,中证稀有金属主题指数,1439.0037,-6.12886501549781e-05
2025-07-03,2025-04-28,930632.CSI,中证稀有金属主题指数,1425.5664,-0.00933791900604564
2025-07-03,2025-04-29,930632.CSI,中证稀有金属主题指数,1425.7367,0.000119461289211031
2025-07-03,2025-04-30,930632.CSI,中证稀有金属主题指数,1425.7597,1.61320109106633e-05
2025-07-03,2025-05-06,930632.CSI,中证稀有金属主题指数,1473.5175,0.0334963879256791
2025-07-03,2025-05-07,930632.CSI,中证稀有金属主题指数,1471.7251,-0.00121640903484332
2025-07-03,2025-05-08,930632.CSI,中证稀有金属主题指数,1478.7618,0.00478125976107902
2025-07-03,2025-05-09,930632.CSI,中证稀有金属主题指数,1471.8331,-0.00468547402292918
2025-07-03,2025-05-12,930632.CSI,中证稀有金属主题指数,1495.8233,0.0162995383104239
2025-07-03,2025-05-13,930632.CSI,中证稀有金属主题指数,1486.1461,-0.00646948072008247
2025-07-03,2025-05-14,930632.CSI,中证稀有金属主题指数,1504.9273,0.0126375192856207
2025-07-03,2025-05-15,930632.CSI,中证稀有金属主题指数,1490.7566,-0.00941620236406115
2025-07-03,2025-05-16,930632.CSI,中证稀有金属主题指数,1489.1609,-0.00107039606599757
2025-07-03,2025-05-19,930632.CSI,中证稀有金属主题指数,1476.0718,-0.008789580763234
2025-07-03,2025-05-20,930632.CSI,中证稀有金属主题指数,1482.4523,0.00432262170444564
2025-07-03,2025-05-21,930632.CSI,中证稀有金属主题指数,1489.9701,0.00507119183531235
2025-07-03,2025-05-22,930632.CSI,中证稀有金属主题指数,1468.8722,-0.0141599485788338
2025-07-03,2025-05-23,930632.CSI,中证稀有金属主题指数,1464.9429,-0.00267504552131903
2025-07-03,2025-05-26,930632.CSI,中证稀有金属主题指数,1467.0407,0.00143200120632692
2025-07-03,2025-05-27,930632.CSI,中证稀有金属主题指数,1454.353,-0.00864849898165743
2025-07-03,2025-05-28,930632.CSI,中证稀有金属主题指数,1445.8232,-0.00586501351460067
2025-07-03,2025-05-29,930632.CSI,中证稀有金属主题指数,1461.5868,0.0109028545122254
2025-07-03,2025-05-30,930632.CSI,中证稀有金属主题指数,1443.3427,-0.0124823924244527
2025-07-03,2025-06-03,930632.CSI,中证稀有金属主题指数,1456.0019,0.00877075139535477
2025-07-03,2025-06-04,930632.CSI,中证稀有金属主题指数,1490.8344,0.023923389110962
2025-07-03,2025-06-05,930632.CSI,中证稀有金属主题指数,1494.3979,0.00239027218583088
2025-07-03,2025-06-06,930632.CSI,中证稀有金属主题指数,1501.3505,0.00465244229799855
2025-07-03,2025-06-09,930632.CSI,中证稀有金属主题指数,1518.69,0.0115492684752827
2025-07-03,2025-06-10,930632.CSI,中证稀有金属主题指数,1512.8074,-0.00387346989839932
2025-07-03,2025-06-11,930632.CSI,中证稀有金属主题指数,1554.998,0.0278889434306047
2025-07-03,2025-06-12,930632.CSI,中证稀有金属主题指数,1555.4004,0.000258778467882248
2025-07-03,2025-06-13,930632.CSI,中证稀有金属主题指数,1544.978,-0.00670078264091989
2025-07-03,2025-06-16,930632.CSI,中证稀有金属主题指数,1550.3014,0.00344561540682142
2025-07-03,2025-06-17,930632.CSI,中证稀有金属主题指数,1548.6922,-0.00103799170922514
2025-07-03,2025-06-18,930632.CSI,中证稀有金属主题指数,1525.8071,-0.0147770486607991
2025-07-03,2025-06-19,930632.CSI,中证稀有金属主题指数,1504.2593,-0.0141222307852678
2025-07-03,2025-06-20,930632.CSI,中证稀有金属主题指数,1495.962,-0.0055158708342371
2025-07-03,2025-06-23,930632.CSI,中证稀有金属主题指数,1520.1337,0.0161579639055003
2025-07-03,2025-06-24,930632.CSI,中证稀有金属主题指数,1546.4583,0.0173172925513065
2025-07-03,2025-06-25,930632.CSI,中证稀有金属主题指数,1556.9631,0.00679281167814216
2025-07-03,2025-06-26,930632.CSI,中证稀有金属主题指数,1555.9293,-0.000663984907542048
2025-07-03,2025-06-27,930632.CSI,中证稀有金属主题指数,1573.3368,0.0111878476740557
2025-07-03,2025-06-30,930632.CSI,中证稀有金属主题指数,1590.3718,0.0108273066516971
2025-07-03,2025-07-01,930632.CSI,中证稀有金属主题指数,1591.8917,0.000955688474858496
2025-07-03,2025-07-02,930632.CSI,中证稀有金属主题指数,1599.5402,0.00480466102059585
2025-07-03,2025-07-03,930632.CSI,中证稀有金属主题指数,1612.2643,0.00795484852459483
2025-07-03,2025-04-07,930633.CSI,中证旅游主题指数,2632.3652,-0.0711675247589314
2025-07-03,2025-04-08,930633.CSI,中证旅游主题指数,2735.8166,0.0392997901658934
2025-07-03,2025-04-09,930633.CSI,中证旅游主题指数,2886.5092,0.0550813969035788
2025-07-03,2025-04-10,930633.CSI,中证旅游主题指数,2944.3955,0.0200540847054982
2025-07-03,2025-04-11,930633.CSI,中证旅游主题指数,2912.993,-0.0106651772834186
2025-07-03,2025-04-14,930633.CSI,中证旅游主题指数,2929.9326,0.00581518733481334
2025-07-03,2025-04-15,930633.CSI,中证旅游主题指数,2892.6619,-0.0127206680454015
2025-07-03,2025-04-16,930633.CSI,中证旅游主题指数,2948.3628,0.0192559317077463
2025-07-03,2025-04-17,930633.CSI,中证旅游主题指数,2978.9182,0.0103635142866407
2025-07-03,2025-04-18,930633.CSI,中证旅游主题指数,2891.3602,-0.0293925492818164
2025-07-03,2025-04-21,930633.CSI,中证旅游主题指数,2888.2828,-0.00106434334954186
2025-07-03,2025-04-22,930633.CSI,中证旅游主题指数,2866.8038,-0.00743659865993729
2025-07-03,2025-04-23,930633.CSI,中证旅游主题指数,2828.0497,-0.0135182254188445
2025-07-03,2025-04-24,930633.CSI,中证旅游主题指数,2820.8491,-0.00254613630022138
2025-07-03,2025-04-25,930633.CSI,中证旅游主题指数,2835.8833,0.00532967183533506
2025-07-03,2025-04-28,930633.CSI,中证旅游主题指数,2791.3891,-0.0156897147354407
2025-07-03,2025-04-29,930633.CSI,中证旅游主题指数,2771.799,-0.00701804703615128
2025-07-03,2025-04-30,930633.CSI,中证旅游主题指数,2757.1671,-0.00527884597692685
2025-07-03,2025-05-06,930633.CSI,中证旅游主题指数,2798.3764,0.0149462468197883
2025-07-03,2025-05-07,930633.CSI,中证旅游主题指数,2787.7187,-0.00380852983179825
2025-07-03,2025-05-08,930633.CSI,中证旅游主题指数,2781.1874,-0.00234288344803224
2025-07-03,2025-05-09,930633.CSI,中证旅游主题指数,2758.9298,-0.00800291271274989
2025-07-03,2025-05-12,930633.CSI,中证旅游主题指数,2783.8062,0.00901668465794248
2025-07-03,2025-05-13,930633.CSI,中证旅游主题指数,2798.6668,0.00533823080069284
2025-07-03,2025-05-14,930633.CSI,中证旅游主题指数,2793.5014,-0.00184566451426083
2025-07-03,2025-05-15,930633.CSI,中证旅游主题指数,2779.229,-0.00510914367180926
2025-07-03,2025-05-16,930633.CSI,中证旅游主题指数,2789.5627,0.00371818946909386
2025-07-03,2025-05-19,930633.CSI,中证旅游主题指数,2798.4464,0.00318462101604666
2025-07-03,2025-05-20,930633.CSI,中证旅游主题指数,2817.8157,0.00692144755747348
2025-07-03,2025-05-21,930633.CSI,中证旅游主题指数,2819.9237,0.00074809718747737
2025-07-03,2025-05-22,930633.CSI,中证旅游主题指数,2792.1326,-0.0098552666513636
2025-07-03,2025-05-23,930633.CSI,中证旅游主题指数,2757.1789,-0.0125186389786789
2025-07-03,2025-05-26,930633.CSI,中证旅游主题指数,2789.1514,0.0115960919329539
2025-07-03,2025-05-27,930633.CSI,中证旅游主题指数,2797.1206,0.00285721312941267
2025-07-03,2025-05-28,930633.CSI,中证旅游主题指数,2800.6026,0.00124485158058607
2025-07-03,2025-05-29,930633.CSI,中证旅游主题指数,2807.5833,0.00249257070603282
2025-07-03,2025-05-30,930633.CSI,中证旅游主题指数,2780.799,-0.00953998408524503
2025-07-03,2025-06-03,930633.CSI,中证旅游主题指数,2797.8942,0.00614758563995466
2025-07-03,2025-06-04,930633.CSI,中证旅游主题指数,2826.8247,0.0103400979207862
2025-07-03,2025-06-05,930633.CSI,中证旅游主题指数,2815.7142,-0.00393038167524151
2025-07-03,2025-06-06,930633.CSI,中证旅游主题指数,2814.6697,-0.000370953841835164
2025-07-03,2025-06-09,930633.CSI,中证旅游主题指数,2829.7846,0.0053700439522264
2025-07-03,2025-06-10,930633.CSI,中证旅游主题指数,2829.0262,-0.000268006264505183
2025-07-03,2025-06-11,930633.CSI,中证旅游主题指数,2845.0809,0.00567499162786134
2025-07-03,2025-06-12,930633.CSI,中证旅游主题指数,2824.1046,-0.00737283076906525
2025-07-03,2025-06-13,930633.CSI,中证旅游主题指数,2763.9772,-0.0212907836345723
2025-07-03,2025-06-16,930633.CSI,中证旅游主题指数,2757.2843,-0.00242147438842844
2025-07-03,2025-06-17,930633.CSI,中证旅游主题指数,2761.5825,0.00155885267253741
2025-07-03,2025-06-18,930633.CSI,中证旅游主题指数,2742.4292,-0.00693562477311471
2025-07-03,2025-06-19,930633.CSI,中证旅游主题指数,2727.9207,-0.00529038270158444
2025-07-03,2025-06-20,930633.CSI,中证旅游主题指数,2709.6909,-0.00668267226389685
2025-07-03,2025-06-23,930633.CSI,中证旅游主题指数,2710.137,0.000164631323816389
2025-07-03,2025-06-24,930633.CSI,中证旅游主题指数,2749.3163,0.0144565754424959
2025-07-03,2025-06-25,930633.CSI,中证旅游主题指数,2776.6187,0.00993061438583842
2025-07-03,2025-06-26,930633.CSI,中证旅游主题指数,2797.5071,0.00752296309176326
2025-07-03,2025-06-27,930633.CSI,中证旅游主题指数,2783.5072,-0.00500441982792454
2025-07-03,2025-06-30,930633.CSI,中证旅游主题指数,2780.9619,-0.000914421920661934
2025-07-03,2025-07-01,930633.CSI,中证旅游主题指数,2768.3271,-0.00454332006490266
2025-07-03,2025-07-02,930633.CSI,中证旅游主题指数,2765.933,-0.000864818322950378
2025-07-03,2025-07-03,930633.CSI,中证旅游主题指数,2756.9353,-0.00325304336728327
2025-07-03,2025-04-07,930641.CSI,中证中药指数,9237.5097,-0.0663205440961663
2025-07-03,2025-04-08,930641.CSI,中证中药指数,9451.8339,0.0232015128492908
2025-07-03,2025-04-09,930641.CSI,中证中药指数,9552.606,0.010661645249606
2025-07-03,2025-04-10,930641.CSI,中证中药指数,9650.3627,0.0102335111486855
2025-07-03,2025-04-11,930641.CSI,中证中药指数,9599.2406,-0.0052974278365725
2025-07-03,2025-04-14,930641.CSI,中证中药指数,9618.4352,0.00199959567634966
2025-07-03,2025-04-15,930641.CSI,中证中药指数,9716.8573,0.0102326519806464
2025-07-03,2025-04-16,930641.CSI,中证中药指数,9689.3358,-0.00283234580382274
2025-07-03,2025-04-17,930641.CSI,中证中药指数,9681.1513,-0.000844691542221221
2025-07-03,2025-04-18,930641.CSI,中证中药指数,9635.464,-0.00471920111402446
2025-07-03,2025-04-21,930641.CSI,中证中药指数,9646.856,0.00118229905690059
2025-07-03,2025-04-22,930641.CSI,中证中药指数,9753.3623,0.0110405193153087
2025-07-03,2025-04-23,930641.CSI,中证中药指数,9627.3784,-0.0129169712069448
2025-07-03,2025-04-24,930641.CSI,中证中药指数,9671.3754,0.00456998760950356
2025-07-03,2025-04-25,930641.CSI,中证中药指数,9595.4669,-0.00784878022623348
2025-07-03,2025-04-28,930641.CSI,中证中药指数,9491.8465,-0.0107988908804427
2025-07-03,2025-04-29,930641.CSI,中证中药指数,9471.5369,-0.00213968904785811
2025-07-03,2025-04-30,930641.CSI,中证中药指数,9487.7485,0.00171161239946183
2025-07-03,2025-05-06,930641.CSI,中证中药指数,9533.5561,0.00482807907481941
2025-07-03,2025-05-07,930641.CSI,中证中药指数,9600.3831,0.00700966137913639
2025-07-03,2025-05-08,930641.CSI,中证中药指数,9610.1823,0.0010207092673209
2025-07-03,2025-05-09,930641.CSI,中证中药指数,9624.7363,0.00151443537132478
2025-07-03,2025-05-12,930641.CSI,中证中药指数,9621.9503,-0.0002894624759745
2025-07-03,2025-05-13,930641.CSI,中证中药指数,9666.0376,0.00458195050124077
2025-07-03,2025-05-14,930641.CSI,中证中药指数,9695.304,0.00302775565449909
2025-07-03,2025-05-15,930641.CSI,中证中药指数,9696.2997,0.000102699203655687
2025-07-03,2025-05-16,930641.CSI,中证中药指数,9801.6185,0.0108617517257641
2025-07-03,2025-05-19,930641.CSI,中证中药指数,9745.5374,-0.00572161628204582
2025-07-03,2025-05-20,930641.CSI,中证中药指数,9847.9109,0.0105046541609908
2025-07-03,2025-05-21,930641.CSI,中证中药指数,9859.7135,0.00119848769143505
2025-07-03,2025-05-22,930641.CSI,中证中药指数,9775.45,-0.00854624224121714
2025-07-03,2025-05-23,930641.CSI,中证中药指数,9806.6602,0.00319271235595298
2025-07-03,2025-05-26,930641.CSI,中证中药指数,9696.2794,-0.011255697428978
2025-07-03,2025-05-27,930641.CSI,中证中药指数,9781.8558,0.00882569452361293
2025-07-03,2025-05-28,930641.CSI,中证中药指数,9768.7434,-0.00134048183372326
2025-07-03,2025-05-29,930641.CSI,中证中药指数,9842.8181,0.00758282789985065
2025-07-03,2025-05-30,930641.CSI,中证中药指数,9883.3421,0.00411711357339817
2025-07-03,2025-06-03,930641.CSI,中证中药指数,10040.7425,0.0159258273575293
2025-07-03,2025-06-04,930641.CSI,中证中药指数,10032.9621,-0.000774882933209375
2025-07-03,2025-06-05,930641.CSI,中证中药指数,9913.2325,-0.0119336242683504
2025-07-03,2025-06-06,930641.CSI,中证中药指数,9894.1796,-0.00192196642215348
2025-07-03,2025-06-09,930641.CSI,中证中药指数,10018.4823,0.0125632144377084
2025-07-03,2025-06-10,930641.CSI,中证中药指数,10029.9243,0.00114208915655833
2025-07-03,2025-06-11,930641.CSI,中证中药指数,10060.7203,0.00307041200699798
2025-07-03,2025-06-12,930641.CSI,中证中药指数,10034.3032,-0.00262576626844502
2025-07-03,2025-06-13,930641.CSI,中证中药指数,9862.7207,-0.0170995929243997
2025-07-03,2025-06-16,930641.CSI,中证中药指数,9798.6959,-0.00649159617791861
2025-07-03,2025-06-17,930641.CSI,中证中药指数,9746.0825,-0.00536942880327573
2025-07-03,2025-06-18,930641.CSI,中证中药指数,9673.2612,-0.00747185343444401
2025-07-03,2025-06-19,930641.CSI,中证中药指数,9583.9987,-0.00922775661221686
2025-07-03,2025-06-20,930641.CSI,中证中药指数,9586.5202,0.000263094776922435
2025-07-03,2025-06-23,930641.CSI,中证中药指数,9573.4488,-0.0013635187458324
2025-07-03,2025-06-24,930641.CSI,中证中药指数,9674.2118,0.010525256060282
2025-07-03,2025-06-25,930641.CSI,中证中药指数,9713.4553,0.00405650618482434
2025-07-03,2025-06-26,930641.CSI,中证中药指数,9681.182,-0.00332253549362593
2025-07-03,2025-06-27,930641.CSI,中证中药指数,9689.2323,0.000831541024639337
2025-07-03,2025-06-30,930641.CSI,中证中药指数,9656.6708,-0.00336058616326085
2025-07-03,2025-07-01,930641.CSI,中证中药指数,9714.6577,0.00600485417810859
2025-07-03,2025-07-02,930641.CSI,中证中药指数,9670.3122,-0.00456480314278074
2025-07-03,2025-07-03,930641.CSI,中证中药指数,9791.2527,0.0125063697529846
2025-07-03,2025-04-07,930651.CSI,中证计算机主题指数,6375.5648,-0.105471982237524
2025-07-03,2025-04-08,930651.CSI,中证计算机主题指数,6410.2649,0.00544267074189264
2025-07-03,2025-04-09,930651.CSI,中证计算机主题指数,6647.0084,0.0369319370873424
2025-07-03,2025-04-10,930651.CSI,中证计算机主题指数,6742.7807,0.0144083314232009
2025-07-03,2025-04-11,930651.CSI,中证计算机主题指数,6799.9283,0.00847537574520252
2025-07-03,2025-04-14,930651.CSI,中证计算机主题指数,6819.194,0.00283322105028683
2025-07-03,2025-04-15,930651.CSI,中证计算机主题指数,6768.3991,-0.00744881286556753
2025-07-03,2025-04-16,930651.CSI,中证计算机主题指数,6707.0084,-0.00907019504804318
2025-07-03,2025-04-17,930651.CSI,中证计算机主题指数,6717.3004,0.00153451425526763
2025-07-03,2025-04-18,930651.CSI,中证计算机主题指数,6719.6318,0.000347073952506216
2025-07-03,2025-04-21,930651.CSI,中证计算机主题指数,6862.4918,0.0212600934473819
2025-07-03,2025-04-22,930651.CSI,中证计算机主题指数,6759.9721,-0.0149391362478568
2025-07-03,2025-04-23,930651.CSI,中证计算机主题指数,6796.0313,0.00533422319893884
2025-07-03,2025-04-24,930651.CSI,中证计算机主题指数,6642.3626,-0.0226115350587039
2025-07-03,2025-04-25,930651.CSI,中证计算机主题指数,6692.9706,0.00761897581441873
2025-07-03,2025-04-28,930651.CSI,中证计算机主题指数,6665.7177,-0.00407186907409984
2025-07-03,2025-04-29,930651.CSI,中证计算机主题指数,6703.4105,0.00565472492181907
2025-07-03,2025-04-30,930651.CSI,中证计算机主题指数,6850.3669,0.0219226317707979
2025-07-03,2025-05-06,930651.CSI,中证计算机主题指数,7073.8214,0.032619347731579
2025-07-03,2025-05-07,930651.CSI,中证计算机主题指数,7026.7609,-0.00665276903937662
2025-07-03,2025-05-08,930651.CSI,中证计算机主题指数,7068.2865,0.00590963611697681
2025-07-03,2025-05-09,930651.CSI,中证计算机主题指数,6943.1325,-0.017706413004057
2025-07-03,2025-05-12,930651.CSI,中证计算机主题指数,7055.892,0.0162404361431963
2025-07-03,2025-05-13,930651.CSI,中证计算机主题指数,6999.9645,-0.00792635431494693
2025-07-03,2025-05-14,930651.CSI,中证计算机主题指数,7040.6202,0.00580798659764636
2025-07-03,2025-05-15,930651.CSI,中证计算机主题指数,6844.7822,-0.0278154472811928
2025-07-03,2025-05-16,930651.CSI,中证计算机主题指数,6824.6744,-0.00293768295505437
2025-07-03,2025-05-19,930651.CSI,中证计算机主题指数,6801.0616,-0.00345991597782302
2025-07-03,2025-05-20,930651.CSI,中证计算机主题指数,6808.6438,0.00111485536316858
2025-07-03,2025-05-21,930651.CSI,中证计算机主题指数,6782.3516,-0.00386159134951369
2025-07-03,2025-05-22,930651.CSI,中证计算机主题指数,6718.4309,-0.00942456300849981
2025-07-03,2025-05-23,930651.CSI,中证计算机主题指数,6604.0018,-0.0170321168295413
2025-07-03,2025-05-26,930651.CSI,中证计算机主题指数,6684.1634,0.0121383370913073
2025-07-03,2025-05-27,930651.CSI,中证计算机主题指数,6633.994,-0.00750571118593546
2025-07-03,2025-05-28,930651.CSI,中证计算机主题指数,6578.5517,-0.00835730330778106
2025-07-03,2025-05-29,930651.CSI,中证计算机主题指数,6746.3828,0.0255118615241712
2025-07-03,2025-05-30,930651.CSI,中证计算机主题指数,6639.148,-0.0158951549562234
2025-07-03,2025-06-03,930651.CSI,中证计算机主题指数,6658.9369,0.00298063847951568
2025-07-03,2025-06-04,930651.CSI,中证计算机主题指数,6721.1269,0.00933932862466391
2025-07-03,2025-06-05,930651.CSI,中证计算机主题指数,6847.91,0.0188633694745444
2025-07-03,2025-06-06,930651.CSI,中证计算机主题指数,6822.6118,-0.00369429504768615
2025-07-03,2025-06-09,930651.CSI,中证计算机主题指数,6887.4988,0.00951058068407185
2025-07-03,2025-06-10,930651.CSI,中证计算机主题指数,6764.6238,-0.017840293489416
2025-07-03,2025-06-11,930651.CSI,中证计算机主题指数,6781.3828,0.00247744745243628
2025-07-03,2025-06-12,930651.CSI,中证计算机主题指数,6760.3061,-0.00310802392691956
2025-07-03,2025-06-13,930651.CSI,中证计算机主题指数,6663.5348,-0.0143146328832654
2025-07-03,2025-06-16,930651.CSI,中证计算机主题指数,6728.5144,0.009751521069568
2025-07-03,2025-06-17,930651.CSI,中证计算机主题指数,6704.5707,-0.00355854183800208
2025-07-03,2025-06-18,930651.CSI,中证计算机主题指数,6709.094,0.000674659154537682
2025-07-03,2025-06-19,930651.CSI,中证计算机主题指数,6608.6651,-0.0149690703394527
2025-07-03,2025-06-20,930651.CSI,中证计算机主题指数,6512.4954,-0.0145520613535101
2025-07-03,2025-06-23,930651.CSI,中证计算机主题指数,6577.3601,0.00996003774528575
2025-07-03,2025-06-24,930651.CSI,中证计算机主题指数,6746.202,0.0256701621065267
2025-07-03,2025-06-25,930651.CSI,中证计算机主题指数,6966.9347,0.0327195509414038
2025-07-03,2025-06-26,930651.CSI,中证计算机主题指数,6964.2099,-0.000391104569991141
2025-07-03,2025-06-27,930651.CSI,中证计算机主题指数,6957.602,-0.000948836995852131
2025-07-03,2025-06-30,930651.CSI,中证计算机主题指数,7028.5149,0.0101921466620252
2025-07-03,2025-07-01,930651.CSI,中证计算机主题指数,6951.4014,-0.0109715211672953
2025-07-03,2025-07-02,930651.CSI,中证计算机主题指数,6845.6248,-0.0152165863993986
2025-07-03,2025-07-03,930651.CSI,中证计算机主题指数,6897.9729,0.00764694261362386
2025-07-03,2025-04-07,930697.CSI,中证全指家用电器指数,10381.3111,-0.0938705878761946
2025-07-03,2025-04-08,930697.CSI,中证全指家用电器指数,10352.4012,-0.00278480239360135
2025-07-03,2025-04-09,930697.CSI,中证全指家用电器指数,10459.3784,0.0103335639658169
2025-07-03,2025-04-10,930697.CSI,中证全指家用电器指数,10728.413,0.0257218536046082
2025-07-03,2025-04-11,930697.CSI,中证全指家用电器指数,10759.0811,0.00285858681987716
2025-07-03,2025-04-14,930697.CSI,中证全指家用电器指数,10700.6003,-0.00543548277556893
2025-07-03,2025-04-15,930697.CSI,中证全指家用电器指数,10778.8074,0.00730866472977221
2025-07-03,2025-04-16,930697.CSI,中证全指家用电器指数,10681.6778,-0.00901116388813106
2025-07-03,2025-04-17,930697.CSI,中证全指家用电器指数,10667.5967,-0.00131824796288083
2025-07-03,2025-04-18,930697.CSI,中证全指家用电器指数,10706.5729,0.0036537001815975
2025-07-03,2025-04-21,930697.CSI,中证全指家用电器指数,10856.1382,0.0139694841100835
2025-07-03,2025-04-22,930697.CSI,中证全指家用电器指数,10826.234,-0.0027545891042543
2025-07-03,2025-04-23,930697.CSI,中证全指家用电器指数,10944.2643,0.0109022491108173
2025-07-03,2025-04-24,930697.CSI,中证全指家用电器指数,10905.5155,-0.00354055776960738
2025-07-03,2025-04-25,930697.CSI,中证全指家用电器指数,10945.9563,0.00370828870950679
2025-07-03,2025-04-28,930697.CSI,中证全指家用电器指数,10927.4268,-0.0016928169172391
2025-07-03,2025-04-29,930697.CSI,中证全指家用电器指数,10988.3292,0.00557335236507828
2025-07-03,2025-04-30,930697.CSI,中证全指家用电器指数,11044.0755,0.00507322805727384
2025-07-03,2025-05-06,930697.CSI,中证全指家用电器指数,11245.8653,0.0182713165986594
2025-07-03,2025-05-07,930697.CSI,中证全指家用电器指数,11291.5719,0.00406430263752156
2025-07-03,2025-05-08,930697.CSI,中证全指家用电器指数,11395.1486,0.00917292126528446
2025-07-03,2025-05-09,930697.CSI,中证全指家用电器指数,11405.1429,0.000877066227991108
2025-07-03,2025-05-12,930697.CSI,中证全指家用电器指数,11615.0844,0.0184076167954019
2025-07-03,2025-05-13,930697.CSI,中证全指家用电器指数,11589.4679,-0.00220545104261149
2025-07-03,2025-05-14,930697.CSI,中证全指家用电器指数,11581.1531,-0.000717444499759967
2025-07-03,2025-05-15,930697.CSI,中证全指家用电器指数,11416.3411,-0.0142310526919811
2025-07-03,2025-05-16,930697.CSI,中证全指家用电器指数,11405.7341,-0.000929106787112333
2025-07-03,2025-05-19,930697.CSI,中证全指家用电器指数,11436.4465,0.0026927157630301
2025-07-03,2025-05-20,930697.CSI,中证全指家用电器指数,11616.2766,0.0157242986272002
2025-07-03,2025-05-21,930697.CSI,中证全指家用电器指数,11562.6794,-0.00461397415416209
2025-07-03,2025-05-22,930697.CSI,中证全指家用电器指数,11546.5286,-0.00139680427358402
2025-07-03,2025-05-23,930697.CSI,中证全指家用电器指数,11462.7667,-0.00725429286166579
2025-07-03,2025-05-26,930697.CSI,中证全指家用电器指数,11371.8093,-0.00793503020522957
2025-07-03,2025-05-27,930697.CSI,中证全指家用电器指数,11282.2818,-0.00787275776775465
2025-07-03,2025-05-28,930697.CSI,中证全指家用电器指数,11316.0789,0.00299559083872558
2025-07-03,2025-05-29,930697.CSI,中证全指家用电器指数,11356.745,0.00359365645638965
2025-07-03,2025-05-30,930697.CSI,中证全指家用电器指数,11241.535,-0.0101446321106973
2025-07-03,2025-06-03,930697.CSI,中证全指家用电器指数,11096.1264,-0.0129349417139208
2025-07-03,2025-06-04,930697.CSI,中证全指家用电器指数,11181.819,0.00772274908476178
2025-07-03,2025-06-05,930697.CSI,中证全指家用电器指数,11215.4879,0.00301103961707838
2025-07-03,2025-06-06,930697.CSI,中证全指家用电器指数,11182.3464,-0.00295497621641583
2025-07-03,2025-06-09,930697.CSI,中证全指家用电器指数,11186.4073,0.000363152763716901
2025-07-03,2025-06-10,930697.CSI,中证全指家用电器指数,11116.1882,-0.0062771806994727
2025-07-03,2025-06-11,930697.CSI,中证全指家用电器指数,11147.9363,0.00285602397411711
2025-07-03,2025-06-12,930697.CSI,中证全指家用电器指数,11039.7926,-0.00970078201828251
2025-07-03,2025-06-13,930697.CSI,中证全指家用电器指数,10858.4722,-0.0164242578252783
2025-07-03,2025-06-16,930697.CSI,中证全指家用电器指数,10882.0519,0.00217154859041768
2025-07-03,2025-06-17,930697.CSI,中证全指家用电器指数,10910.813,0.00264298500542903
2025-07-03,2025-06-18,930697.CSI,中证全指家用电器指数,10917.6839,0.000629733091383811
2025-07-03,2025-06-19,930697.CSI,中证全指家用电器指数,10839.4135,-0.00716913960111998
2025-07-03,2025-06-20,930697.CSI,中证全指家用电器指数,10782.5249,-0.00524830979093105
2025-07-03,2025-06-23,930697.CSI,中证全指家用电器指数,10736.5211,-0.00426651460828065
2025-07-03,2025-06-24,930697.CSI,中证全指家用电器指数,10962.2544,0.0210248084922033
2025-07-03,2025-06-25,930697.CSI,中证全指家用电器指数,11129.8538,0.0152887712585836
2025-07-03,2025-06-26,930697.CSI,中证全指家用电器指数,11075.7913,-0.00485743128090321
2025-07-03,2025-06-27,930697.CSI,中证全指家用电器指数,11069.1635,-0.000598404197088898
2025-07-03,2025-06-30,930697.CSI,中证全指家用电器指数,11111.4187,0.0038173796963068
2025-07-03,2025-07-01,930697.CSI,中证全指家用电器指数,11135.201,0.00214034774875316
2025-07-03,2025-07-02,930697.CSI,中证全指家用电器指数,11184.142,0.00439516089561387
2025-07-03,2025-07-03,930697.CSI,中证全指家用电器指数,11242.5667,0.00522388753647784
2025-07-03,2025-04-07,930707.CSI,中证畜牧养殖指数,2017.382,-0.022134783059485
2025-07-03,2025-04-08,930707.CSI,中证畜牧养殖指数,2170.9326,0.076113795007589
2025-07-03,2025-04-09,930707.CSI,中证畜牧养殖指数,2174.5013,0.00164385573278492
2025-07-03,2025-04-10,930707.CSI,中证畜牧养殖指数,2180.2663,0.00265118259529196
2025-07-03,2025-04-11,930707.CSI,中证畜牧养殖指数,2118.1447,-0.0284926662398992
2025-07-03,2025-04-14,930707.CSI,中证畜牧养殖指数,2132.4351,0.00674665899832072
2025-07-03,2025-04-15,930707.CSI,中证畜牧养殖指数,2127.3005,-0.00240785757090578
2025-07-03,2025-04-16,930707.CSI,中证畜牧养殖指数,2109.2438,-0.00848808149107272
2025-07-03,2025-04-17,930707.CSI,中证畜牧养殖指数,2109.245,5.68924275023974e-07
2025-07-03,2025-04-18,930707.CSI,中证畜牧养殖指数,2081.0042,-0.0133890562736904
2025-07-03,2025-04-21,930707.CSI,中证畜牧养殖指数,2093.7741,0.00613641241089291
2025-07-03,2025-04-22,930707.CSI,中证畜牧养殖指数,2118.3125,0.0117196979368499
2025-07-03,2025-04-23,930707.CSI,中证畜牧养殖指数,2080.1389,-0.0180207594488537
2025-07-03,2025-04-24,930707.CSI,中证畜牧养殖指数,2096.7323,0.00797706345475313
2025-07-03,2025-04-25,930707.CSI,中证畜牧养殖指数,2086.8287,-0.00472334975714361
2025-07-03,2025-04-28,930707.CSI,中证畜牧养殖指数,2067.1856,-0.00941289527022526
2025-07-03,2025-04-29,930707.CSI,中证畜牧养殖指数,2076.2154,0.00436816123332151
2025-07-03,2025-04-30,930707.CSI,中证畜牧养殖指数,2069.151,-0.00340253713559791
2025-07-03,2025-05-06,930707.CSI,中证畜牧养殖指数,2083.8789,0.00711784688502681
2025-07-03,2025-05-07,930707.CSI,中证畜牧养殖指数,2085.0905,0.000581415743496239
2025-07-03,2025-05-08,930707.CSI,中证畜牧养殖指数,2081.599,-0.00167450765326471
2025-07-03,2025-05-09,930707.CSI,中证畜牧养殖指数,2075.1922,-0.00307782622877906
2025-07-03,2025-05-12,930707.CSI,中证畜牧养殖指数,2072.1036,-0.00148834406760012
2025-07-03,2025-05-13,930707.CSI,中证畜牧养殖指数,2072.0376,-3.18516892686693e-05
2025-07-03,2025-05-14,930707.CSI,中证畜牧养殖指数,2096.4438,0.0117788403067589
2025-07-03,2025-05-15,930707.CSI,中证畜牧养殖指数,2096.1877,-0.000122159248914788
2025-07-03,2025-05-16,930707.CSI,中证畜牧养殖指数,2086.2991,-0.00471742105919226
2025-07-03,2025-05-19,930707.CSI,中证畜牧养殖指数,2099.2206,0.00619350312714029
2025-07-03,2025-05-20,930707.CSI,中证畜牧养殖指数,2123.8146,0.0117157767983032
2025-07-03,2025-05-21,930707.CSI,中证畜牧养殖指数,2116.3608,-0.00350962838281654
2025-07-03,2025-05-22,930707.CSI,中证畜牧养殖指数,2098.148,-0.00860571600078763
2025-07-03,2025-05-23,930707.CSI,中证畜牧养殖指数,2070.9871,-0.0129451783191654
2025-07-03,2025-05-26,930707.CSI,中证畜牧养殖指数,2080.0471,0.0043747254630413
2025-07-03,2025-05-27,930707.CSI,中证畜牧养殖指数,2087.1968,0.00343727793471627
2025-07-03,2025-05-28,930707.CSI,中证畜牧养殖指数,2068.6936,-0.00886509599861407
2025-07-03,2025-05-29,930707.CSI,中证畜牧养殖指数,2076.9044,0.00396907497562715
2025-07-03,2025-05-30,930707.CSI,中证畜牧养殖指数,2105.5533,0.0137940388589866
2025-07-03,2025-06-03,930707.CSI,中证畜牧养殖指数,2142.5127,0.0175532958486495
2025-07-03,2025-06-04,930707.CSI,中证畜牧养殖指数,2153.1776,0.00497775345742402
2025-07-03,2025-06-05,930707.CSI,中证畜牧养殖指数,2110.4666,-0.0198362643193017
2025-07-03,2025-06-06,930707.CSI,中证畜牧养殖指数,2116.266,0.00274792313699712
2025-07-03,2025-06-09,930707.CSI,中证畜牧养殖指数,2144.0405,0.0131242953390547
2025-07-03,2025-06-10,930707.CSI,中证畜牧养殖指数,2138.5393,-0.00256580974100074
2025-07-03,2025-06-11,930707.CSI,中证畜牧养殖指数,2174.9157,0.0170099282253078
2025-07-03,2025-06-12,930707.CSI,中证畜牧养殖指数,2152.7904,-0.0101729460134938
2025-07-03,2025-06-13,930707.CSI,中证畜牧养殖指数,2132.0302,-0.00964339120055524
2025-07-03,2025-06-16,930707.CSI,中证畜牧养殖指数,2114.2451,-0.00834186119877667
2025-07-03,2025-06-17,930707.CSI,中证畜牧养殖指数,2113.1247,-0.000529929098570525
2025-07-03,2025-06-18,930707.CSI,中证畜牧养殖指数,2091.7929,-0.0100949082654705
2025-07-03,2025-06-19,930707.CSI,中证畜牧养殖指数,2071.2832,-0.00980484253484182
2025-07-03,2025-06-20,930707.CSI,中证畜牧养殖指数,2070.2649,-0.00049162760553445
2025-07-03,2025-06-23,930707.CSI,中证畜牧养殖指数,2070.449,8.89258181404617e-05
2025-07-03,2025-06-24,930707.CSI,中证畜牧养殖指数,2091.3483,0.010094090702065
2025-07-03,2025-06-25,930707.CSI,中证畜牧养殖指数,2096.396,0.00241361039669963
2025-07-03,2025-06-26,930707.CSI,中证畜牧养殖指数,2082.9857,-0.00639683533072954
2025-07-03,2025-06-27,930707.CSI,中证畜牧养殖指数,2083.0557,3.36056075660451e-05
2025-07-03,2025-06-30,930707.CSI,中证畜牧养殖指数,2088.0766,0.00241035321331062
2025-07-03,2025-07-01,930707.CSI,中证畜牧养殖指数,2099.136,0.00529645320482985
2025-07-03,2025-07-02,930707.CSI,中证畜牧养殖指数,2115.0211,0.00756744679715848
2025-07-03,2025-07-03,930707.CSI,中证畜牧养殖指数,2128.133,0.0061994180578151
2025-07-03,2025-04-07,930713.CSI,中证人工智能主题指数,2870.9952,-0.115899733808697
2025-07-03,2025-04-08,930713.CSI,中证人工智能主题指数,2851.7412,-0.0067063852980318
2025-07-03,2025-04-09,930713.CSI,中证人工智能主题指数,2949.269,0.0341993866764627
2025-07-03,2025-04-10,930713.CSI,中证人工智能主题指数,3011.8276,0.0212115612377171
2025-07-03,2025-04-11,930713.CSI,中证人工智能主题指数,3071.2547,0.0197312422530427
2025-07-03,2025-04-14,930713.CSI,中证人工智能主题指数,3092.9026,0.00704855250201164
2025-07-03,2025-04-15,930713.CSI,中证人工智能主题指数,3063.6608,-0.00945448459967657
2025-07-03,2025-04-16,930713.CSI,中证人工智能主题指数,3044.7817,-0.00616226835555689
2025-07-03,2025-04-17,930713.CSI,中证人工智能主题指数,3062.4415,0.00580002172241123
2025-07-03,2025-04-18,930713.CSI,中证人工智能主题指数,3061.6536,-0.00025727838392986
2025-07-03,2025-04-21,930713.CSI,中证人工智能主题指数,3122.0065,0.0197125174448214
2025-07-03,2025-04-22,930713.CSI,中证人工智能主题指数,3078.9849,-0.0137801122451219
2025-07-03,2025-04-23,930713.CSI,中证人工智能主题指数,3118.033,0.0126821342969237
2025-07-03,2025-04-24,930713.CSI,中证人工智能主题指数,3058.9654,-0.0189438662130901
2025-07-03,2025-04-25,930713.CSI,中证人工智能主题指数,3088.4115,0.00962616314653308
2025-07-03,2025-04-28,930713.CSI,中证人工智能主题指数,3080.1843,-0.00266389372012121
2025-07-03,2025-04-29,930713.CSI,中证人工智能主题指数,3102.1515,0.00713178104310197
2025-07-03,2025-04-30,930713.CSI,中证人工智能主题指数,3171.6784,0.0224124772758518
2025-07-03,2025-05-06,930713.CSI,中证人工智能主题指数,3254.9728,0.0262619312222829
2025-07-03,2025-05-07,930713.CSI,中证人工智能主题指数,3236.5485,-0.00566035451970603
2025-07-03,2025-05-08,930713.CSI,中证人工智能主题指数,3274.1557,0.0116195385300113
2025-07-03,2025-05-09,930713.CSI,中证人工智能主题指数,3221.847,-0.0159762408366834
2025-07-03,2025-05-12,930713.CSI,中证人工智能主题指数,3257.9906,0.011218285660368
2025-07-03,2025-05-13,930713.CSI,中证人工智能主题指数,3247.22,-0.00330590272421294
2025-07-03,2025-05-14,930713.CSI,中证人工智能主题指数,3263.3969,0.00498176902088576
2025-07-03,2025-05-15,930713.CSI,中证人工智能主题指数,3185.5173,-0.0238645811056571
2025-07-03,2025-05-16,930713.CSI,中证人工智能主题指数,3192.3101,0.00213240091334632
2025-07-03,2025-05-19,930713.CSI,中证人工智能主题指数,3182.3172,-0.00313030366316858
2025-07-03,2025-05-20,930713.CSI,中证人工智能主题指数,3197.1596,0.00466402280702871
2025-07-03,2025-05-21,930713.CSI,中证人工智能主题指数,3180.6528,-0.005162957770391
2025-07-03,2025-05-22,930713.CSI,中证人工智能主题指数,3178.7572,-0.000595978284709253
2025-07-03,2025-05-23,930713.CSI,中证人工智能主题指数,3124.7418,-0.0169926158562851
2025-07-03,2025-05-26,930713.CSI,中证人工智能主题指数,3140.3492,0.0049947806887598
2025-07-03,2025-05-27,930713.CSI,中证人工智能主题指数,3091.3283,-0.015610015599539
2025-07-03,2025-05-28,930713.CSI,中证人工智能主题指数,3088.5298,-0.000905274279668133
2025-07-03,2025-05-29,930713.CSI,中证人工智能主题指数,3154.8035,0.0214580089206198
2025-07-03,2025-05-30,930713.CSI,中证人工智能主题指数,3102.6251,-0.0165393502321143
2025-07-03,2025-06-03,930713.CSI,中证人工智能主题指数,3105.0422,0.000779049972876145
2025-07-03,2025-06-04,930713.CSI,中证人工智能主题指数,3149.9289,0.0144560676180183
2025-07-03,2025-06-05,930713.CSI,中证人工智能主题指数,3225.1232,0.0238717451685972
2025-07-03,2025-06-06,930713.CSI,中证人工智能主题指数,3227.6666,0.000788621036244441
2025-07-03,2025-06-09,930713.CSI,中证人工智能主题指数,3249.2492,0.00668675011229469
2025-07-03,2025-06-10,930713.CSI,中证人工智能主题指数,3196.0696,-0.0163667348136919
2025-07-03,2025-06-11,930713.CSI,中证人工智能主题指数,3199.5773,0.00109750425960686
2025-07-03,2025-06-12,930713.CSI,中证人工智能主题指数,3201.1133,0.000480063413376586
2025-07-03,2025-06-13,930713.CSI,中证人工智能主题指数,3160.8654,-0.0125730944918444
2025-07-03,2025-06-16,930713.CSI,中证人工智能主题指数,3188.5912,0.00877158514880128
2025-07-03,2025-06-17,930713.CSI,中证人工智能主题指数,3168.508,-0.00629845556871633
2025-07-03,2025-06-18,930713.CSI,中证人工智能主题指数,3200.12,0.00997693551665324
2025-07-03,2025-06-19,930713.CSI,中证人工智能主题指数,3189.9614,-0.00317444345837026
2025-07-03,2025-06-20,930713.CSI,中证人工智能主题指数,3151.4151,-0.0120836258394851
2025-07-03,2025-06-23,930713.CSI,中证人工智能主题指数,3139.0837,-0.00391297230250631
2025-07-03,2025-06-24,930713.CSI,中证人工智能主题指数,3208.0718,0.0219771457511631
2025-07-03,2025-06-25,930713.CSI,中证人工智能主题指数,3273.8399,0.0205008192148317
2025-07-03,2025-06-26,930713.CSI,中证人工智能主题指数,3279.0292,0.00158508056548512
2025-07-03,2025-06-27,930713.CSI,中证人工智能主题指数,3295.2141,0.00493588163228309
2025-07-03,2025-06-30,930713.CSI,中证人工智能主题指数,3352.9422,0.017518770631626
2025-07-03,2025-07-01,930713.CSI,中证人工智能主题指数,3321.1874,-0.00947072693349749
2025-07-03,2025-07-02,930713.CSI,中证人工智能主题指数,3255.0706,-0.0199075788376168
2025-07-03,2025-07-03,930713.CSI,中证人工智能主题指数,3285.9342,0.00948169910661845
2025-07-03,2025-04-07,930721.CSI,中证智能汽车主题指数,4417.8636,-0.111178093360205
2025-07-03,2025-04-08,930721.CSI,中证智能汽车主题指数,4344.3926,-0.0166304364851825
2025-07-03,2025-04-09,930721.CSI,中证智能汽车主题指数,4427.4094,0.0191089543794913
2025-07-03,2025-04-10,930721.CSI,中证智能汽车主题指数,4551.6895,0.0280706139350928
2025-07-03,2025-04-11,930721.CSI,中证智能汽车主题指数,4667.9674,0.0255460966746524
2025-07-03,2025-04-14,930721.CSI,中证智能汽车主题指数,4705.2016,0.00797653385497066
2025-07-03,2025-04-15,930721.CSI,中证智能汽车主题指数,4661.1523,-0.00936183053240491
2025-07-03,2025-04-16,930721.CSI,中证智能汽车主题指数,4601.4235,-0.0128141704359241
2025-07-03,2025-04-17,930721.CSI,中证智能汽车主题指数,4577.3015,-0.0052422907824069
2025-07-03,2025-04-18,930721.CSI,中证智能汽车主题指数,4583.4311,0.00133912961599769
2025-07-03,2025-04-21,930721.CSI,中证智能汽车主题指数,4680.0844,0.0210875429108119
2025-07-03,2025-04-22,930721.CSI,中证智能汽车主题指数,4610.7928,-0.0148056304283742
2025-07-03,2025-04-23,930721.CSI,中证智能汽车主题指数,4717.7259,0.0231919118117823
2025-07-03,2025-04-24,930721.CSI,中证智能汽车主题指数,4653.8204,-0.0135458272385008
2025-07-03,2025-04-25,930721.CSI,中证智能汽车主题指数,4681.975,0.00604978223912567
2025-07-03,2025-04-28,930721.CSI,中证智能汽车主题指数,4660.1629,-0.00465873910048642
2025-07-03,2025-04-29,930721.CSI,中证智能汽车主题指数,4699.6408,0.00847135622662454
2025-07-03,2025-04-30,930721.CSI,中证智能汽车主题指数,4799.7802,0.0213078837855012
2025-07-03,2025-05-06,930721.CSI,中证智能汽车主题指数,4913.9876,0.0237942979138921
2025-07-03,2025-05-07,930721.CSI,中证智能汽车主题指数,4883.5712,-0.00618975920899756
2025-07-03,2025-05-08,930721.CSI,中证智能汽车主题指数,4919.6673,0.00739133280170057
2025-07-03,2025-05-09,930721.CSI,中证智能汽车主题指数,4825.2409,-0.0191936556360225
2025-07-03,2025-05-12,930721.CSI,中证智能汽车主题指数,4919.7278,0.0195817995325374
2025-07-03,2025-05-13,930721.CSI,中证智能汽车主题指数,4900.9965,-0.00380738544112125
2025-07-03,2025-05-14,930721.CSI,中证智能汽车主题指数,4892.3727,-0.00175960133821773
2025-07-03,2025-05-15,930721.CSI,中证智能汽车主题指数,4790.4073,-0.0208417073376278
2025-07-03,2025-05-16,930721.CSI,中证智能汽车主题指数,4845.1196,0.0114212209053706
2025-07-03,2025-05-19,930721.CSI,中证智能汽车主题指数,4844.9183,-4.15469620191899e-05
2025-07-03,2025-05-20,930721.CSI,中证智能汽车主题指数,4906.2316,0.0126551772813175
2025-07-03,2025-05-21,930721.CSI,中证智能汽车主题指数,4887.5168,-0.00381449583423654
2025-07-03,2025-05-22,930721.CSI,中证智能汽车主题指数,4871.2328,-0.0033317532535132
2025-07-03,2025-05-23,930721.CSI,中证智能汽车主题指数,4800.7082,-0.0144777724439694
2025-07-03,2025-05-26,930721.CSI,中证智能汽车主题指数,4792.2921,-0.00175309551203306
2025-07-03,2025-05-27,930721.CSI,中证智能汽车主题指数,4728.844,-0.0132396145051341
2025-07-03,2025-05-28,930721.CSI,中证智能汽车主题指数,4727.0315,-0.000383286063147747
2025-07-03,2025-05-29,930721.CSI,中证智能汽车主题指数,4864.3499,0.0290496054447702
2025-07-03,2025-05-30,930721.CSI,中证智能汽车主题指数,4763.303,-0.0207729505642676
2025-07-03,2025-06-03,930721.CSI,中证智能汽车主题指数,4728.388,-0.00732999769277742
2025-07-03,2025-06-04,930721.CSI,中证智能汽车主题指数,4760.682,0.00682981176671626
2025-07-03,2025-06-05,930721.CSI,中证智能汽车主题指数,4834.6315,0.0155333836622569
2025-07-03,2025-06-06,930721.CSI,中证智能汽车主题指数,4796.2255,-0.00794393533405824
2025-07-03,2025-06-09,930721.CSI,中证智能汽车主题指数,4802.5755,0.00132395776637284
2025-07-03,2025-06-10,930721.CSI,中证智能汽车主题指数,4725.2783,-0.0160949473881253
2025-07-03,2025-06-11,930721.CSI,中证智能汽车主题指数,4776.9946,0.0109446040458612
2025-07-03,2025-06-12,930721.CSI,中证智能汽车主题指数,4753.2033,-0.00498039080889889
2025-07-03,2025-06-13,930721.CSI,中证智能汽车主题指数,4654.6446,-0.0207352166064516
2025-07-03,2025-06-16,930721.CSI,中证智能汽车主题指数,4670.3866,0.00338199827329455
2025-07-03,2025-06-17,930721.CSI,中证智能汽车主题指数,4665.9085,-0.000958828547512613
2025-07-03,2025-06-18,930721.CSI,中证智能汽车主题指数,4691.0527,0.00538891836391575
2025-07-03,2025-06-19,930721.CSI,中证智能汽车主题指数,4649.1235,-0.00893812171413044
2025-07-03,2025-06-20,930721.CSI,中证智能汽车主题指数,4596.6759,-0.0112811802052579
2025-07-03,2025-06-23,930721.CSI,中证智能汽车主题指数,4609.3061,0.00274768121024138
2025-07-03,2025-06-24,930721.CSI,中证智能汽车主题指数,4759.4104,0.0325654874602492
2025-07-03,2025-06-25,930721.CSI,中证智能汽车主题指数,4830.5155,0.0149398967569598
2025-07-03,2025-06-26,930721.CSI,中证智能汽车主题指数,4763.5809,-0.0138566163383599
2025-07-03,2025-06-27,930721.CSI,中证智能汽车主题指数,4798.4584,0.00732169784289805
2025-07-03,2025-06-30,930721.CSI,中证智能汽车主题指数,4872.9836,0.015531071395763
2025-07-03,2025-07-01,930721.CSI,中证智能汽车主题指数,4845.9168,-0.0055544615417954
2025-07-03,2025-07-02,930721.CSI,中证智能汽车主题指数,4768.1399,-0.0160499866609348
2025-07-03,2025-07-03,930721.CSI,中证智能汽车主题指数,4793.4513,0.00530844323590407
2025-07-03,2025-04-07,930726.CSI,中证生物医药指数,2190.9318,-0.0675365843682858
2025-07-03,2025-04-08,930726.CSI,中证生物医药指数,2180.6782,-0.00468001788097649
2025-07-03,2025-04-09,930726.CSI,中证生物医药指数,2175.8259,-0.00222513344701658
2025-07-03,2025-04-10,930726.CSI,中证生物医药指数,2208.9215,0.0152105919871623
2025-07-03,2025-04-11,930726.CSI,中证生物医药指数,2206.1288,-0.00126428213949659
2025-07-03,2025-04-14,930726.CSI,中证生物医药指数,2222.8127,0.00756252309475314
2025-07-03,2025-04-15,930726.CSI,中证生物医药指数,2204.3503,-0.00830587300495444
2025-07-03,2025-04-16,930726.CSI,中证生物医药指数,2185.0101,-0.00877365090294413
2025-07-03,2025-04-17,930726.CSI,中证生物医药指数,2188.2638,0.00148910066823049
2025-07-03,2025-04-18,930726.CSI,中证生物医药指数,2173.3894,-0.00679735231191059
2025-07-03,2025-04-21,930726.CSI,中证生物医药指数,2198.8947,0.0117352647436304
2025-07-03,2025-04-22,930726.CSI,中证生物医药指数,2214.4855,0.00709028949862844
2025-07-03,2025-04-23,930726.CSI,中证生物医药指数,2211.556,-0.00132288064202712
2025-07-03,2025-04-24,930726.CSI,中证生物医药指数,2212.502,0.000427753129470743
2025-07-03,2025-04-25,930726.CSI,中证生物医药指数,2220.7116,0.00371055031814671
2025-07-03,2025-04-28,930726.CSI,中证生物医药指数,2217.8235,-0.00130052907365374
2025-07-03,2025-04-29,930726.CSI,中证生物医药指数,2228.8112,0.0049542716090798
2025-07-03,2025-04-30,930726.CSI,中证生物医药指数,2241.2279,0.0055709967717319
2025-07-03,2025-05-06,930726.CSI,中证生物医药指数,2264.6422,0.0104470857247494
2025-07-03,2025-05-07,930726.CSI,中证生物医药指数,2249.7963,-0.00655551680525945
2025-07-03,2025-05-08,930726.CSI,中证生物医药指数,2262.9985,0.00586817570995213
2025-07-03,2025-05-09,930726.CSI,中证生物医药指数,2264.7163,0.000759081369253956
2025-07-03,2025-05-12,930726.CSI,中证生物医药指数,2261.653,-0.0013526197519752
2025-07-03,2025-05-13,930726.CSI,中证生物医药指数,2293.2867,0.0139869820878802
2025-07-03,2025-05-14,930726.CSI,中证生物医药指数,2309.5142,0.00707608865476783
2025-07-03,2025-05-15,930726.CSI,中证生物医药指数,2308.0017,-0.000654899632139161
2025-07-03,2025-05-16,930726.CSI,中证生物医药指数,2309.8053,0.000781455230297379
2025-07-03,2025-05-19,930726.CSI,中证生物医药指数,2304.8331,-0.00215264897002365
2025-07-03,2025-05-20,930726.CSI,中证生物医药指数,2333.274,0.0123396787385603
2025-07-03,2025-05-21,930726.CSI,中证生物医药指数,2352.5192,0.00824815259588041
2025-07-03,2025-05-22,930726.CSI,中证生物医药指数,2343.5385,-0.00381748212724475
2025-07-03,2025-05-23,930726.CSI,中证生物医药指数,2342.4095,-0.000481750139799231
2025-07-03,2025-05-26,930726.CSI,中证生物医药指数,2316.0933,-0.0112346709659434
2025-07-03,2025-05-27,930726.CSI,中证生物医药指数,2341.4427,0.0109448958727181
2025-07-03,2025-05-28,930726.CSI,中证生物医药指数,2341.1093,-0.000142390843047346
2025-07-03,2025-05-29,930726.CSI,中证生物医药指数,2389.5038,0.0206716106761866
2025-07-03,2025-05-30,930726.CSI,中证生物医药指数,2384.0337,-0.00228922004643806
2025-07-03,2025-06-03,930726.CSI,中证生物医药指数,2416.0834,0.013443476071668
2025-07-03,2025-06-04,930726.CSI,中证生物医药指数,2429.6866,0.0056302692200112
2025-07-03,2025-06-05,930726.CSI,中证生物医药指数,2420.8718,-0.00362795761395729
2025-07-03,2025-06-06,930726.CSI,中证生物医药指数,2404.9185,-0.0065898987298707
2025-07-03,2025-06-09,930726.CSI,中证生物医药指数,2438.9764,0.0141617688915445
2025-07-03,2025-06-10,930726.CSI,中证生物医药指数,2448.6939,0.00398425339416986
2025-07-03,2025-06-11,930726.CSI,中证生物医药指数,2437.0828,-0.00474175232763885
2025-07-03,2025-06-12,930726.CSI,中证生物医药指数,2487.6636,0.0207546497804669
2025-07-03,2025-06-13,930726.CSI,中证生物医药指数,2438.9068,-0.0195994345859302
2025-07-03,2025-06-16,930726.CSI,中证生物医药指数,2427.4528,-0.00469636642121796
2025-07-03,2025-06-17,930726.CSI,中证生物医药指数,2376.3703,-0.0210436635472376
2025-07-03,2025-06-18,930726.CSI,中证生物医药指数,2356.6288,-0.00830741740881047
2025-07-03,2025-06-19,930726.CSI,中证生物医药指数,2327.7311,-0.0122623045258549
2025-07-03,2025-06-20,930726.CSI,中证生物医药指数,2332.5879,0.00208649530008009
2025-07-03,2025-06-23,930726.CSI,中证生物医药指数,2346.6095,0.00601117754233393
2025-07-03,2025-06-24,930726.CSI,中证生物医药指数,2370.3077,0.0100989107902272
2025-07-03,2025-06-25,930726.CSI,中证生物医药指数,2391.7528,0.00904739076703009
2025-07-03,2025-06-26,930726.CSI,中证生物医药指数,2359.6157,-0.0134366310765897
2025-07-03,2025-06-27,930726.CSI,中证生物医药指数,2350.093,-0.00403569954209071
2025-07-03,2025-06-30,930726.CSI,中证生物医药指数,2374.4839,0.010378695651619
2025-07-03,2025-07-01,930726.CSI,中证生物医药指数,2409.2924,0.0146593960902408
2025-07-03,2025-07-02,930726.CSI,中证生物医药指数,2385.4964,-0.00987675883591377
2025-07-03,2025-07-03,930726.CSI,中证生物医药指数,2411.3696,0.0108460444543115
2025-07-03,2025-04-07,930740.CSI,沪深300红利低波动指数,7069.904,-0.044470177874224
2025-07-03,2025-04-08,930740.CSI,沪深300红利低波动指数,7256.0946,0.0263356617006398
2025-07-03,2025-04-09,930740.CSI,沪深300红利低波动指数,7289.1805,0.00455973933967169
2025-07-03,2025-04-10,930740.CSI,沪深300红利低波动指数,7284.6424,-0.000622580274970641
2025-07-03,2025-04-11,930740.CSI,沪深300红利低波动指数,7260.7347,-0.00328193186257153
2025-07-03,2025-04-14,930740.CSI,沪深300红利低波动指数,7267.7141,0.00096125258508617
2025-07-03,2025-04-15,930740.CSI,沪深300红利低波动指数,7337.1385,0.00955243960408403
2025-07-03,2025-04-16,930740.CSI,沪深300红利低波动指数,7414.9906,0.010610689712345
2025-07-03,2025-04-17,930740.CSI,沪深300红利低波动指数,7387.711,-0.003678979714418
2025-07-03,2025-04-18,930740.CSI,沪深300红利低波动指数,7394.094,0.000864002395329244
2025-07-03,2025-04-21,930740.CSI,沪深300红利低波动指数,7347.2105,-0.0063406686471662
2025-07-03,2025-04-22,930740.CSI,沪深300红利低波动指数,7375.7773,0.00388811508803233
2025-07-03,2025-04-23,930740.CSI,沪深300红利低波动指数,7335.4198,-0.00547162669892431
2025-07-03,2025-04-24,930740.CSI,沪深300红利低波动指数,7387.718,0.00712954424230783
2025-07-03,2025-04-25,930740.CSI,沪深300红利低波动指数,7365.4654,-0.00301210739229618
2025-07-03,2025-04-28,930740.CSI,沪深300红利低波动指数,7416.8441,0.0069756216626855
2025-07-03,2025-04-29,930740.CSI,沪深300红利低波动指数,7400.1333,-0.00225308767107557
2025-07-03,2025-04-30,930740.CSI,沪深300红利低波动指数,7320.5558,-0.0107535225074933
2025-07-03,2025-05-06,930740.CSI,沪深300红利低波动指数,7320.9401,5.24960140320108e-05
2025-07-03,2025-05-07,930740.CSI,沪深300红利低波动指数,7394.4327,0.0100386834199067
2025-07-03,2025-05-08,930740.CSI,沪深300红利低波动指数,7408.8846,0.0019544298509877
2025-07-03,2025-05-09,930740.CSI,沪深300红利低波动指数,7451.7267,0.0057825303420167
2025-07-03,2025-05-12,930740.CSI,沪深300红利低波动指数,7456.5245,0.000643850773539567
2025-07-03,2025-05-13,930740.CSI,沪深300红利低波动指数,7515.6967,0.00793562738243536
2025-07-03,2025-05-14,930740.CSI,沪深300红利低波动指数,7563.0808,0.00630468496686398
2025-07-03,2025-05-15,930740.CSI,沪深300红利低波动指数,7554.6149,-0.00111937188347899
2025-07-03,2025-05-16,930740.CSI,沪深300红利低波动指数,7500.7229,-0.00713365283516965
2025-07-03,2025-05-19,930740.CSI,沪深300红利低波动指数,7507.87,0.000952854824166405
2025-07-03,2025-05-20,930740.CSI,沪深300红利低波动指数,7538.615,0.00409503627526853
2025-07-03,2025-05-21,930740.CSI,沪深300红利低波动指数,7575.3469,0.00487249978941762
2025-07-03,2025-05-22,930740.CSI,沪深300红利低波动指数,7617.4161,0.00555343544729303
2025-07-03,2025-05-23,930740.CSI,沪深300红利低波动指数,7552.0415,-0.00858225402705781
2025-07-03,2025-05-26,930740.CSI,沪深300红利低波动指数,7503.1916,-0.00646843638240069
2025-07-03,2025-05-27,930740.CSI,沪深300红利低波动指数,7508.486,0.000705619725877682
2025-07-03,2025-05-28,930740.CSI,沪深300红利低波动指数,7520.1072,0.00154774211472208
2025-07-03,2025-05-29,930740.CSI,沪深300红利低波动指数,7513.2288,-0.000914667812182302
2025-07-03,2025-05-30,930740.CSI,沪深300红利低波动指数,7544.514,0.00416401534317723
2025-07-03,2025-06-03,930740.CSI,沪深300红利低波动指数,7534.2997,-0.00135387117049557
2025-07-03,2025-06-04,930740.CSI,沪深300红利低波动指数,7531.3107,-0.000396719020879899
2025-07-03,2025-06-05,930740.CSI,沪深300红利低波动指数,7509.4707,-0.00289989364002741
2025-07-03,2025-06-06,930740.CSI,沪深300红利低波动指数,7519.5223,0.00133852309990368
2025-07-03,2025-06-09,930740.CSI,沪深300红利低波动指数,7514.7788,-0.000630824646932648
2025-07-03,2025-06-10,930740.CSI,沪深300红利低波动指数,7506.7328,-0.00107069019782724
2025-07-03,2025-06-11,930740.CSI,沪深300红利低波动指数,7532.7579,0.00346690107312719
2025-07-03,2025-06-12,930740.CSI,沪深300红利低波动指数,7519.2222,-0.00179691159329565
2025-07-03,2025-06-13,930740.CSI,沪深300红利低波动指数,7495.771,-0.00311883322187234
2025-07-03,2025-06-16,930740.CSI,沪深300红利低波动指数,7504.2578,0.00113221174979872
2025-07-03,2025-06-17,930740.CSI,沪深300红利低波动指数,7511.3238,0.000941598781427855
2025-07-03,2025-06-18,930740.CSI,沪深300红利低波动指数,7526.4799,0.00201776682826527
2025-07-03,2025-06-19,930740.CSI,沪深300红利低波动指数,7495.9711,-0.00405352839645534
2025-07-03,2025-06-20,930740.CSI,沪深300红利低波动指数,7533.2549,0.00497384521666588
2025-07-03,2025-06-23,930740.CSI,沪深300红利低波动指数,7539.5822,0.000839915824433435
2025-07-03,2025-06-24,930740.CSI,沪深300红利低波动指数,7574.9961,0.00469706398320069
2025-07-03,2025-06-25,930740.CSI,沪深300红利低波动指数,7618.3297,0.00572061020599079
2025-07-03,2025-06-26,930740.CSI,沪深300红利低波动指数,7626.5958,0.00108502786378484
2025-07-03,2025-06-27,930740.CSI,沪深300红利低波动指数,7511.2022,-0.0151304203115105
2025-07-03,2025-06-30,930740.CSI,沪深300红利低波动指数,7504.8759,-0.000842248661605649
2025-07-03,2025-07-01,930740.CSI,沪深300红利低波动指数,7559.6055,0.00729253897456172
2025-07-03,2025-07-02,930740.CSI,沪深300红利低波动指数,7604.1266,0.00588934171234201
2025-07-03,2025-07-03,930740.CSI,沪深300红利低波动指数,7597.4213,-0.000881797522939709
2025-07-03,2025-04-07,930743.CSI,中证生物科技主题指数,2914.6534,-0.0828996228019461
2025-07-03,2025-04-08,930743.CSI,中证生物科技主题指数,2929.7864,0.00519204101592319
2025-07-03,2025-04-09,930743.CSI,中证生物科技主题指数,2926.4997,-0.00112182239633585
2025-07-03,2025-04-10,930743.CSI,中证生物科技主题指数,2976.2364,0.0169952862117155
2025-07-03,2025-04-11,930743.CSI,中证生物科技主题指数,2984.7833,0.002871714088303
2025-07-03,2025-04-14,930743.CSI,中证生物科技主题指数,3010.9099,0.00875326527054754
2025-07-03,2025-04-15,930743.CSI,中证生物科技主题指数,2983.8964,-0.00897187258908017
2025-07-03,2025-04-16,930743.CSI,中证生物科技主题指数,2950.3545,-0.0112409733796388
2025-07-03,2025-04-17,930743.CSI,中证生物科技主题指数,2947.251,-0.00105190749111661
2025-07-03,2025-04-18,930743.CSI,中证生物科技主题指数,2932.3688,-0.00504951902637407
2025-07-03,2025-04-21,930743.CSI,中证生物科技主题指数,2971.2621,0.0132634408059449
2025-07-03,2025-04-22,930743.CSI,中证生物科技主题指数,2986.9218,0.0052703866144963
2025-07-03,2025-04-23,930743.CSI,中证生物科技主题指数,2973.9849,-0.00433118135198585
2025-07-03,2025-04-24,930743.CSI,中证生物科技主题指数,2978.1949,0.00141560907051019
2025-07-03,2025-04-25,930743.CSI,中证生物科技主题指数,2980.5152,0.000779096089379427
2025-07-03,2025-04-28,930743.CSI,中证生物科技主题指数,2973.1618,-0.00246715735588265
2025-07-03,2025-04-29,930743.CSI,中证生物科技主题指数,2986.3577,0.00443833901000623
2025-07-03,2025-04-30,930743.CSI,中证生物科技主题指数,3004.2083,0.00597738174499307
2025-07-03,2025-05-06,930743.CSI,中证生物科技主题指数,3036.7723,0.010839461431486
2025-07-03,2025-05-07,930743.CSI,中证生物科技主题指数,3009.8333,-0.00887093181138421
2025-07-03,2025-05-08,930743.CSI,中证生物科技主题指数,3024.8718,0.00499645611602473
2025-07-03,2025-05-09,930743.CSI,中证生物科技主题指数,3020.8717,-0.0013224031511021
2025-07-03,2025-05-12,930743.CSI,中证生物科技主题指数,3003.6258,-0.00570891507904836
2025-07-03,2025-05-13,930743.CSI,中证生物科技主题指数,3042.814,0.0130469647717102
2025-07-03,2025-05-14,930743.CSI,中证生物科技主题指数,3054.7805,0.00393270834168624
2025-07-03,2025-05-15,930743.CSI,中证生物科技主题指数,3045.1453,-0.00315413824332045
2025-07-03,2025-05-16,930743.CSI,中证生物科技主题指数,3057.356,0.00400989075956404
2025-07-03,2025-05-19,930743.CSI,中证生物科技主题指数,3050.3624,-0.00228746668690205
2025-07-03,2025-05-20,930743.CSI,中证生物科技主题指数,3102.1395,0.0169740815058566
2025-07-03,2025-05-21,930743.CSI,中证生物科技主题指数,3126.5504,0.00786905295522655
2025-07-03,2025-05-22,930743.CSI,中证生物科技主题指数,3113.2816,-0.00424391047718287
2025-07-03,2025-05-23,930743.CSI,中证生物科技主题指数,3108.3469,-0.00158504775154289
2025-07-03,2025-05-26,930743.CSI,中证生物科技主题指数,3069.313,-0.0125577682465235
2025-07-03,2025-05-27,930743.CSI,中证生物科技主题指数,3101.0272,0.0103326705357192
2025-07-03,2025-05-28,930743.CSI,中证生物科技主题指数,3086.5749,-0.00466048798282059
2025-07-03,2025-05-29,930743.CSI,中证生物科技主题指数,3168.2022,0.0264459158272816
2025-07-03,2025-05-30,930743.CSI,中证生物科技主题指数,3168.2325,9.56378352356957e-06
2025-07-03,2025-06-03,930743.CSI,中证生物科技主题指数,3217.1649,0.0154446998444717
2025-07-03,2025-06-04,930743.CSI,中证生物科技主题指数,3239.868,0.00705686550291529
2025-07-03,2025-06-05,930743.CSI,中证生物科技主题指数,3224.4502,-0.00475877412289627
2025-07-03,2025-06-06,930743.CSI,中证生物科技主题指数,3200.944,-0.00728998698754912
2025-07-03,2025-06-09,930743.CSI,中证生物科技主题指数,3263.4174,0.01951717993192
2025-07-03,2025-06-10,930743.CSI,中证生物科技主题指数,3277.979,0.00446207095666029
2025-07-03,2025-06-11,930743.CSI,中证生物科技主题指数,3256.2387,-0.00663222674702912
2025-07-03,2025-06-12,930743.CSI,中证生物科技主题指数,3322.4986,0.0203486003652005
2025-07-03,2025-06-13,930743.CSI,中证生物科技主题指数,3254.2067,-0.020554380369039
2025-07-03,2025-06-16,930743.CSI,中证生物科技主题指数,3239.4428,-0.00453686608167836
2025-07-03,2025-06-17,930743.CSI,中证生物科技主题指数,3179.7315,-0.0184325835294884
2025-07-03,2025-06-18,930743.CSI,中证生物科技主题指数,3146.2164,-0.0105402295759878
2025-07-03,2025-06-19,930743.CSI,中证生物科技主题指数,3101.6378,-0.0141689554475655
2025-07-03,2025-06-20,930743.CSI,中证生物科技主题指数,3105.8442,0.00135618672173776
2025-07-03,2025-06-23,930743.CSI,中证生物科技主题指数,3135.8824,0.00967150895721036
2025-07-03,2025-06-24,930743.CSI,中证生物科技主题指数,3174.588,0.0123428097941429
2025-07-03,2025-06-25,930743.CSI,中证生物科技主题指数,3199.9258,0.00798144515130783
2025-07-03,2025-06-26,930743.CSI,中证生物科技主题指数,3148.416,-0.0160971857534946
2025-07-03,2025-06-27,930743.CSI,中证生物科技主题指数,3147.3433,-0.000340711011505568
2025-07-03,2025-06-30,930743.CSI,中证生物科技主题指数,3184.0248,0.0116547502142521
2025-07-03,2025-07-01,930743.CSI,中证生物科技主题指数,3234.0303,0.0157051226485421
2025-07-03,2025-07-02,930743.CSI,中证生物科技主题指数,3201.0527,-0.0101970596874122
2025-07-03,2025-07-03,930743.CSI,中证生物科技主题指数,3244.6559,0.0136215189459392
2025-07-03,2025-04-07,930851.CSI,中证云计算与大数据主题指数,3959.8185,-0.120627324365127
2025-07-03,2025-04-08,930851.CSI,中证云计算与大数据主题指数,3968.3012,0.00214219414349426
2025-07-03,2025-04-09,930851.CSI,中证云计算与大数据主题指数,4110.825,0.0359155701185183
2025-07-03,2025-04-10,930851.CSI,中证云计算与大数据主题指数,4192.056,0.0197602670996697
2025-07-03,2025-04-11,930851.CSI,中证云计算与大数据主题指数,4236.1475,0.0105178699902866
2025-07-03,2025-04-14,930851.CSI,中证云计算与大数据主题指数,4261.9062,0.00608069006095757
2025-07-03,2025-04-15,930851.CSI,中证云计算与大数据主题指数,4228.8281,-0.00776133928053147
2025-07-03,2025-04-16,930851.CSI,中证云计算与大数据主题指数,4169.6121,-0.0140029338151625
2025-07-03,2025-04-17,930851.CSI,中证云计算与大数据主题指数,4190.8078,0.00508337454220253
2025-07-03,2025-04-18,930851.CSI,中证云计算与大数据主题指数,4190.5293,-6.64549684190607e-05
2025-07-03,2025-04-21,930851.CSI,中证云计算与大数据主题指数,4296.8763,0.0253779397270888
2025-07-03,2025-04-22,930851.CSI,中证云计算与大数据主题指数,4227.3683,-0.0161764023786303
2025-07-03,2025-04-23,930851.CSI,中证云计算与大数据主题指数,4280.4049,0.0125460088253964
2025-07-03,2025-04-24,930851.CSI,中证云计算与大数据主题指数,4160.6052,-0.0279879363748977
2025-07-03,2025-04-25,930851.CSI,中证云计算与大数据主题指数,4224.7206,0.0154101138940075
2025-07-03,2025-04-28,930851.CSI,中证云计算与大数据主题指数,4203.461,-0.00503219076783434
2025-07-03,2025-04-29,930851.CSI,中证云计算与大数据主题指数,4228.457,0.00594652834890108
2025-07-03,2025-04-30,930851.CSI,中证云计算与大数据主题指数,4339.9765,0.0263735684198749
2025-07-03,2025-05-06,930851.CSI,中证云计算与大数据主题指数,4493.9578,0.0354797543258587
2025-07-03,2025-05-07,930851.CSI,中证云计算与大数据主题指数,4451.4014,-0.00946969283957233
2025-07-03,2025-05-08,930851.CSI,中证云计算与大数据主题指数,4520.0845,0.0154295454011404
2025-07-03,2025-05-09,930851.CSI,中证云计算与大数据主题指数,4434.8811,-0.0188499573403994
2025-07-03,2025-05-12,930851.CSI,中证云计算与大数据主题指数,4496.2849,0.0138456474064208
2025-07-03,2025-05-13,930851.CSI,中证云计算与大数据主题指数,4475.1273,-0.00470557370597213
2025-07-03,2025-05-14,930851.CSI,中证云计算与大数据主题指数,4497.2998,0.00495460765998756
2025-07-03,2025-05-15,930851.CSI,中证云计算与大数据主题指数,4350.1504,-0.0327194998207589
2025-07-03,2025-05-16,930851.CSI,中证云计算与大数据主题指数,4351.808,0.000381044296767108
2025-07-03,2025-05-19,930851.CSI,中证云计算与大数据主题指数,4331.6797,-0.00462527298998494
2025-07-03,2025-05-20,930851.CSI,中证云计算与大数据主题指数,4341.1784,0.00219284449863633
2025-07-03,2025-05-21,930851.CSI,中证云计算与大数据主题指数,4313.2254,-0.0064390350785859
2025-07-03,2025-05-22,930851.CSI,中证云计算与大数据主题指数,4273.9469,-0.00910652617412488
2025-07-03,2025-05-23,930851.CSI,中证云计算与大数据主题指数,4195.7371,-0.0182991978679005
2025-07-03,2025-05-26,930851.CSI,中证云计算与大数据主题指数,4252.2322,0.0134648808191533
2025-07-03,2025-05-27,930851.CSI,中证云计算与大数据主题指数,4204.01,-0.011340443732118
2025-07-03,2025-05-28,930851.CSI,中证云计算与大数据主题指数,4179.686,-0.00578590441031313
2025-07-03,2025-05-29,930851.CSI,中证云计算与大数据主题指数,4290.6956,0.0265593156997919
2025-07-03,2025-05-30,930851.CSI,中证云计算与大数据主题指数,4221.1612,-0.0162058571575202
2025-07-03,2025-06-03,930851.CSI,中证云计算与大数据主题指数,4228.2439,0.00167790322719741
2025-07-03,2025-06-04,930851.CSI,中证云计算与大数据主题指数,4292.5342,0.0152049648791546
2025-07-03,2025-06-05,930851.CSI,中证云计算与大数据主题指数,4408.4627,0.0270070067234409
2025-07-03,2025-06-06,930851.CSI,中证云计算与大数据主题指数,4412.5636,0.000930233570990646
2025-07-03,2025-06-09,930851.CSI,中证云计算与大数据主题指数,4465.6325,0.0120267728265717
2025-07-03,2025-06-10,930851.CSI,中证云计算与大数据主题指数,4367.227,-0.0220361841239735
2025-07-03,2025-06-11,930851.CSI,中证云计算与大数据主题指数,4361.5435,-0.00130139788932426
2025-07-03,2025-06-12,930851.CSI,中证云计算与大数据主题指数,4366.1854,0.00106427919382224
2025-07-03,2025-06-13,930851.CSI,中证云计算与大数据主题指数,4299.883,-0.015185429368162
2025-07-03,2025-06-16,930851.CSI,中证云计算与大数据主题指数,4374.0854,0.0172568416396446
2025-07-03,2025-06-17,930851.CSI,中证云计算与大数据主题指数,4344.8233,-0.00668987852866332
2025-07-03,2025-06-18,930851.CSI,中证云计算与大数据主题指数,4367.7618,0.00527950124001597
2025-07-03,2025-06-19,930851.CSI,中证云计算与大数据主题指数,4319.4875,-0.0110524113288413
2025-07-03,2025-06-20,930851.CSI,中证云计算与大数据主题指数,4243.7477,-0.0175344412965659
2025-07-03,2025-06-23,930851.CSI,中证云计算与大数据主题指数,4283.766,0.00942994325510904
2025-07-03,2025-06-24,930851.CSI,中证云计算与大数据主题指数,4368.7824,0.0198461820743712
2025-07-03,2025-06-25,930851.CSI,中证云计算与大数据主题指数,4478.6362,0.0251451754612453
2025-07-03,2025-06-26,930851.CSI,中证云计算与大数据主题指数,4510.2951,0.00706887065307971
2025-07-03,2025-06-27,930851.CSI,中证云计算与大数据主题指数,4543.8879,0.00744802707033498
2025-07-03,2025-06-30,930851.CSI,中证云计算与大数据主题指数,4611.8805,0.0149635293599564
2025-07-03,2025-07-01,930851.CSI,中证云计算与大数据主题指数,4560.9106,-0.0110518691887181
2025-07-03,2025-07-02,930851.CSI,中证云计算与大数据主题指数,4470.7814,-0.0197612292597886
2025-07-03,2025-07-03,930851.CSI,中证云计算与大数据主题指数,4510.6953,0.00892772346239079
2025-07-03,2025-04-07,930901.CSI,中证动漫游戏指数,1436.549,-0.140745407989653
2025-07-03,2025-04-08,930901.CSI,中证动漫游戏指数,1457.5641,0.0146288779568258
2025-07-03,2025-04-09,930901.CSI,中证动漫游戏指数,1505.5862,0.0329468185996074
2025-07-03,2025-04-10,930901.CSI,中证动漫游戏指数,1540.454,0.0231589529712746
2025-07-03,2025-04-11,930901.CSI,中证动漫游戏指数,1534.2904,-0.00400115810014445
2025-07-03,2025-04-14,930901.CSI,中证动漫游戏指数,1559.3402,0.0163266354270353
2025-07-03,2025-04-15,930901.CSI,中证动漫游戏指数,1572.8029,0.00863358746218412
2025-07-03,2025-04-16,930901.CSI,中证动漫游戏指数,1552.4551,-0.0129372854030215
2025-07-03,2025-04-17,930901.CSI,中证动漫游戏指数,1556.4954,0.00260252293286944
2025-07-03,2025-04-18,930901.CSI,中证动漫游戏指数,1575.6328,0.0122951857101539
2025-07-03,2025-04-21,930901.CSI,中证动漫游戏指数,1619.7847,0.0280216938870528
2025-07-03,2025-04-22,930901.CSI,中证动漫游戏指数,1594.7815,-0.0154361255542171
2025-07-03,2025-04-23,930901.CSI,中证动漫游戏指数,1599.8489,0.00317748857758882
2025-07-03,2025-04-24,930901.CSI,中证动漫游戏指数,1568.7979,-0.0194087079098532
2025-07-03,2025-04-25,930901.CSI,中证动漫游戏指数,1576.0745,0.00463832849342793
2025-07-03,2025-04-28,930901.CSI,中证动漫游戏指数,1597.4815,0.0135824797622195
2025-07-03,2025-04-29,930901.CSI,中证动漫游戏指数,1610.1028,0.00790074877236435
2025-07-03,2025-04-30,930901.CSI,中证动漫游戏指数,1624.7393,0.00909041335745764
2025-07-03,2025-05-06,930901.CSI,中证动漫游戏指数,1669.3037,0.0274286465527116
2025-07-03,2025-05-07,930901.CSI,中证动漫游戏指数,1647.1983,-0.013242287787417
2025-07-03,2025-05-08,930901.CSI,中证动漫游戏指数,1659.8291,0.0076680506530391
2025-07-03,2025-05-09,930901.CSI,中证动漫游戏指数,1627.8431,-0.0192706586479294
2025-07-03,2025-05-12,930901.CSI,中证动漫游戏指数,1646.9067,0.0117109566640667
2025-07-03,2025-05-13,930901.CSI,中证动漫游戏指数,1641.7606,-0.00312470645726315
2025-07-03,2025-05-14,930901.CSI,中证动漫游戏指数,1642.7403,0.000596737429318095
2025-07-03,2025-05-15,930901.CSI,中证动漫游戏指数,1595.1782,-0.0289529026590508
2025-07-03,2025-05-16,930901.CSI,中证动漫游戏指数,1597.8312,0.00166313707145704
2025-07-03,2025-05-19,930901.CSI,中证动漫游戏指数,1600.4569,0.00164328997956709
2025-07-03,2025-05-20,930901.CSI,中证动漫游戏指数,1631.8435,0.0196110248267229
2025-07-03,2025-05-21,930901.CSI,中证动漫游戏指数,1619.8519,-0.00734849879905763
2025-07-03,2025-05-22,930901.CSI,中证动漫游戏指数,1652.1181,0.0199192284183511
2025-07-03,2025-05-23,930901.CSI,中证动漫游戏指数,1611.2453,-0.024739635743958
2025-07-03,2025-05-26,930901.CSI,中证动漫游戏指数,1655.826,0.0276684748126186
2025-07-03,2025-05-27,930901.CSI,中证动漫游戏指数,1642.498,-0.00804915492328295
2025-07-03,2025-05-28,930901.CSI,中证动漫游戏指数,1630.5419,-0.00727921738717496
2025-07-03,2025-05-29,930901.CSI,中证动漫游戏指数,1664.2035,0.0206444250221354
2025-07-03,2025-05-30,930901.CSI,中证动漫游戏指数,1641.6312,-0.0135634253863786
2025-07-03,2025-06-03,930901.CSI,中证动漫游戏指数,1692.6891,0.0311019308112566
2025-07-03,2025-06-04,930901.CSI,中证动漫游戏指数,1703.2567,0.00624308385987704
2025-07-03,2025-06-05,930901.CSI,中证动漫游戏指数,1731.0649,0.0163264879568654
2025-07-03,2025-06-06,930901.CSI,中证动漫游戏指数,1711.8989,-0.0110717974814233
2025-07-03,2025-06-09,930901.CSI,中证动漫游戏指数,1725.2324,0.00778871929878577
2025-07-03,2025-06-10,930901.CSI,中证动漫游戏指数,1721.0697,-0.00241283435205608
2025-07-03,2025-06-11,930901.CSI,中证动漫游戏指数,1761.0922,0.0232544329843236
2025-07-03,2025-06-12,930901.CSI,中证动漫游戏指数,1790.6226,0.0167682305333019
2025-07-03,2025-06-13,930901.CSI,中证动漫游戏指数,1754.7811,-0.0200162222905039
2025-07-03,2025-06-16,930901.CSI,中证动漫游戏指数,1835.6974,0.046111905353893
2025-07-03,2025-06-17,930901.CSI,中证动漫游戏指数,1788.2706,-0.0258358485445368
2025-07-03,2025-06-18,930901.CSI,中证动漫游戏指数,1778.4212,-0.00550777941548675
2025-07-03,2025-06-19,930901.CSI,中证动漫游戏指数,1766.9681,-0.00644003793926884
2025-07-03,2025-06-20,930901.CSI,中证动漫游戏指数,1735.3124,-0.0179152640050491
2025-07-03,2025-06-23,930901.CSI,中证动漫游戏指数,1741.7142,0.0036891340141405
2025-07-03,2025-06-24,930901.CSI,中证动漫游戏指数,1786.7632,0.0258647486481998
2025-07-03,2025-06-25,930901.CSI,中证动漫游戏指数,1799.3704,0.00705588742817165
2025-07-03,2025-06-26,930901.CSI,中证动漫游戏指数,1802.1552,0.00154765244554422
2025-07-03,2025-06-27,930901.CSI,中证动漫游戏指数,1785.0371,-0.00949868246641572
2025-07-03,2025-06-30,930901.CSI,中证动漫游戏指数,1885.4431,0.0562486908535402
2025-07-03,2025-07-01,930901.CSI,中证动漫游戏指数,1888.5474,0.00164645647487327
2025-07-03,2025-07-02,930901.CSI,中证动漫游戏指数,1866.7308,-0.0115520531811909
2025-07-03,2025-07-03,930901.CSI,中证动漫游戏指数,1864.8769,-0.000993126593293536
2025-07-03,2025-04-07,930902.CSI,中证大数据产业指数,2711.989,-0.115146267861385
2025-07-03,2025-04-08,930902.CSI,中证大数据产业指数,2720.9529,0.00330528626775406
2025-07-03,2025-04-09,930902.CSI,中证大数据产业指数,2823.8603,0.0378203533034327
2025-07-03,2025-04-10,930902.CSI,中证大数据产业指数,2872.7433,0.0173107005328841
2025-07-03,2025-04-11,930902.CSI,中证大数据产业指数,2900.0798,0.00951581716333649
2025-07-03,2025-04-14,930902.CSI,中证大数据产业指数,2917.6267,0.00605048867965619
2025-07-03,2025-04-15,930902.CSI,中证大数据产业指数,2891.7638,-0.0088643622571728
2025-07-03,2025-04-16,930902.CSI,中证大数据产业指数,2845.0595,-0.0161508004215283
2025-07-03,2025-04-17,930902.CSI,中证大数据产业指数,2852.8779,0.00274806203525801
2025-07-03,2025-04-18,930902.CSI,中证大数据产业指数,2847.7165,-0.00180919064219331
2025-07-03,2025-04-21,930902.CSI,中证大数据产业指数,2918.9254,0.0250056141473354
2025-07-03,2025-04-22,930902.CSI,中证大数据产业指数,2872.7755,-0.0158105787835482
2025-07-03,2025-04-23,930902.CSI,中证大数据产业指数,2893.6714,0.00727376712868799
2025-07-03,2025-04-24,930902.CSI,中证大数据产业指数,2816.2641,-0.0267505494922472
2025-07-03,2025-04-25,930902.CSI,中证大数据产业指数,2852.5224,0.012874609309546
2025-07-03,2025-04-28,930902.CSI,中证大数据产业指数,2836.8642,-0.00548924699066333
2025-07-03,2025-04-29,930902.CSI,中证大数据产业指数,2857.1459,0.00714933763836845
2025-07-03,2025-04-30,930902.CSI,中证大数据产业指数,2930.6803,0.0257370125900815
2025-07-03,2025-05-06,930902.CSI,中证大数据产业指数,3023.4809,0.0316652075628994
2025-07-03,2025-05-07,930902.CSI,中证大数据产业指数,2993.9307,-0.00977356926580886
2025-07-03,2025-05-08,930902.CSI,中证大数据产业指数,3016.7694,0.00762833288025022
2025-07-03,2025-05-09,930902.CSI,中证大数据产业指数,2949.1464,-0.022415700716137
2025-07-03,2025-05-12,930902.CSI,中证大数据产业指数,2991.43,0.014337572390438
2025-07-03,2025-05-13,930902.CSI,中证大数据产业指数,2970.3756,-0.00703823923675295
2025-07-03,2025-05-14,930902.CSI,中证大数据产业指数,2981.5427,0.00375949088728045
2025-07-03,2025-05-15,930902.CSI,中证大数据产业指数,2883.6569,-0.0328305880039886
2025-07-03,2025-05-16,930902.CSI,中证大数据产业指数,2873.4141,-0.00355201757879031
2025-07-03,2025-05-19,930902.CSI,中证大数据产业指数,2874.5733,0.000403422534886344
2025-07-03,2025-05-20,930902.CSI,中证大数据产业指数,2882.4646,0.00274520743652618
2025-07-03,2025-05-21,930902.CSI,中证大数据产业指数,2856.5081,-0.0090049674851167
2025-07-03,2025-05-22,930902.CSI,中证大数据产业指数,2832.211,-0.00850587470765451
2025-07-03,2025-05-23,930902.CSI,中证大数据产业指数,2780.1617,-0.0183776208764106
2025-07-03,2025-05-26,930902.CSI,中证大数据产业指数,2821.0221,0.0146971307460282
2025-07-03,2025-05-27,930902.CSI,中证大数据产业指数,2799.3589,-0.00767920251316001
2025-07-03,2025-05-28,930902.CSI,中证大数据产业指数,2772.0179,-0.00976687912364516
2025-07-03,2025-05-29,930902.CSI,中证大数据产业指数,2841.3027,0.0249943551951812
2025-07-03,2025-05-30,930902.CSI,中证大数据产业指数,2791.0228,-0.0176960730020072
2025-07-03,2025-06-03,930902.CSI,中证大数据产业指数,2805.2787,0.00510776909454114
2025-07-03,2025-06-04,930902.CSI,中证大数据产业指数,2827.8898,0.00806019737005093
2025-07-03,2025-06-05,930902.CSI,中证大数据产业指数,2894.18,0.0234415782397177
2025-07-03,2025-06-06,930902.CSI,中证大数据产业指数,2896.9553,0.000958924462196586
2025-07-03,2025-06-09,930902.CSI,中证大数据产业指数,2922.3136,0.00875343157693864
2025-07-03,2025-06-10,930902.CSI,中证大数据产业指数,2872.0842,-0.0171882305855197
2025-07-03,2025-06-11,930902.CSI,中证大数据产业指数,2873.1787,0.000381082142369094
2025-07-03,2025-06-12,930902.CSI,中证大数据产业指数,2866.1398,-0.00244986502231836
2025-07-03,2025-06-13,930902.CSI,中证大数据产业指数,2818.6032,-0.0165855831596211
2025-07-03,2025-06-16,930902.CSI,中证大数据产业指数,2855.1847,0.0129785916655454
2025-07-03,2025-06-17,930902.CSI,中证大数据产业指数,2835.4348,-0.00691720574154098
2025-07-03,2025-06-18,930902.CSI,中证大数据产业指数,2832.7313,-0.000953469288025977
2025-07-03,2025-06-19,930902.CSI,中证大数据产业指数,2792.5248,-0.0141935452896643
2025-07-03,2025-06-20,930902.CSI,中证大数据产业指数,2744.2818,-0.0172757642116553
2025-07-03,2025-06-23,930902.CSI,中证大数据产业指数,2782.9141,0.0140773808287471
2025-07-03,2025-06-24,930902.CSI,中证大数据产业指数,2850.1657,0.0241658914301379
2025-07-03,2025-06-25,930902.CSI,中证大数据产业指数,2914.257,0.0224868680441983
2025-07-03,2025-06-26,930902.CSI,中证大数据产业指数,2927.2581,0.00446120572070341
2025-07-03,2025-06-27,930902.CSI,中证大数据产业指数,2924.828,-0.000830162533327683
2025-07-03,2025-06-30,930902.CSI,中证大数据产业指数,2956.9337,0.0109769531746824
2025-07-03,2025-07-01,930902.CSI,中证大数据产业指数,2918.0161,-0.0131614719667202
2025-07-03,2025-07-02,930902.CSI,中证大数据产业指数,2869.0368,-0.016785136997702
2025-07-03,2025-07-03,930902.CSI,中证大数据产业指数,2887.6925,0.00650242618010344
2025-07-03,2025-04-07,930955.CSI,中证红利低波动100指数,10973.183,-0.0622892178090294
2025-07-03,2025-04-08,930955.CSI,中证红利低波动100指数,11284.7844,0.028396628398524
2025-07-03,2025-04-09,930955.CSI,中证红利低波动100指数,11305.6063,0.00184513051042412
2025-07-03,2025-04-10,930955.CSI,中证红利低波动100指数,11371.5321,0.00583124851959527
2025-07-03,2025-04-11,930955.CSI,中证红利低波动100指数,11309.0489,-0.00549470374357042
2025-07-03,2025-04-14,930955.CSI,中证红利低波动100指数,11359.029,0.00441947863537839
2025-07-03,2025-04-15,930955.CSI,中证红利低波动100指数,11422.2924,0.00556943731722148
2025-07-03,2025-04-16,930955.CSI,中证红利低波动100指数,11490.0466,0.00593175149324665
2025-07-03,2025-04-17,930955.CSI,中证红利低波动100指数,11487.9694,-0.000180782556617243
2025-07-03,2025-04-18,930955.CSI,中证红利低波动100指数,11497.3999,0.000820902256233325
2025-07-03,2025-04-21,930955.CSI,中证红利低波动100指数,11451.216,-0.00401689950786177
2025-07-03,2025-04-22,930955.CSI,中证红利低波动100指数,11544.0017,0.00810269407196573
2025-07-03,2025-04-23,930955.CSI,中证红利低波动100指数,11474.9371,-0.00598272607669503
2025-07-03,2025-04-24,930955.CSI,中证红利低波动100指数,11568.5325,0.00815650658337819
2025-07-03,2025-04-25,930955.CSI,中证红利低波动100指数,11557.211,-0.000978646167956065
2025-07-03,2025-04-28,930955.CSI,中证红利低波动100指数,11563.8684,0.000576038630773379
2025-07-03,2025-04-29,930955.CSI,中证红利低波动100指数,11506.1564,-0.00499071746613788
2025-07-03,2025-04-30,930955.CSI,中证红利低波动100指数,11407.2708,-0.00859414704288219
2025-07-03,2025-05-06,930955.CSI,中证红利低波动100指数,11431.1871,0.00209658387350631
2025-07-03,2025-05-07,930955.CSI,中证红利低波动100指数,11525.5482,0.00825470698489394
2025-07-03,2025-05-08,930955.CSI,中证红利低波动100指数,11541.911,0.00141969819708887
2025-07-03,2025-05-09,930955.CSI,中证红利低波动100指数,11600.404,0.00506787827423039
2025-07-03,2025-05-12,930955.CSI,中证红利低波动100指数,11624.2671,0.00205709214954908
2025-07-03,2025-05-13,930955.CSI,中证红利低波动100指数,11702.0576,0.00669207781710401
2025-07-03,2025-05-14,930955.CSI,中证红利低波动100指数,11765.9597,0.00546075760215015
2025-07-03,2025-05-15,930955.CSI,中证红利低波动100指数,11732.9765,-0.00280327324255569
2025-07-03,2025-05-16,930955.CSI,中证红利低波动100指数,11651.9046,-0.00690974707057501
2025-07-03,2025-05-19,930955.CSI,中证红利低波动100指数,11695.1031,0.00370741964365218
2025-07-03,2025-05-20,930955.CSI,中证红利低波动100指数,11717.6324,0.00192638746382667
2025-07-03,2025-05-21,930955.CSI,中证红利低波动100指数,11787.0706,0.00592595821661024
2025-07-03,2025-05-22,930955.CSI,中证红利低波动100指数,11779.6339,-0.000630920120220368
2025-07-03,2025-05-23,930955.CSI,中证红利低波动100指数,11685.319,-0.00800660706441825
2025-07-03,2025-05-26,930955.CSI,中证红利低波动100指数,11609.9027,-0.00645393591736765
2025-07-03,2025-05-27,930955.CSI,中证红利低波动100指数,11626.9212,0.0014658606914939
2025-07-03,2025-05-28,930955.CSI,中证红利低波动100指数,11663.352,0.00313331443237108
2025-07-03,2025-05-29,930955.CSI,中证红利低波动100指数,11659.9164,-0.000294563689752336
2025-07-03,2025-05-30,930955.CSI,中证红利低波动100指数,11679.3539,0.00166703596605555
2025-07-03,2025-06-03,930955.CSI,中证红利低波动100指数,11716.2456,0.00315871068861107
2025-07-03,2025-06-04,930955.CSI,中证红利低波动100指数,11756.0986,0.0034015162672929
2025-07-03,2025-06-05,930955.CSI,中证红利低波动100指数,11691.7716,-0.00547179827157962
2025-07-03,2025-06-06,930955.CSI,中证红利低波动100指数,11686.9866,-0.000409262185723791
2025-07-03,2025-06-09,930955.CSI,中证红利低波动100指数,11714.786,0.00237866277693866
2025-07-03,2025-06-10,930955.CSI,中证红利低波动100指数,11727.2756,0.00106613983388182
2025-07-03,2025-06-11,930955.CSI,中证红利低波动100指数,11758.0453,0.00262377222549448
2025-07-03,2025-06-12,930955.CSI,中证红利低波动100指数,11750.4082,-0.000649521226117389
2025-07-03,2025-06-13,930955.CSI,中证红利低波动100指数,11611.2826,-0.0118400652668389
2025-07-03,2025-06-16,930955.CSI,中证红利低波动100指数,11610.6689,-5.2853764837324e-05
2025-07-03,2025-06-17,930955.CSI,中证红利低波动100指数,11620.3842,0.000836756269916528
2025-07-03,2025-06-18,930955.CSI,中证红利低波动100指数,11597.3943,-0.00197841135063337
2025-07-03,2025-06-19,930955.CSI,中证红利低波动100指数,11524.629,-0.0062742800768617
2025-07-03,2025-06-20,930955.CSI,中证红利低波动100指数,11565.283,0.00352757559484118
2025-07-03,2025-06-23,930955.CSI,中证红利低波动100指数,11565.3943,9.62362961631769e-06
2025-07-03,2025-06-24,930955.CSI,中证红利低波动100指数,11613.8183,0.00418697354745623
2025-07-03,2025-06-25,930955.CSI,中证红利低波动100指数,11675.2975,0.00529362509485787
2025-07-03,2025-06-26,930955.CSI,中证红利低波动100指数,11677.4908,0.0001878581680681
2025-07-03,2025-06-27,930955.CSI,中证红利低波动100指数,11593.1779,-0.00722012129523575
2025-07-03,2025-06-30,930955.CSI,中证红利低波动100指数,11554.7914,-0.0033111283490268
2025-07-03,2025-07-01,930955.CSI,中证红利低波动100指数,11633.2625,0.0067912173645992
2025-07-03,2025-07-02,930955.CSI,中证红利低波动100指数,11715.1065,0.00703534369657688
2025-07-03,2025-07-03,930955.CSI,中证红利低波动100指数,11715.0721,-2.9363796223425e-06
2025-07-03,2025-04-07,930986.CSI,中证金融科技主题指数,2293.4646,-0.127806450133432
2025-07-03,2025-04-08,930986.CSI,中证金融科技主题指数,2309.8776,0.00715642177341658
2025-07-03,2025-04-09,930986.CSI,中证金融科技主题指数,2417.5575,0.0466171454279656
2025-07-03,2025-04-10,930986.CSI,中证金融科技主题指数,2477.7894,0.0249143608786968
2025-07-03,2025-04-11,930986.CSI,中证金融科技主题指数,2488.8313,0.00445635129442379
2025-07-03,2025-04-14,930986.CSI,中证金融科技主题指数,2515.2119,0.0105995934718435
2025-07-03,2025-04-15,930986.CSI,中证金融科技主题指数,2486.9872,-0.0112215992616764
2025-07-03,2025-04-16,930986.CSI,中证金融科技主题指数,2467.8461,-0.00769650121239052
2025-07-03,2025-04-17,930986.CSI,中证金融科技主题指数,2453.9421,-0.00563406283722478
2025-07-03,2025-04-18,930986.CSI,中证金融科技主题指数,2470.6881,0.00682412188942827
2025-07-03,2025-04-21,930986.CSI,中证金融科技主题指数,2536.2286,0.026527225350703
2025-07-03,2025-04-22,930986.CSI,中证金融科技主题指数,2570.3549,0.0134555299944177
2025-07-03,2025-04-23,930986.CSI,中证金融科技主题指数,2588.9988,0.00725343414638968
2025-07-03,2025-04-24,930986.CSI,中证金融科技主题指数,2508.392,-0.0311343520128321
2025-07-03,2025-04-25,930986.CSI,中证金融科技主题指数,2505.1326,-0.00129939818018876
2025-07-03,2025-04-28,930986.CSI,中证金融科技主题指数,2477.9495,-0.0108509625398671
2025-07-03,2025-04-29,930986.CSI,中证金融科技主题指数,2480.047,0.000846465999407853
2025-07-03,2025-04-30,930986.CSI,中证金融科技主题指数,2523.0679,0.0173468083467774
2025-07-03,2025-05-06,930986.CSI,中证金融科技主题指数,2630.3866,0.0425350027242628
2025-07-03,2025-05-07,930986.CSI,中证金融科技主题指数,2617.7994,-0.0047853041830429
2025-07-03,2025-05-08,930986.CSI,中证金融科技主题指数,2648.357,0.0116730105446583
2025-07-03,2025-05-09,930986.CSI,中证金融科技主题指数,2593.7324,-0.0206258446274427
2025-07-03,2025-05-12,930986.CSI,中证金融科技主题指数,2673.3714,0.0307044011170929
2025-07-03,2025-05-13,930986.CSI,中证金融科技主题指数,2635.5048,-0.0141643618989864
2025-07-03,2025-05-14,930986.CSI,中证金融科技主题指数,2709.3325,0.0280127359282365
2025-07-03,2025-05-15,930986.CSI,中证金融科技主题指数,2607.4083,-0.0376196720040821
2025-07-03,2025-05-16,930986.CSI,中证金融科技主题指数,2585.1044,-0.00855404962851425
2025-07-03,2025-05-19,930986.CSI,中证金融科技主题指数,2580.2889,-0.00186278743713408
2025-07-03,2025-05-20,930986.CSI,中证金融科技主题指数,2581.3997,0.000430494430294193
2025-07-03,2025-05-21,930986.CSI,中证金融科技主题指数,2573.3962,-0.00310044972888146
2025-07-03,2025-05-22,930986.CSI,中证金融科技主题指数,2541.8509,-0.01225823680007
2025-07-03,2025-05-23,930986.CSI,中证金融科技主题指数,2480.3724,-0.0241865091300201
2025-07-03,2025-05-26,930986.CSI,中证金融科技主题指数,2510.1385,0.0120006576431828
2025-07-03,2025-05-27,930986.CSI,中证金融科技主题指数,2495.9932,-0.00563526673926562
2025-07-03,2025-05-28,930986.CSI,中证金融科技主题指数,2486.7218,-0.003714513324796
2025-07-03,2025-05-29,930986.CSI,中证金融科技主题指数,2623.6779,0.0550749585257186
2025-07-03,2025-05-30,930986.CSI,中证金融科技主题指数,2604.086,-0.00746734193248355
2025-07-03,2025-06-03,930986.CSI,中证金融科技主题指数,2620.1638,0.00617406644788221
2025-07-03,2025-06-04,930986.CSI,中证金融科技主题指数,2644.8874,0.00943589862588001
2025-07-03,2025-06-05,930986.CSI,中证金融科技主题指数,2715.7657,0.0267982296713274
2025-07-03,2025-06-06,930986.CSI,中证金融科技主题指数,2666.7537,-0.0180472122466234
2025-07-03,2025-06-09,930986.CSI,中证金融科技主题指数,2704.459,0.0141390260375376
2025-07-03,2025-06-10,930986.CSI,中证金融科技主题指数,2639.0445,-0.0241876471412581
2025-07-03,2025-06-11,930986.CSI,中证金融科技主题指数,2683.6691,0.0169093776175431
2025-07-03,2025-06-12,930986.CSI,中证金融科技主题指数,2704.5566,0.00778318757703755
2025-07-03,2025-06-13,930986.CSI,中证金融科技主题指数,2667.4866,-0.0137064981372547
2025-07-03,2025-06-16,930986.CSI,中证金融科技主题指数,2791.009,0.0463066618591448
2025-07-03,2025-06-17,930986.CSI,中证金融科技主题指数,2819.4039,0.0101737042051817
2025-07-03,2025-06-18,930986.CSI,中证金融科技主题指数,2800.3142,-0.00677082840099641
2025-07-03,2025-06-19,930986.CSI,中证金融科技主题指数,2716.1018,-0.0300724825807046
2025-07-03,2025-06-20,930986.CSI,中证金融科技主题指数,2674.0101,-0.0154970995564304
2025-07-03,2025-06-23,930986.CSI,中证金融科技主题指数,2790.0973,0.0434131494118142
2025-07-03,2025-06-24,930986.CSI,中证金融科技主题指数,2873.8145,0.0300051184594889
2025-07-03,2025-06-25,930986.CSI,中证金融科技主题指数,3080.869,0.0720486656323851
2025-07-03,2025-06-26,930986.CSI,中证金融科技主题指数,3084.7685,0.00126571431631795
2025-07-03,2025-06-27,930986.CSI,中证金融科技主题指数,3056.1877,-0.00926513610340618
2025-07-03,2025-06-30,930986.CSI,中证金融科技主题指数,3090.3328,0.0111724486032059
2025-07-03,2025-07-01,930986.CSI,中证金融科技主题指数,3002.456,-0.0284360312261515
2025-07-03,2025-07-02,930986.CSI,中证金融科技主题指数,2947.582,-0.0182763710775447
2025-07-03,2025-07-03,930986.CSI,中证金融科技主题指数,2968.1994,0.00699468242104895
2025-07-03,2025-04-07,930997.CSI,中证新能源汽车产业指数,1800.4079,-0.116309442887184
2025-07-03,2025-04-08,930997.CSI,中证新能源汽车产业指数,1799.0248,-0.000768214802878808
2025-07-03,2025-04-09,930997.CSI,中证新能源汽车产业指数,1803.776,0.00264098638328947
2025-07-03,2025-04-10,930997.CSI,中证新能源汽车产业指数,1854.8358,0.0283071733962532
2025-07-03,2025-04-11,930997.CSI,中证新能源汽车产业指数,1888.108,0.0179380837915679
2025-07-03,2025-04-14,930997.CSI,中证新能源汽车产业指数,1898.9665,0.00575099517612343
2025-07-03,2025-04-15,930997.CSI,中证新能源汽车产业指数,1898.9168,-2.61721309986473e-05
2025-07-03,2025-04-16,930997.CSI,中证新能源汽车产业指数,1870.9577,-0.0147237098539547
2025-07-03,2025-04-17,930997.CSI,中证新能源汽车产业指数,1865.2086,-0.00307281132010628
2025-07-03,2025-04-18,930997.CSI,中证新能源汽车产业指数,1872.9689,0.0041605534094149
2025-07-03,2025-04-21,930997.CSI,中证新能源汽车产业指数,1912.9933,0.021369495243621
2025-07-03,2025-04-22,930997.CSI,中证新能源汽车产业指数,1899.102,-0.00726155183084021
2025-07-03,2025-04-23,930997.CSI,中证新能源汽车产业指数,1935.7714,0.0193088101639618
2025-07-03,2025-04-24,930997.CSI,中证新能源汽车产业指数,1930.7269,-0.00260593787055652
2025-07-03,2025-04-25,930997.CSI,中证新能源汽车产业指数,1939.0376,0.00430444098541338
2025-07-03,2025-04-28,930997.CSI,中证新能源汽车产业指数,1910.7211,-0.0146033785007573
2025-07-03,2025-04-29,930997.CSI,中证新能源汽车产业指数,1920.1829,0.00495195243303703
2025-07-03,2025-04-30,930997.CSI,中证新能源汽车产业指数,1947.9473,0.0144592476060483
2025-07-03,2025-05-06,930997.CSI,中证新能源汽车产业指数,1982.8614,0.0179235341736401
2025-07-03,2025-05-07,930997.CSI,中证新能源汽车产业指数,1979.637,-0.00162613483726093
2025-07-03,2025-05-08,930997.CSI,中证新能源汽车产业指数,2000.7271,0.0106535188016794
2025-07-03,2025-05-09,930997.CSI,中证新能源汽车产业指数,1995.039,-0.00284301642138007
2025-07-03,2025-05-12,930997.CSI,中证新能源汽车产业指数,2041.5673,0.0233220002215495
2025-07-03,2025-05-13,930997.CSI,中证新能源汽车产业指数,2031.6809,-0.0048425540514877
2025-07-03,2025-05-14,930997.CSI,中证新能源汽车产业指数,2047.5717,0.00782150385919356
2025-07-03,2025-05-15,930997.CSI,中证新能源汽车产业指数,2016.8785,-0.0149900489443178
2025-07-03,2025-05-16,930997.CSI,中证新能源汽车产业指数,2033.2803,0.00813226974257497
2025-07-03,2025-05-19,930997.CSI,中证新能源汽车产业指数,2023.7126,-0.00470554895948183
2025-07-03,2025-05-20,930997.CSI,中证新能源汽车产业指数,2040.3013,0.00819716198831788
2025-07-03,2025-05-21,930997.CSI,中证新能源汽车产业指数,2076.2584,0.017623426500782
2025-07-03,2025-05-22,930997.CSI,中证新能源汽车产业指数,2046.4902,-0.0143374254379899
2025-07-03,2025-05-23,930997.CSI,中证新能源汽车产业指数,2038.8099,-0.00375291315834303
2025-07-03,2025-05-26,930997.CSI,中证新能源汽车产业指数,1997.5594,-0.0202326366965355
2025-07-03,2025-05-27,930997.CSI,中证新能源汽车产业指数,1982.5612,-0.00750826233252433
2025-07-03,2025-05-28,930997.CSI,中证新能源汽车产业指数,1960.1006,-0.0113290828046065
2025-07-03,2025-05-29,930997.CSI,中证新能源汽车产业指数,1975.8414,0.00803060822490442
2025-07-03,2025-05-30,930997.CSI,中证新能源汽车产业指数,1940.4637,-0.0179051314543769
2025-07-03,2025-06-03,930997.CSI,中证新能源汽车产业指数,1942.3117,0.000952349688376097
2025-07-03,2025-06-04,930997.CSI,中证新能源汽车产业指数,1971.2657,0.0149069791424312
2025-07-03,2025-06-05,930997.CSI,中证新能源汽车产业指数,1974.8302,0.00180822909869538
2025-07-03,2025-06-06,930997.CSI,中证新能源汽车产业指数,1965.8588,-0.0045428715846052
2025-07-03,2025-06-09,930997.CSI,中证新能源汽车产业指数,1965.4554,-0.000205202937260784
2025-07-03,2025-06-10,930997.CSI,中证新能源汽车产业指数,1953.6122,-0.00602567730613479
2025-07-03,2025-06-11,930997.CSI,中证新能源汽车产业指数,1985.1853,0.0161613957979994
2025-07-03,2025-06-12,930997.CSI,中证新能源汽车产业指数,1980.4529,-0.00238385807108288
2025-07-03,2025-06-13,930997.CSI,中证新能源汽车产业指数,1953.7334,-0.0134916109340444
2025-07-03,2025-06-16,930997.CSI,中证新能源汽车产业指数,1943.6719,-0.00514988380707415
2025-07-03,2025-06-17,930997.CSI,中证新能源汽车产业指数,1951.6337,0.00409626748218161
2025-07-03,2025-06-18,930997.CSI,中证新能源汽车产业指数,1952.7385,0.000566089835402961
2025-07-03,2025-06-19,930997.CSI,中证新能源汽车产业指数,1940.4002,-0.00631845994740199
2025-07-03,2025-06-20,930997.CSI,中证新能源汽车产业指数,1928.5471,-0.00610858522896462
2025-07-03,2025-06-23,930997.CSI,中证新能源汽车产业指数,1956.5956,0.0145438501346429
2025-07-03,2025-06-24,930997.CSI,中证新能源汽车产业指数,2022.7912,0.033832029469963
2025-07-03,2025-06-25,930997.CSI,中证新能源汽车产业指数,2057.5219,0.0171696910684604
2025-07-03,2025-06-26,930997.CSI,中证新能源汽车产业指数,2040.9748,-0.00804224732674785
2025-07-03,2025-06-27,930997.CSI,中证新能源汽车产业指数,2036.3264,-0.00227753914453033
2025-07-03,2025-06-30,930997.CSI,中证新能源汽车产业指数,2044.6129,0.00406933780360563
2025-07-03,2025-07-01,930997.CSI,中证新能源汽车产业指数,2034.9178,-0.00474177777123486
2025-07-03,2025-07-02,930997.CSI,中证新能源汽车产业指数,2030.261,-0.00228844624583857
2025-07-03,2025-07-03,930997.CSI,中证新能源汽车产业指数,2065.1107,0.0171651329558122
2025-07-03,2025-04-07,931039.CSI,中证银行AH价格优选指数,11669.0486,-0.0651314419397769
2025-07-03,2025-04-08,931039.CSI,中证银行AH价格优选指数,11837.8552,0.0144661836441404
2025-07-03,2025-04-09,931039.CSI,中证银行AH价格优选指数,11785.1892,-0.00444894781277605
2025-07-03,2025-04-10,931039.CSI,中证银行AH价格优选指数,11936.5419,0.0128426194464488
2025-07-03,2025-04-11,931039.CSI,中证银行AH价格优选指数,12016.36,0.00668686967035237
2025-07-03,2025-04-14,931039.CSI,中证银行AH价格优选指数,12111.0458,0.00787974062028751
2025-07-03,2025-04-15,931039.CSI,中证银行AH价格优选指数,12259.6471,0.0122698982774883
2025-07-03,2025-04-16,931039.CSI,中证银行AH价格优选指数,12287.8432,0.0022999112266453
2025-07-03,2025-04-17,931039.CSI,中证银行AH价格优选指数,12326.0431,0.00310875548932787
2025-07-03,2025-04-18,931039.CSI,中证银行AH价格优选指数,12402.2364,0.00618148901329074
2025-07-03,2025-04-21,931039.CSI,中证银行AH价格优选指数,12296.4928,-0.00852617194105409
2025-07-03,2025-04-22,931039.CSI,中证银行AH价格优选指数,12359.6184,0.00513362639467396
2025-07-03,2025-04-23,931039.CSI,中证银行AH价格优选指数,12324.6493,-0.00282930256163894
2025-07-03,2025-04-24,931039.CSI,中证银行AH价格优选指数,12416.2829,0.00743498640565798
2025-07-03,2025-04-25,931039.CSI,中证银行AH价格优选指数,12397.0266,-0.00155089088699811
2025-07-03,2025-04-28,931039.CSI,中证银行AH价格优选指数,12557.8938,0.0129762728749812
2025-07-03,2025-04-29,931039.CSI,中证银行AH价格优选指数,12486.3813,-0.00569462532005172
2025-07-03,2025-04-30,931039.CSI,中证银行AH价格优选指数,12274.1206,-0.0169993767529748
2025-07-03,2025-05-06,931039.CSI,中证银行AH价格优选指数,12266.2379,-0.000642221162467593
2025-07-03,2025-05-07,931039.CSI,中证银行AH价格优选指数,12416.6633,0.0122633688687874
2025-07-03,2025-05-08,931039.CSI,中证银行AH价格优选指数,12553.7533,0.0110408083627427
2025-07-03,2025-05-09,931039.CSI,中证银行AH价格优选指数,12740.6383,0.0148867829034047
2025-07-03,2025-05-12,931039.CSI,中证银行AH价格优选指数,12775.3429,0.00272392945964084
2025-07-03,2025-05-13,931039.CSI,中证银行AH价格优选指数,12964.87,0.014835382618184
2025-07-03,2025-05-14,931039.CSI,中证银行AH价格优选指数,13129.8763,0.0127271850778294
2025-07-03,2025-05-15,931039.CSI,中证银行AH价格优选指数,13096.9522,-0.00250757122517598
2025-07-03,2025-05-16,931039.CSI,中证银行AH价格优选指数,13005.2646,-0.0070006821892501
2025-07-03,2025-05-19,931039.CSI,中证银行AH价格优选指数,12945.6072,-0.00458717310526691
2025-07-03,2025-05-20,931039.CSI,中证银行AH价格优选指数,13003.0632,0.00443826227015442
2025-07-03,2025-05-21,931039.CSI,中证银行AH价格优选指数,13086.3711,0.00640679036305847
2025-07-03,2025-05-22,931039.CSI,中证银行AH价格优选指数,13199.342,0.00863271407609711
2025-07-03,2025-05-23,931039.CSI,中证银行AH价格优选指数,13106.3145,-0.00704788920538613
2025-07-03,2025-05-26,931039.CSI,中证银行AH价格优选指数,12993.0121,-0.00864487114207435
2025-07-03,2025-05-27,931039.CSI,中证银行AH价格优选指数,13047.1992,0.00417048022298072
2025-07-03,2025-05-28,931039.CSI,中证银行AH价格优选指数,13039.5047,-0.000589743429379008
2025-07-03,2025-05-29,931039.CSI,中证银行AH价格优选指数,13044.1472,0.000356033461915262
2025-07-03,2025-05-30,931039.CSI,中证银行AH价格优选指数,13078.8354,0.00265929228397543
2025-07-03,2025-06-03,931039.CSI,中证银行AH价格优选指数,13358.1126,0.02135336912337
2025-07-03,2025-06-04,931039.CSI,中证银行AH价格优选指数,13384.0127,0.00193890415327069
2025-07-03,2025-06-05,931039.CSI,中证银行AH价格优选指数,13333.8714,-0.00374635777206034
2025-07-03,2025-06-06,931039.CSI,中证银行AH价格优选指数,13350.0724,0.0012150259676269
2025-07-03,2025-06-09,931039.CSI,中证银行AH价格优选指数,13470.7484,0.00903935172666182
2025-07-03,2025-06-10,931039.CSI,中证银行AH价格优选指数,13574.0304,0.00766713154556431
2025-07-03,2025-06-11,931039.CSI,中证银行AH价格优选指数,13700.2562,0.00929906566291461
2025-07-03,2025-06-12,931039.CSI,中证银行AH价格优选指数,13728.1065,0.00203283059772263
2025-07-03,2025-06-13,931039.CSI,中证银行AH价格优选指数,13642.437,-0.00624044546857205
2025-07-03,2025-06-16,931039.CSI,中证银行AH价格优选指数,13806.6368,0.0120359580916518
2025-07-03,2025-06-17,931039.CSI,中证银行AH价格优选指数,13732.165,-0.0053939131650077
2025-07-03,2025-06-18,931039.CSI,中证银行AH价格优选指数,13803.9279,0.00522589846539123
2025-07-03,2025-06-19,931039.CSI,中证银行AH价格优选指数,13713.1158,-0.00657871445416636
2025-07-03,2025-06-20,931039.CSI,中证银行AH价格优选指数,13852.23,0.0101446091485642
2025-07-03,2025-06-23,931039.CSI,中证银行AH价格优选指数,14001.0136,0.0107407688148407
2025-07-03,2025-06-24,931039.CSI,中证银行AH价格优选指数,14082.1996,0.00579858018279467
2025-07-03,2025-06-25,931039.CSI,中证银行AH价格优选指数,14217.3131,0.00959463037294261
2025-07-03,2025-06-26,931039.CSI,中证银行AH价格优选指数,14326.0584,0.0076487940608132
2025-07-03,2025-06-27,931039.CSI,中证银行AH价格优选指数,13998.2487,-0.0228820580544331
2025-07-03,2025-06-30,931039.CSI,中证银行AH价格优选指数,13844.7947,-0.0109623713143487
2025-07-03,2025-07-01,931039.CSI,中证银行AH价格优选指数,13986.5594,0.0102395667882311
2025-07-03,2025-07-02,931039.CSI,中证银行AH价格优选指数,14184.4007,0.0141451013320688
2025-07-03,2025-07-03,931039.CSI,中证银行AH价格优选指数,14121.6261,-0.00442560819647464
2025-07-03,2025-04-07,931052.CSI,中证国信价值指数,2751.6168,-0.0802226719314761
2025-07-03,2025-04-08,931052.CSI,中证国信价值指数,2787.5654,0.0130645371841021
2025-07-03,2025-04-09,931052.CSI,中证国信价值指数,2800.4698,0.00462927255446632
2025-07-03,2025-04-10,931052.CSI,中证国信价值指数,2851.7603,0.0183149627251828
2025-07-03,2025-04-11,931052.CSI,中证国信价值指数,2842.3682,-0.00329343949419592
2025-07-03,2025-04-14,931052.CSI,中证国信价值指数,2863.6631,0.00749195688299653
2025-07-03,2025-04-15,931052.CSI,中证国信价值指数,2875.0057,0.00396087095580477
2025-07-03,2025-04-16,931052.CSI,中证国信价值指数,2864.3972,-0.00368990572783923
2025-07-03,2025-04-17,931052.CSI,中证国信价值指数,2868.4012,0.00139785082878863
2025-07-03,2025-04-18,931052.CSI,中证国信价值指数,2868.9056,0.000175847088615066
2025-07-03,2025-04-21,931052.CSI,中证国信价值指数,2882.0095,0.00456756053597585
2025-07-03,2025-04-22,931052.CSI,中证国信价值指数,2884.8466,0.00098441729633425
2025-07-03,2025-04-23,931052.CSI,中证国信价值指数,2899.6148,0.00511923233630518
2025-07-03,2025-04-24,931052.CSI,中证国信价值指数,2906.58,0.00240211217020958
2025-07-03,2025-04-25,931052.CSI,中证国信价值指数,2904.4495,-0.000732992038753322
2025-07-03,2025-04-28,931052.CSI,中证国信价值指数,2879.7054,-0.00851937690774118
2025-07-03,2025-04-29,931052.CSI,中证国信价值指数,2880.7749,0.000371392156989447
2025-07-03,2025-04-30,931052.CSI,中证国信价值指数,2862.1001,-0.00648256134139458
2025-07-03,2025-05-06,931052.CSI,中证国信价值指数,2882.6816,0.00719104827954831
2025-07-03,2025-05-07,931052.CSI,中证国信价值指数,2900.0557,0.00602706174695111
2025-07-03,2025-05-08,931052.CSI,中证国信价值指数,2909.2399,0.0031669046908307
2025-07-03,2025-05-09,931052.CSI,中证国信价值指数,2909.669,0.000147495570922196
2025-07-03,2025-05-12,931052.CSI,中证国信价值指数,2931.3479,0.00745064129287565
2025-07-03,2025-05-13,931052.CSI,中证国信价值指数,2948.0478,0.00569700375721349
2025-07-03,2025-05-14,931052.CSI,中证国信价值指数,2963.5028,0.00524245231030518
2025-07-03,2025-05-15,931052.CSI,中证国信价值指数,2944.0266,-0.00657202011079594
2025-07-03,2025-05-16,931052.CSI,中证国信价值指数,2939.5118,-0.00153354592652111
2025-07-03,2025-05-19,931052.CSI,中证国信价值指数,2943.2942,0.00128674428182252
2025-07-03,2025-05-20,931052.CSI,中证国信价值指数,2957.5031,0.00482755002880797
2025-07-03,2025-05-21,931052.CSI,中证国信价值指数,2977.4918,0.00675864042205054
2025-07-03,2025-05-22,931052.CSI,中证国信价值指数,2963.744,-0.00461724193497348
2025-07-03,2025-05-23,931052.CSI,中证国信价值指数,2948.8098,-0.00503896422902927
2025-07-03,2025-05-26,931052.CSI,中证国信价值指数,2936.6564,-0.00412145944441722
2025-07-03,2025-05-27,931052.CSI,中证国信价值指数,2924.712,-0.0040673467961726
2025-07-03,2025-05-28,931052.CSI,中证国信价值指数,2934.2661,0.00326668061675806
2025-07-03,2025-05-29,931052.CSI,中证国信价值指数,2946.7042,0.00423891343733285
2025-07-03,2025-05-30,931052.CSI,中证国信价值指数,2934.7962,-0.00404112499652998
2025-07-03,2025-06-03,931052.CSI,中证国信价值指数,2940.2455,0.0018567899195181
2025-07-03,2025-06-04,931052.CSI,中证国信价值指数,2960.2439,0.0068016089132692
2025-07-03,2025-06-05,931052.CSI,中证国信价值指数,2953.4982,-0.00227876493555146
2025-07-03,2025-06-06,931052.CSI,中证国信价值指数,2952.0033,-0.000506145559865279
2025-07-03,2025-06-09,931052.CSI,中证国信价值指数,2959.503,0.00254054594044661
2025-07-03,2025-06-10,931052.CSI,中证国信价值指数,2956.4269,-0.00103939749343052
2025-07-03,2025-06-11,931052.CSI,中证国信价值指数,2965.2142,0.00297227034431335
2025-07-03,2025-06-12,931052.CSI,中证国信价值指数,2969.4571,0.00143089156931731
2025-07-03,2025-06-13,931052.CSI,中证国信价值指数,2940.2795,-0.00982590386640037
2025-07-03,2025-06-16,931052.CSI,中证国信价值指数,2929.6522,-0.00361438427877359
2025-07-03,2025-06-17,931052.CSI,中证国信价值指数,2924.98,-0.00159479681581309
2025-07-03,2025-06-18,931052.CSI,中证国信价值指数,2922.0498,-0.00100178462758727
2025-07-03,2025-06-19,931052.CSI,中证国信价值指数,2899.0123,-0.00788402032025592
2025-07-03,2025-06-20,931052.CSI,中证国信价值指数,2893.4062,-0.00193379655546821
2025-07-03,2025-06-23,931052.CSI,中证国信价值指数,2891.6953,-0.000591309993045575
2025-07-03,2025-06-24,931052.CSI,中证国信价值指数,2916.9172,0.00872218452614981
2025-07-03,2025-06-25,931052.CSI,中证国信价值指数,2931.7682,0.00509133409751916
2025-07-03,2025-06-26,931052.CSI,中证国信价值指数,2920.2198,-0.00393905630056302
2025-07-03,2025-06-27,931052.CSI,中证国信价值指数,2922.3848,0.000741382549354741
2025-07-03,2025-06-30,931052.CSI,中证国信价值指数,2932.1282,0.00333405785576235
2025-07-03,2025-07-01,931052.CSI,中证国信价值指数,2946.8139,0.00500854635210013
2025-07-03,2025-07-02,931052.CSI,中证国信价值指数,2957.2518,0.00354209677102446
2025-07-03,2025-07-03,931052.CSI,中证国信价值指数,2969.9088,0.00427998725032475
2025-07-03,2025-04-07,931066.CSI,中证军工龙头指数,2446.635,-0.0746273296999755
2025-07-03,2025-04-08,931066.CSI,中证军工龙头指数,2502.0928,0.0226669691228973
2025-07-03,2025-04-09,931066.CSI,中证军工龙头指数,2645.5554,0.0573370420153883
2025-07-03,2025-04-10,931066.CSI,中证军工龙头指数,2656.5523,0.00415674530951038
2025-07-03,2025-04-11,931066.CSI,中证军工龙头指数,2685.0684,0.0107342513076065
2025-07-03,2025-04-14,931066.CSI,中证军工龙头指数,2686.2902,0.000455034962982603
2025-07-03,2025-04-15,931066.CSI,中证军工龙头指数,2637.6557,-0.0181047081212596
2025-07-03,2025-04-16,931066.CSI,中证军工龙头指数,2638.0426,0.000146683283948068
2025-07-03,2025-04-17,931066.CSI,中证军工龙头指数,2634.2879,-0.00142329013185782
2025-07-03,2025-04-18,931066.CSI,中证军工龙头指数,2612.5182,-0.00826397904344467
2025-07-03,2025-04-21,931066.CSI,中证军工龙头指数,2656.5507,0.0168544280380516
2025-07-03,2025-04-22,931066.CSI,中证军工龙头指数,2647.2314,-0.00350804522571302
2025-07-03,2025-04-23,931066.CSI,中证军工龙头指数,2623.6329,-0.00891440770912588
2025-07-03,2025-04-24,931066.CSI,中证军工龙头指数,2597.7468,-0.00986650990693105
2025-07-03,2025-04-25,931066.CSI,中证军工龙头指数,2602.6335,0.00188113021638592
2025-07-03,2025-04-28,931066.CSI,中证军工龙头指数,2580.2933,-0.00858369032750872
2025-07-03,2025-04-29,931066.CSI,中证军工龙头指数,2565.3293,-0.00579934071835941
2025-07-03,2025-04-30,931066.CSI,中证军工龙头指数,2572.1565,0.00266133474560171
2025-07-03,2025-05-06,931066.CSI,中证军工龙头指数,2612.5166,0.0156911525406793
2025-07-03,2025-05-07,931066.CSI,中证军工龙头指数,2722.2767,0.042013168452212
2025-07-03,2025-05-08,931066.CSI,中证军工龙头指数,2807.4374,0.0312828964079954
2025-07-03,2025-05-09,931066.CSI,中证军工龙头指数,2726.7946,-0.0287247010387479
2025-07-03,2025-05-12,931066.CSI,中证军工龙头指数,2866.7838,0.0513383736347433
2025-07-03,2025-05-13,931066.CSI,中证军工龙头指数,2784.7763,-0.0286060985833673
2025-07-03,2025-05-14,931066.CSI,中证军工龙头指数,2758.9809,-0.00926300615241515
2025-07-03,2025-05-15,931066.CSI,中证军工龙头指数,2712.9413,-0.0166871760511281
2025-07-03,2025-05-16,931066.CSI,中证军工龙头指数,2713.62,0.000250171280889777
2025-07-03,2025-05-19,931066.CSI,中证军工龙头指数,2747.952,0.0126517345833241
2025-07-03,2025-05-20,931066.CSI,中证军工龙头指数,2728.0572,-0.00723986445178082
2025-07-03,2025-05-21,931066.CSI,中证军工龙头指数,2740.4894,0.00455716251110849
2025-07-03,2025-05-22,931066.CSI,中证军工龙头指数,2731.6665,-0.00321946145823448
2025-07-03,2025-05-23,931066.CSI,中证军工龙头指数,2702.8401,-0.0105526791063257
2025-07-03,2025-05-26,931066.CSI,中证军工龙头指数,2722.8645,0.00740865136639068
2025-07-03,2025-05-27,931066.CSI,中证军工龙头指数,2708.6298,-0.00522784001921506
2025-07-03,2025-05-28,931066.CSI,中证军工龙头指数,2697.2134,-0.00421482477967272
2025-07-03,2025-05-29,931066.CSI,中证军工龙头指数,2738.1447,0.0151754028806173
2025-07-03,2025-05-30,931066.CSI,中证军工龙头指数,2757.8432,0.00719410482579685
2025-07-03,2025-06-03,931066.CSI,中证军工龙头指数,2778.4531,0.00747319499527754
2025-07-03,2025-06-04,931066.CSI,中证军工龙头指数,2763.7357,-0.00529697622032921
2025-07-03,2025-06-05,931066.CSI,中证军工龙头指数,2768.6153,0.00176558127464932
2025-07-03,2025-06-06,931066.CSI,中证军工龙头指数,2767.9105,-0.000254567689487173
2025-07-03,2025-06-09,931066.CSI,中证军工龙头指数,2830.7456,0.0227012759263712
2025-07-03,2025-06-10,931066.CSI,中证军工龙头指数,2773.5902,-0.0201909348547605
2025-07-03,2025-06-11,931066.CSI,中证军工龙头指数,2787.1124,0.00487534171414361
2025-07-03,2025-06-12,931066.CSI,中证军工龙头指数,2771.0876,-0.00574960665382573
2025-07-03,2025-06-13,931066.CSI,中证军工龙头指数,2823.4541,0.0188974538372588
2025-07-03,2025-06-16,931066.CSI,中证军工龙头指数,2818.5392,-0.00174074018061765
2025-07-03,2025-06-17,931066.CSI,中证军工龙头指数,2812.0153,-0.00231463873200699
2025-07-03,2025-06-18,931066.CSI,中证军工龙头指数,2830.7383,0.00665821412849343
2025-07-03,2025-06-19,931066.CSI,中证军工龙头指数,2782.0767,-0.0171904269638772
2025-07-03,2025-06-20,931066.CSI,中证军工龙头指数,2743.4259,-0.013892787355575
2025-07-03,2025-06-23,931066.CSI,中证军工龙头指数,2781.4593,0.0138634690297266
2025-07-03,2025-06-24,931066.CSI,中证军工龙头指数,2788.2723,0.00244943364801342
2025-07-03,2025-06-25,931066.CSI,中证军工龙头指数,2881.1941,0.0333259416592848
2025-07-03,2025-06-26,931066.CSI,中证军工龙头指数,2891.3326,0.00351885351979586
2025-07-03,2025-06-27,931066.CSI,中证军工龙头指数,2920.1,0.00994952984654884
2025-07-03,2025-06-30,931066.CSI,中证军工龙头指数,3055.0584,0.0462170473613916
2025-07-03,2025-07-01,931066.CSI,中证军工龙头指数,3031.6792,-0.00765261966841613
2025-07-03,2025-07-02,931066.CSI,中证军工龙头指数,2968.0627,-0.0209839154485739
2025-07-03,2025-07-03,931066.CSI,中证军工龙头指数,2961.3457,-0.0022630923531366
2025-07-03,2025-04-07,931071.CSI,中证人工智能产业指数,1145.3452,-0.120315951791254
2025-07-03,2025-04-08,931071.CSI,中证人工智能产业指数,1135.1049,-0.00894079793585367
2025-07-03,2025-04-09,931071.CSI,中证人工智能产业指数,1173.7965,0.0340863650575378
2025-07-03,2025-04-10,931071.CSI,中证人工智能产业指数,1200.4475,0.0227049578014589
2025-07-03,2025-04-11,931071.CSI,中证人工智能产业指数,1222.8095,0.0186280532884613
2025-07-03,2025-04-14,931071.CSI,中证人工智能产业指数,1232.2935,0.00775590964905004
2025-07-03,2025-04-15,931071.CSI,中证人工智能产业指数,1222.4478,-0.00798973621138155
2025-07-03,2025-04-16,931071.CSI,中证人工智能产业指数,1212.371,-0.00824313316282288
2025-07-03,2025-04-17,931071.CSI,中证人工智能产业指数,1218.566,0.00510982199343268
2025-07-03,2025-04-18,931071.CSI,中证人工智能产业指数,1220.0128,0.00118729720015165
2025-07-03,2025-04-21,931071.CSI,中证人工智能产业指数,1245.5053,0.0208952725741893
2025-07-03,2025-04-22,931071.CSI,中证人工智能产业指数,1227.7811,-0.0142305295690032
2025-07-03,2025-04-23,931071.CSI,中证人工智能产业指数,1243.7038,0.0129686798404047
2025-07-03,2025-04-24,931071.CSI,中证人工智能产业指数,1218.2892,-0.0204346083046463
2025-07-03,2025-04-25,931071.CSI,中证人工智能产业指数,1232.3561,0.0115464374140393
2025-07-03,2025-04-28,931071.CSI,中证人工智能产业指数,1227.4181,-0.00400695870292678
2025-07-03,2025-04-29,931071.CSI,中证人工智能产业指数,1235.0775,0.00624025342301859
2025-07-03,2025-04-30,931071.CSI,中证人工智能产业指数,1264.4816,0.0238074938617212
2025-07-03,2025-05-06,931071.CSI,中证人工智能产业指数,1300.2679,0.0283011631011476
2025-07-03,2025-05-07,931071.CSI,中证人工智能产业指数,1292.8797,-0.00568205982782477
2025-07-03,2025-05-08,931071.CSI,中证人工智能产业指数,1310.7095,0.0137907649103006
2025-07-03,2025-05-09,931071.CSI,中证人工智能产业指数,1289.8264,-0.0159326685279996
2025-07-03,2025-05-12,931071.CSI,中证人工智能产业指数,1304.9366,0.0117149098514344
2025-07-03,2025-05-13,931071.CSI,中证人工智能产业指数,1300.0069,-0.00377773142388671
2025-07-03,2025-05-14,931071.CSI,中证人工智能产业指数,1307.8445,0.00602889107742421
2025-07-03,2025-05-15,931071.CSI,中证人工智能产业指数,1273.2085,-0.0264832707558124
2025-07-03,2025-05-16,931071.CSI,中证人工智能产业指数,1277.5521,0.00341153864429922
2025-07-03,2025-05-19,931071.CSI,中证人工智能产业指数,1271.5679,-0.00468411425256166
2025-07-03,2025-05-20,931071.CSI,中证人工智能产业指数,1279.4852,0.0062264075713141
2025-07-03,2025-05-21,931071.CSI,中证人工智能产业指数,1271.1522,-0.00651277560693952
2025-07-03,2025-05-22,931071.CSI,中证人工智能产业指数,1270.3067,-0.000665144583001043
2025-07-03,2025-05-23,931071.CSI,中证人工智能产业指数,1250.3934,-0.0156759780925347
2025-07-03,2025-05-26,931071.CSI,中证人工智能产业指数,1256.6396,0.00499538785153542
2025-07-03,2025-05-27,931071.CSI,中证人工智能产业指数,1235.9065,-0.0164988434233649
2025-07-03,2025-05-28,931071.CSI,中证人工智能产业指数,1237.1921,0.00104020813872241
2025-07-03,2025-05-29,931071.CSI,中证人工智能产业指数,1264.2546,0.0218741293288245
2025-07-03,2025-05-30,931071.CSI,中证人工智能产业指数,1242.2839,-0.0173783824871985
2025-07-03,2025-06-03,931071.CSI,中证人工智能产业指数,1241.7813,-0.000404577407788875
2025-07-03,2025-06-04,931071.CSI,中证人工智能产业指数,1262.4903,0.016676849619172
2025-07-03,2025-06-05,931071.CSI,中证人工智能产业指数,1292.9319,0.0241123436750366
2025-07-03,2025-06-06,931071.CSI,中证人工智能产业指数,1292.8699,-4.79530283072904e-05
2025-07-03,2025-06-09,931071.CSI,中证人工智能产业指数,1303.054,0.0078771266931037
2025-07-03,2025-06-10,931071.CSI,中证人工智能产业指数,1282.2324,-0.0159790768456257
2025-07-03,2025-06-11,931071.CSI,中证人工智能产业指数,1284.6525,0.00188741136162207
2025-07-03,2025-06-12,931071.CSI,中证人工智能产业指数,1286.8361,0.00169975927342225
2025-07-03,2025-06-13,931071.CSI,中证人工智能产业指数,1269.4491,-0.0135114331965042
2025-07-03,2025-06-16,931071.CSI,中证人工智能产业指数,1283.654,0.011189814542387
2025-07-03,2025-06-17,931071.CSI,中证人工智能产业指数,1275.7277,-0.0061747947655677
2025-07-03,2025-06-18,931071.CSI,中证人工智能产业指数,1290.2363,0.0113728031460005
2025-07-03,2025-06-19,931071.CSI,中证人工智能产业指数,1286.3243,-0.00303200274244342
2025-07-03,2025-06-20,931071.CSI,中证人工智能产业指数,1270.8239,-0.0120501494063355
2025-07-03,2025-06-23,931071.CSI,中证人工智能产业指数,1266.9066,-0.00308248845493075
2025-07-03,2025-06-24,931071.CSI,中证人工智能产业指数,1293.5758,0.0210506441437752
2025-07-03,2025-06-25,931071.CSI,中证人工智能产业指数,1321.92,0.021911510713172
2025-07-03,2025-06-26,931071.CSI,中证人工智能产业指数,1326.4952,0.00346102638586299
2025-07-03,2025-06-27,931071.CSI,中证人工智能产业指数,1337.4424,0.00825272492505058
2025-07-03,2025-06-30,931071.CSI,中证人工智能产业指数,1361.1533,0.0177285391879307
2025-07-03,2025-07-01,931071.CSI,中证人工智能产业指数,1350.6229,-0.00773638061194126
2025-07-03,2025-07-02,931071.CSI,中证人工智能产业指数,1323.7674,-0.0198837884356915
2025-07-03,2025-07-03,931071.CSI,中证人工智能产业指数,1336.9146,0.00993165415616071
2025-07-03,2025-04-07,931079.CSI,中证5G通信主题指数,797.0267,-0.118626080296556
2025-07-03,2025-04-08,931079.CSI,中证5G通信主题指数,766.3628,-0.0384728642089406
2025-07-03,2025-04-09,931079.CSI,中证5G通信主题指数,779.652,0.0173406120443216
2025-07-03,2025-04-10,931079.CSI,中证5G通信主题指数,814.3641,0.0445225562173892
2025-07-03,2025-04-11,931079.CSI,中证5G通信主题指数,831.6272,0.0211982576343923
2025-07-03,2025-04-14,931079.CSI,中证5G通信主题指数,837.0984,0.00657890939594075
2025-07-03,2025-04-15,931079.CSI,中证5G通信主题指数,826.5362,-0.0126176325268331
2025-07-03,2025-04-16,931079.CSI,中证5G通信主题指数,807.9343,-0.0225058503184736
2025-07-03,2025-04-17,931079.CSI,中证5G通信主题指数,804.8955,-0.00376119691910592
2025-07-03,2025-04-18,931079.CSI,中证5G通信主题指数,816.7776,0.0147622890176426
2025-07-03,2025-04-21,931079.CSI,中证5G通信主题指数,832.5269,0.0192822379066222
2025-07-03,2025-04-22,931079.CSI,中证5G通信主题指数,822.5922,-0.0119331879846765
2025-07-03,2025-04-23,931079.CSI,中证5G通信主题指数,843.536,0.0254607325476706
2025-07-03,2025-04-24,931079.CSI,中证5G通信主题指数,827.1968,-0.0193698905559453
2025-07-03,2025-04-25,931079.CSI,中证5G通信主题指数,842.0038,0.0179002143141751
2025-07-03,2025-04-28,931079.CSI,中证5G通信主题指数,831.3128,-0.0126970923409133
2025-07-03,2025-04-29,931079.CSI,中证5G通信主题指数,834.5595,0.00390550945444357
2025-07-03,2025-04-30,931079.CSI,中证5G通信主题指数,844.78,0.0122465803816265
2025-07-03,2025-05-06,931079.CSI,中证5G通信主题指数,873.3492,0.0338185089609129
2025-07-03,2025-05-07,931079.CSI,中证5G通信主题指数,871.9105,-0.00164733648350512
2025-07-03,2025-05-08,931079.CSI,中证5G通信主题指数,897.852,0.0297524803291165
2025-07-03,2025-05-09,931079.CSI,中证5G通信主题指数,881.8324,-0.017842138793476
2025-07-03,2025-05-12,931079.CSI,中证5G通信主题指数,907.2103,0.0287785978378656
2025-07-03,2025-05-13,931079.CSI,中证5G通信主题指数,900.3695,-0.00754047876220099
2025-07-03,2025-05-14,931079.CSI,中证5G通信主题指数,903.6513,0.00364494799079718
2025-07-03,2025-05-15,931079.CSI,中证5G通信主题指数,879.9606,-0.0262166390951908
2025-07-03,2025-05-16,931079.CSI,中证5G通信主题指数,884.2193,0.00483964850244423
2025-07-03,2025-05-19,931079.CSI,中证5G通信主题指数,880.3064,-0.00442525966126273
2025-07-03,2025-05-20,931079.CSI,中证5G通信主题指数,884.8659,0.00517944661086189
2025-07-03,2025-05-21,931079.CSI,中证5G通信主题指数,880.2776,-0.00518530547962126
2025-07-03,2025-05-22,931079.CSI,中证5G通信主题指数,874.6072,-0.0064416043302703
2025-07-03,2025-05-23,931079.CSI,中证5G通信主题指数,858.6289,-0.0182691155526732
2025-07-03,2025-05-26,931079.CSI,中证5G通信主题指数,864.149,0.00642897065309578
2025-07-03,2025-05-27,931079.CSI,中证5G通信主题指数,849.0269,-0.0174994127170199
2025-07-03,2025-05-28,931079.CSI,中证5G通信主题指数,854.7869,0.00678423734277445
2025-07-03,2025-05-29,931079.CSI,中证5G通信主题指数,878.7541,0.0280388012497619
2025-07-03,2025-05-30,931079.CSI,中证5G通信主题指数,865.2471,-0.0153706252977938
2025-07-03,2025-06-03,931079.CSI,中证5G通信主题指数,861.3224,-0.00453592967835437
2025-07-03,2025-06-04,931079.CSI,中证5G通信主题指数,882.6965,0.02481544657378
2025-07-03,2025-06-05,931079.CSI,中证5G通信主题指数,910.4455,0.0314366262922761
2025-07-03,2025-06-06,931079.CSI,中证5G通信主题指数,912.6787,0.0024528651083453
2025-07-03,2025-06-09,931079.CSI,中证5G通信主题指数,923.2711,0.0116058367528462
2025-07-03,2025-06-10,931079.CSI,中证5G通信主题指数,908.5069,-0.0159911861207397
2025-07-03,2025-06-11,931079.CSI,中证5G通信主题指数,911.0964,0.00285028104904872
2025-07-03,2025-06-12,931079.CSI,中证5G通信主题指数,921.565,0.0114901123525459
2025-07-03,2025-06-13,931079.CSI,中证5G通信主题指数,912.4587,-0.0098813431499678
2025-07-03,2025-06-16,931079.CSI,中证5G通信主题指数,931.4804,0.0208466421548723
2025-07-03,2025-06-17,931079.CSI,中证5G通信主题指数,929.6009,-0.00201775582180796
2025-07-03,2025-06-18,931079.CSI,中证5G通信主题指数,949.6946,0.0216154050625381
2025-07-03,2025-06-19,931079.CSI,中证5G通信主题指数,942.7683,-0.00729318667285261
2025-07-03,2025-06-20,931079.CSI,中证5G通信主题指数,932.1068,-0.0113087171047223
2025-07-03,2025-06-23,931079.CSI,中证5G通信主题指数,931.369,-0.000791540196895868
2025-07-03,2025-06-24,931079.CSI,中证5G通信主题指数,944.503,0.0141018221564171
2025-07-03,2025-06-25,931079.CSI,中证5G通信主题指数,957.5651,0.0138296013882433
2025-07-03,2025-06-26,931079.CSI,中证5G通信主题指数,961.5084,0.00411804899739976
2025-07-03,2025-06-27,931079.CSI,中证5G通信主题指数,982.2216,0.0215424015016406
2025-07-03,2025-06-30,931079.CSI,中证5G通信主题指数,1000.2509,0.0183556337999491
2025-07-03,2025-07-01,931079.CSI,中证5G通信主题指数,1001.861,0.0016096961272416
2025-07-03,2025-07-02,931079.CSI,中证5G通信主题指数,977.2969,-0.0245184711252359
2025-07-03,2025-07-03,931079.CSI,中证5G通信主题指数,1008.5994,0.032029672866045
2025-07-03,2025-04-07,931087.CSI,中证科技龙头指数,3116.655,-0.0901703347632989
2025-07-03,2025-04-08,931087.CSI,中证科技龙头指数,3095.0859,-0.00692059275088197
2025-07-03,2025-04-09,931087.CSI,中证科技龙头指数,3177.1477,0.0265135775391565
2025-07-03,2025-04-10,931087.CSI,中证科技龙头指数,3235.4475,0.0183497292241088
2025-07-03,2025-04-11,931087.CSI,中证科技龙头指数,3293.0791,0.0178125591591269
2025-07-03,2025-04-14,931087.CSI,中证科技龙头指数,3303.9493,0.00330092283540973
2025-07-03,2025-04-15,931087.CSI,中证科技龙头指数,3274.4825,-0.00891865985958085
2025-07-03,2025-04-16,931087.CSI,中证科技龙头指数,3272.5493,-0.00059038336592121
2025-07-03,2025-04-17,931087.CSI,中证科技龙头指数,3271.2473,-0.000397854968907652
2025-07-03,2025-04-18,931087.CSI,中证科技龙头指数,3271.0124,-7.18074723362605e-05
2025-07-03,2025-04-21,931087.CSI,中证科技龙头指数,3315.6319,0.0136408837826478
2025-07-03,2025-04-22,931087.CSI,中证科技龙头指数,3299.2009,-0.00495561645428733
2025-07-03,2025-04-23,931087.CSI,中证科技龙头指数,3318.7227,0.00591712981164627
2025-07-03,2025-04-24,931087.CSI,中证科技龙头指数,3277.3678,-0.0124610893221057
2025-07-03,2025-04-25,931087.CSI,中证科技龙头指数,3294.3707,0.00518797432500562
2025-07-03,2025-04-28,931087.CSI,中证科技龙头指数,3274.0637,-0.00616415147208538
2025-07-03,2025-04-29,931087.CSI,中证科技龙头指数,3287.8472,0.00420990587324255
2025-07-03,2025-04-30,931087.CSI,中证科技龙头指数,3330.6447,0.0130168762100622
2025-07-03,2025-05-06,931087.CSI,中证科技龙头指数,3400.1515,0.0208688726239699
2025-07-03,2025-05-07,931087.CSI,中证科技龙头指数,3391.7557,-0.00246924291461714
2025-07-03,2025-05-08,931087.CSI,中证科技龙头指数,3420.1943,0.00838462510728588
2025-07-03,2025-05-09,931087.CSI,中证科技龙头指数,3368.7613,-0.0150380345350555
2025-07-03,2025-05-12,931087.CSI,中证科技龙头指数,3409.3108,0.0120369169522341
2025-07-03,2025-05-13,931087.CSI,中证科技龙头指数,3400.7009,-0.00252540777449817
2025-07-03,2025-05-14,931087.CSI,中证科技龙头指数,3430.5808,0.00878639459295005
2025-07-03,2025-05-15,931087.CSI,中证科技龙头指数,3362.7417,-0.0197748148068689
2025-07-03,2025-05-16,931087.CSI,中证科技龙头指数,3360.8595,-0.000559721848395367
2025-07-03,2025-05-19,931087.CSI,中证科技龙头指数,3350.6458,-0.00303901427596132
2025-07-03,2025-05-20,931087.CSI,中证科技龙头指数,3364.8361,0.00423509402277022
2025-07-03,2025-05-21,931087.CSI,中证科技龙头指数,3355.2641,-0.00284471508136763
2025-07-03,2025-05-22,931087.CSI,中证科技龙头指数,3340.5242,-0.00439306700178987
2025-07-03,2025-05-23,931087.CSI,中证科技龙头指数,3302.3267,-0.0114345826322706
2025-07-03,2025-05-26,931087.CSI,中证科技龙头指数,3306.7771,0.00134765588153329
2025-07-03,2025-05-27,931087.CSI,中证科技龙头指数,3276.0058,-0.00930552591524836
2025-07-03,2025-05-28,931087.CSI,中证科技龙头指数,3280.5332,0.00138198778524745
2025-07-03,2025-05-29,931087.CSI,中证科技龙头指数,3335.4713,0.0167466983720819
2025-07-03,2025-05-30,931087.CSI,中证科技龙头指数,3303.9274,-0.00945710430786806
2025-07-03,2025-06-03,931087.CSI,中证科技龙头指数,3319.5637,0.00473264031164855
2025-07-03,2025-06-04,931087.CSI,中证科技龙头指数,3364.8851,0.0136528182905482
2025-07-03,2025-06-05,931087.CSI,中证科技龙头指数,3428.7008,0.0189651943836062
2025-07-03,2025-06-06,931087.CSI,中证科技龙头指数,3429.236,0.00015609411004891
2025-07-03,2025-06-09,931087.CSI,中证科技龙头指数,3452.921,0.0069067862346015
2025-07-03,2025-06-10,931087.CSI,中证科技龙头指数,3423.9415,-0.00839274921146471
2025-07-03,2025-06-11,931087.CSI,中证科技龙头指数,3423.9072,-1.00176945195818e-05
2025-07-03,2025-06-12,931087.CSI,中证科技龙头指数,3426.384,0.000723384091718238
2025-07-03,2025-06-13,931087.CSI,中证科技龙头指数,3400.9699,-0.00741717799289277
2025-07-03,2025-06-16,931087.CSI,中证科技龙头指数,3435.1894,0.0100616885788962
2025-07-03,2025-06-17,931087.CSI,中证科技龙头指数,3406.6677,-0.00830280275084694
2025-07-03,2025-06-18,931087.CSI,中证科技龙头指数,3434.1749,0.00807451809872739
2025-07-03,2025-06-19,931087.CSI,中证科技龙头指数,3419.7892,-0.00418898291988556
2025-07-03,2025-06-20,931087.CSI,中证科技龙头指数,3394.4844,-0.00739952041488412
2025-07-03,2025-06-23,931087.CSI,中证科技龙头指数,3406.9273,0.00366562297355078
2025-07-03,2025-06-24,931087.CSI,中证科技龙头指数,3446.5007,0.0116155692550293
2025-07-03,2025-06-25,931087.CSI,中证科技龙头指数,3512.5196,0.0191553421126536
2025-07-03,2025-06-26,931087.CSI,中证科技龙头指数,3508.213,-0.001226071450249
2025-07-03,2025-06-27,931087.CSI,中证科技龙头指数,3534.2256,0.00741477213612751
2025-07-03,2025-06-30,931087.CSI,中证科技龙头指数,3582.3375,0.013613137769134
2025-07-03,2025-07-01,931087.CSI,中证科技龙头指数,3581.2992,-0.000289838687728361
2025-07-03,2025-07-02,931087.CSI,中证科技龙头指数,3528.5547,-0.0147277557820357
2025-07-03,2025-07-03,931087.CSI,中证科技龙头指数,3573.9419,0.012862830212041
2025-07-03,2025-04-07,931139.CSI,中证消费50指数,15436.117,-0.0569206800850474
2025-07-03,2025-04-08,931139.CSI,中证消费50指数,15930.7322,0.0320427216248749
2025-07-03,2025-04-09,931139.CSI,中证消费50指数,16155.2123,0.0140910095770739
2025-07-03,2025-04-10,931139.CSI,中证消费50指数,16350.9526,0.0121162319853885
2025-07-03,2025-04-11,931139.CSI,中证消费50指数,16268.9814,-0.00501323696577771
2025-07-03,2025-04-14,931139.CSI,中证消费50指数,16173.0937,-0.00589389695903153
2025-07-03,2025-04-15,931139.CSI,中证消费50指数,16284.8238,0.00690839378491948
2025-07-03,2025-04-16,931139.CSI,中证消费50指数,16335.1758,0.00309195853872257
2025-07-03,2025-04-17,931139.CSI,中证消费50指数,16363.4879,0.00173319836570096
2025-07-03,2025-04-18,931139.CSI,中证消费50指数,16254.3206,-0.00667139552808915
2025-07-03,2025-04-21,931139.CSI,中证消费50指数,16251.1537,-0.000194834350689455
2025-07-03,2025-04-22,931139.CSI,中证消费50指数,16293.3964,0.00259936622222701
2025-07-03,2025-04-23,931139.CSI,中证消费50指数,16257.6657,-0.00219295591433599
2025-07-03,2025-04-24,931139.CSI,中证消费50指数,16294.5111,0.00226634011794213
2025-07-03,2025-04-25,931139.CSI,中证消费50指数,16260.3263,-0.00209793345686815
2025-07-03,2025-04-28,931139.CSI,中证消费50指数,16294.0416,0.00207347007544367
2025-07-03,2025-04-29,931139.CSI,中证消费50指数,16298.9725,0.000302619823923767
2025-07-03,2025-04-30,931139.CSI,中证消费50指数,16308.5334,0.000586595259302491
2025-07-03,2025-05-06,931139.CSI,中证消费50指数,16347.9699,0.00241815122382483
2025-07-03,2025-05-07,931139.CSI,中证消费50指数,16394.1682,0.00282593498046513
2025-07-03,2025-05-08,931139.CSI,中证消费50指数,16492.6163,0.00600506831447545
2025-07-03,2025-05-09,931139.CSI,中证消费50指数,16553.6045,0.00369790934868219
2025-07-03,2025-05-12,931139.CSI,中证消费50指数,16686.5213,0.0080294778095007
2025-07-03,2025-05-13,931139.CSI,中证消费50指数,16676.2187,-0.000617420480564679
2025-07-03,2025-05-14,931139.CSI,中证消费50指数,16828.9927,0.0091611895207393
2025-07-03,2025-05-15,931139.CSI,中证消费50指数,16758.7115,-0.00417619766392774
2025-07-03,2025-05-16,931139.CSI,中证消费50指数,16636.252,-0.0073072145194456
2025-07-03,2025-05-19,931139.CSI,中证消费50指数,16582.2609,-0.00324538844446454
2025-07-03,2025-05-20,931139.CSI,中证消费50指数,16775.7616,0.0116691385551653
2025-07-03,2025-05-21,931139.CSI,中证消费50指数,16775.2193,-3.23264012049851e-05
2025-07-03,2025-05-22,931139.CSI,中证消费50指数,16782.3912,0.000427529433251417
2025-07-03,2025-05-23,931139.CSI,中证消费50指数,16675.7964,-0.00635158594086394
2025-07-03,2025-05-26,931139.CSI,中证消费50指数,16548.451,-0.00763654082512055
2025-07-03,2025-05-27,931139.CSI,中证消费50指数,16509.7268,-0.00234004983306291
2025-07-03,2025-05-28,931139.CSI,中证消费50指数,16624.4018,0.00694590536773743
2025-07-03,2025-05-29,931139.CSI,中证消费50指数,16591.9789,-0.0019503198003793
2025-07-03,2025-05-30,931139.CSI,中证消费50指数,16510.3459,-0.00492002795398916
2025-07-03,2025-06-03,931139.CSI,中证消费50指数,16352.4888,-0.00956110192700454
2025-07-03,2025-06-04,931139.CSI,中证消费50指数,16396.9618,0.00271964717688733
2025-07-03,2025-06-05,931139.CSI,中证消费50指数,16324.8724,-0.00439650960216309
2025-07-03,2025-06-06,931139.CSI,中证消费50指数,16238.2266,-0.00530759431847072
2025-07-03,2025-06-09,931139.CSI,中证消费50指数,16177.4073,-0.00374543978835717
2025-07-03,2025-06-10,931139.CSI,中证消费50指数,16094.6639,-0.00511475037164955
2025-07-03,2025-06-11,931139.CSI,中证消费50指数,16140.5777,0.00285273431525335
2025-07-03,2025-06-12,931139.CSI,中证消费50指数,15917.2009,-0.0138394550772492
2025-07-03,2025-06-13,931139.CSI,中证消费50指数,15667.6924,-0.0156754005661888
2025-07-03,2025-06-16,931139.CSI,中证消费50指数,15593.0734,-0.00476260307484722
2025-07-03,2025-06-17,931139.CSI,中证消费50指数,15609.9674,0.00108342977465892
2025-07-03,2025-06-18,931139.CSI,中证消费50指数,15604.7421,-0.0003347412500041
2025-07-03,2025-06-19,931139.CSI,中证消费50指数,15499.4802,-0.00674550718784384
2025-07-03,2025-06-20,931139.CSI,中证消费50指数,15588.1615,0.00572156606903507
2025-07-03,2025-06-23,931139.CSI,中证消费50指数,15444.5292,-0.009214191166803
2025-07-03,2025-06-24,931139.CSI,中证消费50指数,15627.1852,0.0118265825804518
2025-07-03,2025-06-25,931139.CSI,中证消费50指数,15732.2238,0.00672153037515666
2025-07-03,2025-06-26,931139.CSI,中证消费50指数,15676.1278,-0.00356567518445805
2025-07-03,2025-06-27,931139.CSI,中证消费50指数,15575.9419,-0.00639098515132042
2025-07-03,2025-06-30,931139.CSI,中证消费50指数,15598.9514,0.00147724613687727
2025-07-03,2025-07-01,931139.CSI,中证消费50指数,15605.2256,0.000402219344051602
2025-07-03,2025-07-02,931139.CSI,中证消费50指数,15673.6888,0.00438719706814106
2025-07-03,2025-07-03,931139.CSI,中证消费50指数,15746.9603,0.00467480890650318
2025-07-03,2025-04-07,931140.CSI,中证医药50指数,9533.9238,-0.0653544965013451
2025-07-03,2025-04-08,931140.CSI,中证医药50指数,9568.7353,0.00365132979141292
2025-07-03,2025-04-09,931140.CSI,中证医药50指数,9576.8168,0.000844573472525756
2025-07-03,2025-04-10,931140.CSI,中证医药50指数,9746.5111,0.017719280168333
2025-07-03,2025-04-11,931140.CSI,中证医药50指数,9736.0535,-0.00107295830197118
2025-07-03,2025-04-14,931140.CSI,中证医药50指数,9768.5682,0.00333961804955152
2025-07-03,2025-04-15,931140.CSI,中证医药50指数,9752.0607,-0.00168985870416505
2025-07-03,2025-04-16,931140.CSI,中证医药50指数,9724.7235,-0.00280322291267121
2025-07-03,2025-04-17,931140.CSI,中证医药50指数,9733.8298,0.00093640708653564
2025-07-03,2025-04-18,931140.CSI,中证医药50指数,9654.2191,-0.00817876433384923
2025-07-03,2025-04-21,931140.CSI,中证医药50指数,9744.2905,0.0093297447537728
2025-07-03,2025-04-22,931140.CSI,中证医药50指数,9837.1037,0.00952488023627795
2025-07-03,2025-04-23,931140.CSI,中证医药50指数,9759.5392,-0.00788489197282738
2025-07-03,2025-04-24,931140.CSI,中证医药50指数,9776.3768,0.00172524538863472
2025-07-03,2025-04-25,931140.CSI,中证医药50指数,9741.3231,-0.00358555124430149
2025-07-03,2025-04-28,931140.CSI,中证医药50指数,9704.0301,-0.00382833005508254
2025-07-03,2025-04-29,931140.CSI,中证医药50指数,9769.194,0.00671513786833766
2025-07-03,2025-04-30,931140.CSI,中证医药50指数,9846.0041,0.00786248077374663
2025-07-03,2025-05-06,931140.CSI,中证医药50指数,9910.372,0.00653746426938806
2025-07-03,2025-05-07,931140.CSI,中证医药50指数,9881.0772,-0.00295597380199242
2025-07-03,2025-05-08,931140.CSI,中证医药50指数,9884.2527,0.000321371843952312
2025-07-03,2025-05-09,931140.CSI,中证医药50指数,9912.8877,0.00289703236745464
2025-07-03,2025-05-12,931140.CSI,中证医药50指数,9880.6106,-0.0032560744131096
2025-07-03,2025-05-13,931140.CSI,中证医药50指数,9953.0317,0.00732961786794828
2025-07-03,2025-05-14,931140.CSI,中证医药50指数,9995.6068,0.00427760116548215
2025-07-03,2025-05-15,931140.CSI,中证医药50指数,10006.9574,0.0011355588737243
2025-07-03,2025-05-16,931140.CSI,中证医药50指数,10006.0418,-9.14963423346293e-05
2025-07-03,2025-05-19,931140.CSI,中证医药50指数,9988.6948,-0.00173365256179536
2025-07-03,2025-05-20,931140.CSI,中证医药50指数,10123.8454,0.0135303563384479
2025-07-03,2025-05-21,931140.CSI,中证医药50指数,10200.3468,0.00755655553570578
2025-07-03,2025-05-22,931140.CSI,中证医药50指数,10150.8149,-0.00485590352673104
2025-07-03,2025-05-23,931140.CSI,中证医药50指数,10162.8184,0.00118251589830498
2025-07-03,2025-05-26,931140.CSI,中证医药50指数,10041.4528,-0.0119421203078863
2025-07-03,2025-05-27,931140.CSI,中证医药50指数,10089.299,0.00476486828678824
2025-07-03,2025-05-28,931140.CSI,中证医药50指数,10101.0837,0.0011680395238558
2025-07-03,2025-05-29,931140.CSI,中证医药50指数,10255.3435,0.0152716089264759
2025-07-03,2025-05-30,931140.CSI,中证医药50指数,10256.8755,0.000149385537402846
2025-07-03,2025-06-03,931140.CSI,中证医药50指数,10379.3382,0.0119395716561053
2025-07-03,2025-06-04,931140.CSI,中证医药50指数,10466.8407,0.00843045079694971
2025-07-03,2025-06-05,931140.CSI,中证医药50指数,10353.1128,-0.0108655422643434
2025-07-03,2025-06-06,931140.CSI,中证医药50指数,10289.2137,-0.00617196984466362
2025-07-03,2025-06-09,931140.CSI,中证医药50指数,10420.7091,0.0127799270025852
2025-07-03,2025-06-10,931140.CSI,中证医药50指数,10470.1293,0.00474249876143262
2025-07-03,2025-06-11,931140.CSI,中证医药50指数,10423.6413,-0.00444005978035067
2025-07-03,2025-06-12,931140.CSI,中证医药50指数,10571.15,0.0141513599475072
2025-07-03,2025-06-13,931140.CSI,中证医药50指数,10382.7103,-0.0178258467621781
2025-07-03,2025-06-16,931140.CSI,中证医药50指数,10279.42,-0.00994829837446209
2025-07-03,2025-06-17,931140.CSI,中证医药50指数,10061.7675,-0.0211736167993914
2025-07-03,2025-06-18,931140.CSI,中证医药50指数,9995.8509,-0.00655119490685907
2025-07-03,2025-06-19,931140.CSI,中证医药50指数,9898.7682,-0.00971229973028098
2025-07-03,2025-06-20,931140.CSI,中证医药50指数,9894.6457,-0.000416465959875878
2025-07-03,2025-06-23,931140.CSI,中证医药50指数,9912.1066,0.00176468168031518
2025-07-03,2025-06-24,931140.CSI,中证医药50指数,10003.6654,0.00923706772887223
2025-07-03,2025-06-25,931140.CSI,中证医药50指数,10091.4576,0.00877600324377092
2025-07-03,2025-06-26,931140.CSI,中证医药50指数,9988.1853,-0.0102336356246495
2025-07-03,2025-06-27,931140.CSI,中证医药50指数,10013.209,0.00250532997220243
2025-07-03,2025-06-30,931140.CSI,中证医药50指数,10081.9771,0.00686773840434163
2025-07-03,2025-07-01,931140.CSI,中证医药50指数,10199.3124,0.0116381240342234
2025-07-03,2025-07-02,931140.CSI,中证医药50指数,10091.6809,-0.0105528192273041
2025-07-03,2025-07-03,931140.CSI,中证医药50指数,10199.284,0.0106625547385273
2025-07-03,2025-04-07,931151.CSI,中证光伏产业指数,1867.7683,-0.116476386723496
2025-07-03,2025-04-08,931151.CSI,中证光伏产业指数,1877.8141,0.00537850438943632
2025-07-03,2025-04-09,931151.CSI,中证光伏产业指数,1893.633,0.00842410332311383
2025-07-03,2025-04-10,931151.CSI,中证光伏产业指数,1942.4695,0.0257898441778317
2025-07-03,2025-04-11,931151.CSI,中证光伏产业指数,1942.5333,3.28447885540317e-05
2025-07-03,2025-04-14,931151.CSI,中证光伏产业指数,1954.9306,0.00638202701595891
2025-07-03,2025-04-15,931151.CSI,中证光伏产业指数,1946.0593,-0.0045379104506319
2025-07-03,2025-04-16,931151.CSI,中证光伏产业指数,1934.626,-0.00587510360038868
2025-07-03,2025-04-17,931151.CSI,中证光伏产业指数,1925.5027,-0.00471579519762477
2025-07-03,2025-04-18,931151.CSI,中证光伏产业指数,1918.6303,-0.00356914586512913
2025-07-03,2025-04-21,931151.CSI,中证光伏产业指数,1926.8407,0.00427930279220545
2025-07-03,2025-04-22,931151.CSI,中证光伏产业指数,1916.9699,-0.00512278986010617
2025-07-03,2025-04-23,931151.CSI,中证光伏产业指数,1928.0254,0.00576717453936015
2025-07-03,2025-04-24,931151.CSI,中证光伏产业指数,1905.0281,-0.0119279030245141
2025-07-03,2025-04-25,931151.CSI,中证光伏产业指数,1922.719,0.00928642469893237
2025-07-03,2025-04-28,931151.CSI,中证光伏产业指数,1922.8445,6.52721484522001e-05
2025-07-03,2025-04-29,931151.CSI,中证光伏产业指数,1911.9818,-0.0056492867727993
2025-07-03,2025-04-30,931151.CSI,中证光伏产业指数,1916.8372,0.00253945931912103
2025-07-03,2025-05-06,931151.CSI,中证光伏产业指数,1964.4694,0.0248493716628622
2025-07-03,2025-05-07,931151.CSI,中证光伏产业指数,1968.8888,0.00224966599123411
2025-07-03,2025-05-08,931151.CSI,中证光伏产业指数,1998.1552,0.0148644250503127
2025-07-03,2025-05-09,931151.CSI,中证光伏产业指数,1965.4417,-0.0163718513957274
2025-07-03,2025-05-12,931151.CSI,中证光伏产业指数,2023.6972,0.0296399023181404
2025-07-03,2025-05-13,931151.CSI,中证光伏产业指数,2054.6738,0.0153069342587417
2025-07-03,2025-05-14,931151.CSI,中证光伏产业指数,2034.5612,-0.00978870709306745
2025-07-03,2025-05-15,931151.CSI,中证光伏产业指数,1988.1612,-0.0228059003582689
2025-07-03,2025-05-16,931151.CSI,中证光伏产业指数,1996.907,0.00439893907999012
2025-07-03,2025-05-19,931151.CSI,中证光伏产业指数,1991.5427,-0.00268630436970774
2025-07-03,2025-05-20,931151.CSI,中证光伏产业指数,1991.8561,0.000157365443382185
2025-07-03,2025-05-21,931151.CSI,中证光伏产业指数,1991.8055,-2.54034415437809e-05
2025-07-03,2025-05-22,931151.CSI,中证光伏产业指数,1966.9902,-0.0124586963937995
2025-07-03,2025-05-23,931151.CSI,中证光伏产业指数,1940.9367,-0.0132453633983535
2025-07-03,2025-05-26,931151.CSI,中证光伏产业指数,1951.4593,0.0054214029751718
2025-07-03,2025-05-27,931151.CSI,中证光伏产业指数,1930.4436,-0.0107692228067477
2025-07-03,2025-05-28,931151.CSI,中证光伏产业指数,1914.9533,-0.00802421785334739
2025-07-03,2025-05-29,931151.CSI,中证光伏产业指数,1935.9705,0.010975306812965
2025-07-03,2025-05-30,931151.CSI,中证光伏产业指数,1906.6355,-0.0151526069224711
2025-07-03,2025-06-03,931151.CSI,中证光伏产业指数,1903.1747,-0.00181513456557381
2025-07-03,2025-06-04,931151.CSI,中证光伏产业指数,1922.7185,0.0102690520213409
2025-07-03,2025-06-05,931151.CSI,中证光伏产业指数,1932.3273,0.00499750743543581
2025-07-03,2025-06-06,931151.CSI,中证光伏产业指数,1930.3692,-0.00101333764730216
2025-07-03,2025-06-09,931151.CSI,中证光伏产业指数,1953.1127,0.0117819430604258
2025-07-03,2025-06-10,931151.CSI,中证光伏产业指数,1931.9946,-0.0108125352930222
2025-07-03,2025-06-11,931151.CSI,中证光伏产业指数,1953.8479,0.0113112634993908
2025-07-03,2025-06-12,931151.CSI,中证光伏产业指数,1945.9682,-0.00403291371861647
2025-07-03,2025-06-13,931151.CSI,中证光伏产业指数,1911.408,-0.0177598996735918
2025-07-03,2025-06-16,931151.CSI,中证光伏产业指数,1921.148,0.00509572001372804
2025-07-03,2025-06-17,931151.CSI,中证光伏产业指数,1919.4786,-0.00086895960123845
2025-07-03,2025-06-18,931151.CSI,中证光伏产业指数,1928.4625,0.00468038560054818
2025-07-03,2025-06-19,931151.CSI,中证光伏产业指数,1890.6263,-0.0196198785301763
2025-07-03,2025-06-20,931151.CSI,中证光伏产业指数,1897.6038,0.00369057597474454
2025-07-03,2025-06-23,931151.CSI,中证光伏产业指数,1907.2156,0.0050652301602685
2025-07-03,2025-06-24,931151.CSI,中证光伏产业指数,1938.7114,0.0165140218022546
2025-07-03,2025-06-25,931151.CSI,中证光伏产业指数,1955.8367,0.00883334156904425
2025-07-03,2025-06-26,931151.CSI,中证光伏产业指数,1934.5161,-0.0109010123391181
2025-07-03,2025-06-27,931151.CSI,中证光伏产业指数,1955.6297,0.0109141505723318
2025-07-03,2025-06-30,931151.CSI,中证光伏产业指数,2001.0978,0.0232498514417121
2025-07-03,2025-07-01,931151.CSI,中证光伏产业指数,1993.8719,-0.00361096793969784
2025-07-03,2025-07-02,931151.CSI,中证光伏产业指数,2051.6398,0.0289727238745878
2025-07-03,2025-07-03,931151.CSI,中证光伏产业指数,2056.0543,0.00215169348927624
2025-07-03,2025-04-07,931152.CSI,中证创新药产业指数,1586.0447,-0.0872039791259909
2025-07-03,2025-04-08,931152.CSI,中证创新药产业指数,1584.2954,-0.00110293234484493
2025-07-03,2025-04-09,931152.CSI,中证创新药产业指数,1575.0917,-0.00580933328468924
2025-07-03,2025-04-10,931152.CSI,中证创新药产业指数,1613.6853,0.0245024464289922
2025-07-03,2025-04-11,931152.CSI,中证创新药产业指数,1624.4842,0.00669207310743913
2025-07-03,2025-04-14,931152.CSI,中证创新药产业指数,1645.4145,0.0128842742822615
2025-07-03,2025-04-15,931152.CSI,中证创新药产业指数,1637.5965,-0.00475138635280048
2025-07-03,2025-04-16,931152.CSI,中证创新药产业指数,1625.573,-0.00734216273666921
2025-07-03,2025-04-17,931152.CSI,中证创新药产业指数,1617.3311,-0.00507015064841754
2025-07-03,2025-04-18,931152.CSI,中证创新药产业指数,1614.7442,-0.0015994869572471
2025-07-03,2025-04-21,931152.CSI,中证创新药产业指数,1643.0499,0.0175295257292145
2025-07-03,2025-04-22,931152.CSI,中证创新药产业指数,1662.65,0.0119290960061531
2025-07-03,2025-04-23,931152.CSI,中证创新药产业指数,1648.3568,-0.00859663789733256
2025-07-03,2025-04-24,931152.CSI,中证创新药产业指数,1661.8017,0.00815654717473779
2025-07-03,2025-04-25,931152.CSI,中证创新药产业指数,1648.1949,-0.00818798055147019
2025-07-03,2025-04-28,931152.CSI,中证创新药产业指数,1649.3494,0.000700463276521512
2025-07-03,2025-04-29,931152.CSI,中证创新药产业指数,1658.5543,0.00558092784949027
2025-07-03,2025-04-30,931152.CSI,中证创新药产业指数,1672.0947,0.00816397750739917
2025-07-03,2025-05-06,931152.CSI,中证创新药产业指数,1684.4078,0.00736387717753062
2025-07-03,2025-05-07,931152.CSI,中证创新药产业指数,1664.8924,-0.0115859116776829
2025-07-03,2025-05-08,931152.CSI,中证创新药产业指数,1664.275,-0.000370834775868967
2025-07-03,2025-05-09,931152.CSI,中证创新药产业指数,1668.9322,0.00279833561160259
2025-07-03,2025-05-12,931152.CSI,中证创新药产业指数,1644.2918,-0.0147641707673924
2025-07-03,2025-05-13,931152.CSI,中证创新药产业指数,1663.2048,0.0115022163341081
2025-07-03,2025-05-14,931152.CSI,中证创新药产业指数,1669.7875,0.0039578409105121
2025-07-03,2025-05-15,931152.CSI,中证创新药产业指数,1673.843,0.00242875216157756
2025-07-03,2025-05-16,931152.CSI,中证创新药产业指数,1688.9571,0.00902958043257351
2025-07-03,2025-05-19,931152.CSI,中证创新药产业指数,1684.9514,-0.00237170026402689
2025-07-03,2025-05-20,931152.CSI,中证创新药产业指数,1725.5772,0.0241109624882949
2025-07-03,2025-05-21,931152.CSI,中证创新药产业指数,1745.3106,0.0114358256472096
2025-07-03,2025-05-22,931152.CSI,中证创新药产业指数,1743.0456,-0.00129776327491515
2025-07-03,2025-05-23,931152.CSI,中证创新药产业指数,1745.9281,0.00165371462456299
2025-07-03,2025-05-26,931152.CSI,中证创新药产业指数,1716.2538,-0.0169962898243061
2025-07-03,2025-05-27,931152.CSI,中证创新药产业指数,1739.351,0.0134579163058519
2025-07-03,2025-05-28,931152.CSI,中证创新药产业指数,1730.7592,-0.00493965852780731
2025-07-03,2025-05-29,931152.CSI,中证创新药产业指数,1787.9587,0.0330487915361073
2025-07-03,2025-05-30,931152.CSI,中证创新药产业指数,1800.9952,0.00729127579960331
2025-07-03,2025-06-03,931152.CSI,中证创新药产业指数,1819.4871,0.0102676009353051
2025-07-03,2025-06-04,931152.CSI,中证创新药产业指数,1846.6284,0.0149170060068027
2025-07-03,2025-06-05,931152.CSI,中证创新药产业指数,1820.0518,-0.0143919588803032
2025-07-03,2025-06-06,931152.CSI,中证创新药产业指数,1807.0412,-0.00714847786200379
2025-07-03,2025-06-09,931152.CSI,中证创新药产业指数,1852.6433,0.0252357832239796
2025-07-03,2025-06-10,931152.CSI,中证创新药产业指数,1869.1113,0.00888892103515015
2025-07-03,2025-06-11,931152.CSI,中证创新药产业指数,1852.9952,-0.00862233297717474
2025-07-03,2025-06-12,931152.CSI,中证创新药产业指数,1903.1309,0.0270565730553431
2025-07-03,2025-06-13,931152.CSI,中证创新药产业指数,1862.4515,-0.0213749879212198
2025-07-03,2025-06-16,931152.CSI,中证创新药产业指数,1852.9577,-0.00509747502149716
2025-07-03,2025-06-17,931152.CSI,中证创新药产业指数,1800.3819,-0.028373988245927
2025-07-03,2025-06-18,931152.CSI,中证创新药产业指数,1790.7284,-0.00536191793530039
2025-07-03,2025-06-19,931152.CSI,中证创新药产业指数,1762.8171,-0.0155865624290094
2025-07-03,2025-06-20,931152.CSI,中证创新药产业指数,1761.4231,-0.000790779712767753
2025-07-03,2025-06-23,931152.CSI,中证创新药产业指数,1777.1438,0.0089249993371836
2025-07-03,2025-06-24,931152.CSI,中证创新药产业指数,1797.4891,0.0114483138618271
2025-07-03,2025-06-25,931152.CSI,中证创新药产业指数,1805.3569,0.0043771058194455
2025-07-03,2025-06-26,931152.CSI,中证创新药产业指数,1774.0976,-0.017314748125426
2025-07-03,2025-06-27,931152.CSI,中证创新药产业指数,1776.5132,0.00136159363498378
2025-07-03,2025-06-30,931152.CSI,中证创新药产业指数,1796.9575,0.0115081047526131
2025-07-03,2025-07-01,931152.CSI,中证创新药产业指数,1835.8248,0.0216295043149324
2025-07-03,2025-07-02,931152.CSI,中证创新药产业指数,1809.1363,-0.0145376072923735
2025-07-03,2025-07-03,931152.CSI,中证创新药产业指数,1847.5184,0.0212157038692995
2025-07-03,2025-04-07,931160.CSI,中证全指通信设备指数,5399.2976,-0.129813893422728
2025-07-03,2025-04-08,931160.CSI,中证全指通信设备指数,5245.4737,-0.0284896131674609
2025-07-03,2025-04-09,931160.CSI,中证全指通信设备指数,5378.3122,0.0253244049245736
2025-07-03,2025-04-10,931160.CSI,中证全指通信设备指数,5603.5476,0.0418784539878514
2025-07-03,2025-04-11,931160.CSI,中证全指通信设备指数,5662.2678,0.0104791114828755
2025-07-03,2025-04-14,931160.CSI,中证全指通信设备指数,5738.4875,0.0134609846605984
2025-07-03,2025-04-15,931160.CSI,中证全指通信设备指数,5686.6471,-0.00903380899583728
2025-07-03,2025-04-16,931160.CSI,中证全指通信设备指数,5581.2654,-0.0185314295307687
2025-07-03,2025-04-17,931160.CSI,中证全指通信设备指数,5560.4111,-0.00373648241131841
2025-07-03,2025-04-18,931160.CSI,中证全指通信设备指数,5682.9318,0.0220344679191076
2025-07-03,2025-04-21,931160.CSI,中证全指通信设备指数,5775.9281,0.016364141480635
2025-07-03,2025-04-22,931160.CSI,中证全指通信设备指数,5725.3002,-0.00876532725537227
2025-07-03,2025-04-23,931160.CSI,中证全指通信设备指数,5873.5072,0.0258863281963801
2025-07-03,2025-04-24,931160.CSI,中证全指通信设备指数,5775.6339,-0.0166635192002489
2025-07-03,2025-04-25,931160.CSI,中证全指通信设备指数,5883.0542,0.0185988762203226
2025-07-03,2025-04-28,931160.CSI,中证全指通信设备指数,5802.7193,-0.0136553050964582
2025-07-03,2025-04-29,931160.CSI,中证全指通信设备指数,5789.5655,-0.0022668337584415
2025-07-03,2025-04-30,931160.CSI,中证全指通信设备指数,5827.5756,0.00656527678976948
2025-07-03,2025-05-06,931160.CSI,中证全指通信设备指数,6037.2091,0.0359726779005665
2025-07-03,2025-05-07,931160.CSI,中证全指通信设备指数,6038.4262,0.0002015997756315
2025-07-03,2025-05-08,931160.CSI,中证全指通信设备指数,6278.7759,0.0398033679702834
2025-07-03,2025-05-09,931160.CSI,中证全指通信设备指数,6193.6712,-0.0135543458399272
2025-07-03,2025-05-12,931160.CSI,中证全指通信设备指数,6344.8899,0.0244150351410324
2025-07-03,2025-05-13,931160.CSI,中证全指通信设备指数,6310.4404,-0.00542948743681115
2025-07-03,2025-05-14,931160.CSI,中证全指通信设备指数,6351.8241,0.00655797335475983
2025-07-03,2025-05-15,931160.CSI,中证全指通信设备指数,6180.3092,-0.0270024637489568
2025-07-03,2025-05-16,931160.CSI,中证全指通信设备指数,6233.323,0.00857785561926261
2025-07-03,2025-05-19,931160.CSI,中证全指通信设备指数,6199.4293,-0.00543750099264884
2025-07-03,2025-05-20,931160.CSI,中证全指通信设备指数,6225.326,0.00417727160788828
2025-07-03,2025-05-21,931160.CSI,中证全指通信设备指数,6194.9882,-0.00487328695718103
2025-07-03,2025-05-22,931160.CSI,中证全指通信设备指数,6178.6795,-0.00263256352933805
2025-07-03,2025-05-23,931160.CSI,中证全指通信设备指数,6071.0882,-0.0174133162271971
2025-07-03,2025-05-26,931160.CSI,中证全指通信设备指数,6122.2971,0.00843487992811554
2025-07-03,2025-05-27,931160.CSI,中证全指通信设备指数,6036.2003,-0.0140628261898625
2025-07-03,2025-05-28,931160.CSI,中证全指通信设备指数,6113.5309,0.0128111388218843
2025-07-03,2025-05-29,931160.CSI,中证全指通信设备指数,6266.4753,0.0250173594444416
2025-07-03,2025-05-30,931160.CSI,中证全指通信设备指数,6187.9252,-0.0125349732089426
2025-07-03,2025-06-03,931160.CSI,中证全指通信设备指数,6155.7145,-0.00520541198526436
2025-07-03,2025-06-04,931160.CSI,中证全指通信设备指数,6299.813,0.0234088991619088
2025-07-03,2025-06-05,931160.CSI,中证全指通信设备指数,6491.9057,0.0304918098362603
2025-07-03,2025-06-06,931160.CSI,中证全指通信设备指数,6527.5488,0.00549039090324421
2025-07-03,2025-06-09,931160.CSI,中证全指通信设备指数,6640.1475,0.0172497676309982
2025-07-03,2025-06-10,931160.CSI,中证全指通信设备指数,6542.1594,-0.0147569161679014
2025-07-03,2025-06-11,931160.CSI,中证全指通信设备指数,6544.4931,0.000356717080296276
2025-07-03,2025-06-12,931160.CSI,中证全指通信设备指数,6664.549,0.0183445681988725
2025-07-03,2025-06-13,931160.CSI,中证全指通信设备指数,6616.6178,-0.00719196452753212
2025-07-03,2025-06-16,931160.CSI,中证全指通信设备指数,6759.6252,0.0216133686911764
2025-07-03,2025-06-17,931160.CSI,中证全指通信设备指数,6718.6595,-0.00606035080169842
2025-07-03,2025-06-18,931160.CSI,中证全指通信设备指数,6860.3266,0.021085619832349
2025-07-03,2025-06-19,931160.CSI,中证全指通信设备指数,6799.708,-0.00883610993097628
2025-07-03,2025-06-20,931160.CSI,中证全指通信设备指数,6712.7265,-0.0127919463600495
2025-07-03,2025-06-23,931160.CSI,中证全指通信设备指数,6694.1425,-0.00276847269138703
2025-07-03,2025-06-24,931160.CSI,中证全指通信设备指数,6780.475,0.0128967227691972
2025-07-03,2025-06-25,931160.CSI,中证全指通信设备指数,6890.0733,0.016163808582732
2025-07-03,2025-06-26,931160.CSI,中证全指通信设备指数,6948.4916,0.00847861807217654
2025-07-03,2025-06-27,931160.CSI,中证全指通信设备指数,7111.4584,0.0234535506958087
2025-07-03,2025-06-30,931160.CSI,中证全指通信设备指数,7272.9302,0.0227058629774168
2025-07-03,2025-07-01,931160.CSI,中证全指通信设备指数,7251.1884,-0.00298941408787334
2025-07-03,2025-07-02,931160.CSI,中证全指通信设备指数,7083.4654,-0.0231304154226637
2025-07-03,2025-07-03,931160.CSI,中证全指通信设备指数,7269.7905,0.0263042295653764
2025-07-03,2025-04-07,931238.CSI,中证沪深港黄金产业股票指数,1889.1042,-0.0862601666087772
2025-07-03,2025-04-08,931238.CSI,中证沪深港黄金产业股票指数,1917.5554,0.015060683259293
2025-07-03,2025-04-09,931238.CSI,中证沪深港黄金产业股票指数,1962.4859,0.0234311352881904
2025-07-03,2025-04-10,931238.CSI,中证沪深港黄金产业股票指数,2064.342,0.0519015703501362
2025-07-03,2025-04-11,931238.CSI,中证沪深港黄金产业股票指数,2133.1082,0.0333114377365766
2025-07-03,2025-04-14,931238.CSI,中证沪深港黄金产业股票指数,2232.1048,0.0464095539082359
2025-07-03,2025-04-15,931238.CSI,中证沪深港黄金产业股票指数,2235.2208,0.00139599180110173
2025-07-03,2025-04-16,931238.CSI,中证沪深港黄金产业股票指数,2293.2556,0.0259637884543664
2025-07-03,2025-04-17,931238.CSI,中证沪深港黄金产业股票指数,2256.8294,-0.015884055837474
2025-07-03,2025-04-18,931238.CSI,中证沪深港黄金产业股票指数,2231.9371,-0.0110297659185049
2025-07-03,2025-04-21,931238.CSI,中证沪深港黄金产业股票指数,2351.5268,0.0535811246652067
2025-07-03,2025-04-22,931238.CSI,中证沪深港黄金产业股票指数,2379.1465,0.0117454327971085
2025-07-03,2025-04-23,931238.CSI,中证沪深港黄金产业股票指数,2228.0331,-0.0635158028309731
2025-07-03,2025-04-24,931238.CSI,中证沪深港黄金产业股票指数,2216.5298,-0.00516298433806939
2025-07-03,2025-04-25,931238.CSI,中证沪深港黄金产业股票指数,2188.2253,-0.0127697358275985
2025-07-03,2025-04-28,931238.CSI,中证沪深港黄金产业股票指数,2186.1217,-0.000961326971221754
2025-07-03,2025-04-29,931238.CSI,中证沪深港黄金产业股票指数,2187.7884,0.000762400373226946
2025-07-03,2025-04-30,931238.CSI,中证沪深港黄金产业股票指数,2168.4103,-0.0088573922414068
2025-07-03,2025-05-06,931238.CSI,中证沪深港黄金产业股票指数,2231.3211,0.0290124060008385
2025-07-03,2025-05-07,931238.CSI,中证沪深港黄金产业股票指数,2241.6364,0.00462295632842791
2025-07-03,2025-05-08,931238.CSI,中证沪深港黄金产业股票指数,2202.6646,-0.0173854243266213
2025-07-03,2025-05-09,931238.CSI,中证沪深港黄金产业股票指数,2195.4895,-0.00325746371009006
2025-07-03,2025-05-12,931238.CSI,中证沪深港黄金产业股票指数,2151.9601,-0.0198267402326453
2025-07-03,2025-05-13,931238.CSI,中证沪深港黄金产业股票指数,2178.6996,0.0124256485982246
2025-07-03,2025-05-14,931238.CSI,中证沪深港黄金产业股票指数,2169.1226,-0.00439574138628374
2025-07-03,2025-05-15,931238.CSI,中证沪深港黄金产业股票指数,2142.111,-0.0124527769891846
2025-07-03,2025-05-16,931238.CSI,中证沪深港黄金产业股票指数,2148.9209,0.00317906028212356
2025-07-03,2025-05-19,931238.CSI,中证沪深港黄金产业股票指数,2154.2582,0.00248371170851391
2025-07-03,2025-05-20,931238.CSI,中证沪深港黄金产业股票指数,2176.564,0.0103542834373334
2025-07-03,2025-05-21,931238.CSI,中证沪深港黄金产业股票指数,2275.5658,0.0454853613309785
2025-07-03,2025-05-22,931238.CSI,中证沪深港黄金产业股票指数,2270.8211,-0.0020850638553277
2025-07-03,2025-05-23,931238.CSI,中证沪深港黄金产业股票指数,2288.8219,0.007927000502153
2025-07-03,2025-05-26,931238.CSI,中证沪深港黄金产业股票指数,2298.2259,0.00410866393754805
2025-07-03,2025-05-27,931238.CSI,中证沪深港黄金产业股票指数,2246.5354,-0.0224914791883599
2025-07-03,2025-05-28,931238.CSI,中证沪深港黄金产业股票指数,2257.2884,0.00478648144160099
2025-07-03,2025-05-29,931238.CSI,中证沪深港黄金产业股票指数,2246.3193,-0.00485941450813276
2025-07-03,2025-05-30,931238.CSI,中证沪深港黄金产业股票指数,2230.7557,-0.00692848964080928
2025-07-03,2025-06-03,931238.CSI,中证沪深港黄金产业股票指数,2307.287,0.0343073425745364
2025-07-03,2025-06-04,931238.CSI,中证沪深港黄金产业股票指数,2325.2008,0.00776401028567331
2025-07-03,2025-06-05,931238.CSI,中证沪深港黄金产业股票指数,2286.7391,-0.0165412380728581
2025-07-03,2025-06-06,931238.CSI,中证沪深港黄金产业股票指数,2318.6705,0.013963726775827
2025-07-03,2025-06-09,931238.CSI,中证沪深港黄金产业股票指数,2293.047,-0.0110509449272763
2025-07-03,2025-06-10,931238.CSI,中证沪深港黄金产业股票指数,2307.4834,0.00629572791137734
2025-07-03,2025-06-11,931238.CSI,中证沪深港黄金产业股票指数,2326.7431,0.0083466255921929
2025-07-03,2025-06-12,931238.CSI,中证沪深港黄金产业股票指数,2386.1899,0.0255493612509261
2025-07-03,2025-06-13,931238.CSI,中证沪深港黄金产业股票指数,2441.8024,0.0233059824785948
2025-07-03,2025-06-16,931238.CSI,中证沪深港黄金产业股票指数,2397.3609,-0.0182002851664
2025-07-03,2025-06-17,931238.CSI,中证沪深港黄金产业股票指数,2372.2973,-0.0104546628753309
2025-07-03,2025-06-18,931238.CSI,中证沪深港黄金产业股票指数,2384.3462,0.00507900084867097
2025-07-03,2025-06-19,931238.CSI,中证沪深港黄金产业股票指数,2332.0404,-0.021937166674873
2025-07-03,2025-06-20,931238.CSI,中证沪深港黄金产业股票指数,2309.8436,-0.00951818844990837
2025-07-03,2025-06-23,931238.CSI,中证沪深港黄金产业股票指数,2322.5395,0.00549643274548961
2025-07-03,2025-06-24,931238.CSI,中证沪深港黄金产业股票指数,2291.6187,-0.0133133580720586
2025-07-03,2025-06-25,931238.CSI,中证沪深港黄金产业股票指数,2308.5216,0.00737596529475004
2025-07-03,2025-06-26,931238.CSI,中证沪深港黄金产业股票指数,2334.4643,0.0112377982514871
2025-07-03,2025-06-27,931238.CSI,中证沪深港黄金产业股票指数,2343.55,0.00389198498345
2025-07-03,2025-06-30,931238.CSI,中证沪深港黄金产业股票指数,2355.2643,0.00499852787437849
2025-07-03,2025-07-01,931238.CSI,中证沪深港黄金产业股票指数,2394.4914,0.0166550734879309
2025-07-03,2025-07-02,931238.CSI,中证沪深港黄金产业股票指数,2407.6836,0.00550939543988327
2025-07-03,2025-07-03,931238.CSI,中证沪深港黄金产业股票指数,2407.0421,-0.000266438663286017
2025-07-03,2025-04-07,931247.CSI,中证信息技术应用创新产业指数,1238.133,-0.114051029472313
2025-07-03,2025-04-08,931247.CSI,中证信息技术应用创新产业指数,1245.2507,0.00574873620200744
2025-07-03,2025-04-09,931247.CSI,中证信息技术应用创新产业指数,1296.5039,0.0411589409265138
2025-07-03,2025-04-10,931247.CSI,中证信息技术应用创新产业指数,1314.6638,0.0140068225016523
2025-07-03,2025-04-11,931247.CSI,中证信息技术应用创新产业指数,1336.8002,0.0168380691702319
2025-07-03,2025-04-14,931247.CSI,中证信息技术应用创新产业指数,1345.9414,0.00683811986263927
2025-07-03,2025-04-15,931247.CSI,中证信息技术应用创新产业指数,1326.8035,-0.0142189697114599
2025-07-03,2025-04-16,931247.CSI,中证信息技术应用创新产业指数,1313.912,-0.00971620891865299
2025-07-03,2025-04-17,931247.CSI,中证信息技术应用创新产业指数,1323.5936,0.0073685300080979
2025-07-03,2025-04-18,931247.CSI,中证信息技术应用创新产业指数,1314.9442,-0.0065347852996569
2025-07-03,2025-04-21,931247.CSI,中证信息技术应用创新产业指数,1349.5362,0.0263068197114373
2025-07-03,2025-04-22,931247.CSI,中证信息技术应用创新产业指数,1330.9754,-0.0137534658203314
2025-07-03,2025-04-23,931247.CSI,中证信息技术应用创新产业指数,1334.1908,0.00241582226087722
2025-07-03,2025-04-24,931247.CSI,中证信息技术应用创新产业指数,1300.7273,-0.0250814950905074
2025-07-03,2025-04-25,931247.CSI,中证信息技术应用创新产业指数,1316.3002,0.0119724557176588
2025-07-03,2025-04-28,931247.CSI,中证信息技术应用创新产业指数,1303.6747,-0.00959165697916009
2025-07-03,2025-04-29,931247.CSI,中证信息技术应用创新产业指数,1316.467,0.00981249386829397
2025-07-03,2025-04-30,931247.CSI,中证信息技术应用创新产业指数,1343.6304,0.0206335593676104
2025-07-03,2025-05-06,931247.CSI,中证信息技术应用创新产业指数,1385.7231,0.0313275883010684
2025-07-03,2025-05-07,931247.CSI,中证信息技术应用创新产业指数,1374.2842,-0.00825482378117237
2025-07-03,2025-05-08,931247.CSI,中证信息技术应用创新产业指数,1383.4304,0.00665524641846282
2025-07-03,2025-05-09,931247.CSI,中证信息技术应用创新产业指数,1350.1158,-0.0240811536308584
2025-07-03,2025-05-12,931247.CSI,中证信息技术应用创新产业指数,1369.4212,0.0142990697538685
2025-07-03,2025-05-13,931247.CSI,中证信息技术应用创新产业指数,1361.2818,-0.00594367897911907
2025-07-03,2025-05-14,931247.CSI,中证信息技术应用创新产业指数,1369.1236,0.00576060004622114
2025-07-03,2025-05-15,931247.CSI,中证信息技术应用创新产业指数,1326.3852,-0.0312158814587667
2025-07-03,2025-05-16,931247.CSI,中证信息技术应用创新产业指数,1317.7065,-0.00654312186233674
2025-07-03,2025-05-19,931247.CSI,中证信息技术应用创新产业指数,1317.545,-0.000122561435342394
2025-07-03,2025-05-20,931247.CSI,中证信息技术应用创新产业指数,1321.1866,0.00276392836677308
2025-07-03,2025-05-21,931247.CSI,中证信息技术应用创新产业指数,1312.5438,-0.00654169517008429
2025-07-03,2025-05-22,931247.CSI,中证信息技术应用创新产业指数,1298.6598,-0.0105779327135598
2025-07-03,2025-05-23,931247.CSI,中证信息技术应用创新产业指数,1278.0594,-0.0158628148803865
2025-07-03,2025-05-26,931247.CSI,中证信息技术应用创新产业指数,1293.353,0.0119662669825831
2025-07-03,2025-05-27,931247.CSI,中证信息技术应用创新产业指数,1278.6378,-0.0113775589494903
2025-07-03,2025-05-28,931247.CSI,中证信息技术应用创新产业指数,1268.66,-0.00780346083934003
2025-07-03,2025-05-29,931247.CSI,中证信息技术应用创新产业指数,1318.5023,0.0392873583150726
2025-07-03,2025-05-30,931247.CSI,中证信息技术应用创新产业指数,1296.0402,-0.0170360719128061
2025-07-03,2025-06-03,931247.CSI,中证信息技术应用创新产业指数,1305.4757,0.00728025257241249
2025-07-03,2025-06-04,931247.CSI,中证信息技术应用创新产业指数,1315.0451,0.00733020155028563
2025-07-03,2025-06-05,931247.CSI,中证信息技术应用创新产业指数,1346.1091,0.0236220035343273
2025-07-03,2025-06-06,931247.CSI,中证信息技术应用创新产业指数,1338.7495,-0.00546731316206095
2025-07-03,2025-06-09,931247.CSI,中证信息技术应用创新产业指数,1352.8489,0.010531768639316
2025-07-03,2025-06-10,931247.CSI,中证信息技术应用创新产业指数,1321.5014,-0.0231714716994631
2025-07-03,2025-06-11,931247.CSI,中证信息技术应用创新产业指数,1318.6909,-0.00212674765232945
2025-07-03,2025-06-12,931247.CSI,中证信息技术应用创新产业指数,1312.2351,-0.00489561276262696
2025-07-03,2025-06-13,931247.CSI,中证信息技术应用创新产业指数,1291.3113,-0.015945161046218
2025-07-03,2025-06-16,931247.CSI,中证信息技术应用创新产业指数,1312.2365,0.0162046130936824
2025-07-03,2025-06-17,931247.CSI,中证信息技术应用创新产业指数,1307.041,-0.00395927106127592
2025-07-03,2025-06-18,931247.CSI,中证信息技术应用创新产业指数,1301.5032,-0.00423689845995634
2025-07-03,2025-06-19,931247.CSI,中证信息技术应用创新产业指数,1283.8799,-0.0135407273681695
2025-07-03,2025-06-20,931247.CSI,中证信息技术应用创新产业指数,1263.9985,-0.0154854048264171
2025-07-03,2025-06-23,931247.CSI,中证信息技术应用创新产业指数,1290.5213,0.0209832527491134
2025-07-03,2025-06-24,931247.CSI,中证信息技术应用创新产业指数,1314.7302,0.0187590084720026
2025-07-03,2025-06-25,931247.CSI,中证信息技术应用创新产业指数,1348.9038,0.0259928615011658
2025-07-03,2025-06-26,931247.CSI,中证信息技术应用创新产业指数,1357.0367,0.00602926613447163
2025-07-03,2025-06-27,931247.CSI,中证信息技术应用创新产业指数,1351.4524,-0.00411506925346983
2025-07-03,2025-06-30,931247.CSI,中证信息技术应用创新产业指数,1366.4714,0.0111132289971885
2025-07-03,2025-07-01,931247.CSI,中证信息技术应用创新产业指数,1344.0901,-0.0163789011610488
2025-07-03,2025-07-02,931247.CSI,中证信息技术应用创新产业指数,1323.363,-0.0154209156067736
2025-07-03,2025-07-03,931247.CSI,中证信息技术应用创新产业指数,1326.9808,0.00273379261774731
2025-07-03,2025-04-07,931380.CSI,中证科技50指数,2040.0734,-0.0844416874963648
2025-07-03,2025-04-08,931380.CSI,中证科技50指数,2043.4754,0.00166758705838732
2025-07-03,2025-04-09,931380.CSI,中证科技50指数,2093.8493,0.0246510919583371
2025-07-03,2025-04-10,931380.CSI,中证科技50指数,2123.5367,0.0141783842800913
2025-07-03,2025-04-11,931380.CSI,中证科技50指数,2150.3547,0.0126289317250792
2025-07-03,2025-04-14,931380.CSI,中证科技50指数,2159.2838,0.00415238472053026
2025-07-03,2025-04-15,931380.CSI,中证科技50指数,2140.7706,-0.00857376876536575
2025-07-03,2025-04-16,931380.CSI,中证科技50指数,2147.4672,0.00312812591876965
2025-07-03,2025-04-17,931380.CSI,中证科技50指数,2150.1094,0.00123037967704454
2025-07-03,2025-04-18,931380.CSI,中证科技50指数,2143.0899,-0.00326471759995095
2025-07-03,2025-04-21,931380.CSI,中证科技50指数,2163.0582,0.00931752793011631
2025-07-03,2025-04-22,931380.CSI,中证科技50指数,2156.3499,-0.00310130351555027
2025-07-03,2025-04-23,931380.CSI,中证科技50指数,2158.2507,0.000881489594986462
2025-07-03,2025-04-24,931380.CSI,中证科技50指数,2136.7689,-0.00995333859963532
2025-07-03,2025-04-25,931380.CSI,中证科技50指数,2145.2114,0.00395105900315196
2025-07-03,2025-04-28,931380.CSI,中证科技50指数,2137.1222,-0.00377081717913696
2025-07-03,2025-04-29,931380.CSI,中证科技50指数,2144.0055,0.00322082658633205
2025-07-03,2025-04-30,931380.CSI,中证科技50指数,2164.7142,0.00965888380416913
2025-07-03,2025-05-06,931380.CSI,中证科技50指数,2202.1751,0.0173052405717116
2025-07-03,2025-05-07,931380.CSI,中证科技50指数,2210.5093,0.00378453103025289
2025-07-03,2025-05-08,931380.CSI,中证科技50指数,2218.9683,0.00382671993282258
2025-07-03,2025-05-09,931380.CSI,中证科技50指数,2191.3634,-0.0124404210731626
2025-07-03,2025-05-12,931380.CSI,中证科技50指数,2212.0422,0.00943649966956639
2025-07-03,2025-05-13,931380.CSI,中证科技50指数,2210.2035,-0.000831222840142809
2025-07-03,2025-05-14,931380.CSI,中证科技50指数,2226.8862,0.007548037997406
2025-07-03,2025-05-15,931380.CSI,中证科技50指数,2191.3769,-0.0159457182859186
2025-07-03,2025-05-16,931380.CSI,中证科技50指数,2187.3426,-0.00184098864964777
2025-07-03,2025-05-19,931380.CSI,中证科技50指数,2185.7124,-0.000745287912373715
2025-07-03,2025-05-20,931380.CSI,中证科技50指数,2193.8897,0.0037412515937596
2025-07-03,2025-05-21,931380.CSI,中证科技50指数,2191.7043,-0.000996130297708397
2025-07-03,2025-05-22,931380.CSI,中证科技50指数,2183.531,-0.00372919832296714
2025-07-03,2025-05-23,931380.CSI,中证科技50指数,2158.1473,-0.011625069669265
2025-07-03,2025-05-26,931380.CSI,中证科技50指数,2155.4797,-0.00123606020775335
2025-07-03,2025-05-27,931380.CSI,中证科技50指数,2134.2508,-0.00984880534945431
2025-07-03,2025-05-28,931380.CSI,中证科技50指数,2131.2679,-0.00139763330532661
2025-07-03,2025-05-29,931380.CSI,中证科技50指数,2157.6912,0.0123979251974848
2025-07-03,2025-05-30,931380.CSI,中证科技50指数,2139.4829,-0.00843878864593794
2025-07-03,2025-06-03,931380.CSI,中证科技50指数,2149.1658,0.00452581322337298
2025-07-03,2025-06-04,931380.CSI,中证科技50指数,2175.2312,0.0121281475817268
2025-07-03,2025-06-05,931380.CSI,中证科技50指数,2198.4628,0.0106800601241834
2025-07-03,2025-06-06,931380.CSI,中证科技50指数,2193.5589,-0.00223060403842168
2025-07-03,2025-06-09,931380.CSI,中证科技50指数,2208.1458,0.00664987842359732
2025-07-03,2025-06-10,931380.CSI,中证科技50指数,2182.4539,-0.0116350559822634
2025-07-03,2025-06-11,931380.CSI,中证科技50指数,2183.7802,0.000607710430905462
2025-07-03,2025-06-12,931380.CSI,中证科技50指数,2191.6654,0.00361080295535232
2025-07-03,2025-06-13,931380.CSI,中证科技50指数,2171.8703,-0.00903199001088384
2025-07-03,2025-06-16,931380.CSI,中证科技50指数,2179.0484,0.00330503161261531
2025-07-03,2025-06-17,931380.CSI,中证科技50指数,2158.6415,-0.00936505127651133
2025-07-03,2025-06-18,931380.CSI,中证科技50指数,2173.1095,0.00670236350037734
2025-07-03,2025-06-19,931380.CSI,中证科技50指数,2157.8471,-0.00702330002238727
2025-07-03,2025-06-20,931380.CSI,中证科技50指数,2146.3799,-0.0053141856065706
2025-07-03,2025-06-23,931380.CSI,中证科技50指数,2151.5994,0.00243176895199215
2025-07-03,2025-06-24,931380.CSI,中证科技50指数,2177.6038,0.0120860788490644
2025-07-03,2025-06-25,931380.CSI,中证科技50指数,2214.099,0.016759338865959
2025-07-03,2025-06-26,931380.CSI,中证科技50指数,2204.0815,-0.00452441376830959
2025-07-03,2025-06-27,931380.CSI,中证科技50指数,2213.8365,0.00442587989600218
2025-07-03,2025-06-30,931380.CSI,中证科技50指数,2237.3833,0.0106361964851516
2025-07-03,2025-07-01,931380.CSI,中证科技50指数,2226.3772,-0.00491918394134794
2025-07-03,2025-07-02,931380.CSI,中证科技50指数,2195.6979,-0.013779920132132
2025-07-03,2025-07-03,931380.CSI,中证科技50指数,2220.142,0.011132724588387
2025-07-03,2025-04-07,931409.CSI,中证沪港深创新药产业指数,1588.664,-0.134396926279372
2025-07-03,2025-04-08,931409.CSI,中证沪港深创新药产业指数,1600.1828,0.00725062064728599
2025-07-03,2025-04-09,931409.CSI,中证沪港深创新药产业指数,1599.3233,-0.000537126133339227
2025-07-03,2025-04-10,931409.CSI,中证沪港深创新药产业指数,1634.8733,0.0222281511186637
2025-07-03,2025-04-11,931409.CSI,中证沪港深创新药产业指数,1670.1656,0.0215871774283671
2025-07-03,2025-04-14,931409.CSI,中证沪港深创新药产业指数,1716.6082,0.0278071827128998
2025-07-03,2025-04-15,931409.CSI,中证沪港深创新药产业指数,1704.5494,-0.00702478294115094
2025-07-03,2025-04-16,931409.CSI,中证沪港深创新药产业指数,1675.8144,-0.016857827646415
2025-07-03,2025-04-17,931409.CSI,中证沪港深创新药产业指数,1673.8443,-0.0011756075135767
2025-07-03,2025-04-18,931409.CSI,中证沪港深创新药产业指数,1671.4448,-0.00143352640385963
2025-07-03,2025-04-21,931409.CSI,中证沪港深创新药产业指数,1688.9535,0.0104751888904737
2025-07-03,2025-04-22,931409.CSI,中证沪港深创新药产业指数,1750.305,0.0363251563764189
2025-07-03,2025-04-23,931409.CSI,中证沪港深创新药产业指数,1758.2111,0.00451698418275659
2025-07-03,2025-04-24,931409.CSI,中证沪港深创新药产业指数,1780.803,0.0128493671778094
2025-07-03,2025-04-25,931409.CSI,中证沪港深创新药产业指数,1765.6116,-0.00853064600632425
2025-07-03,2025-04-28,931409.CSI,中证沪港深创新药产业指数,1752.9474,-0.00717269868412729
2025-07-03,2025-04-29,931409.CSI,中证沪港深创新药产业指数,1762.421,0.00540438349718886
2025-07-03,2025-04-30,931409.CSI,中证沪港深创新药产业指数,1782.0903,0.0111603867634351
2025-07-03,2025-05-06,931409.CSI,中证沪港深创新药产业指数,1783.491,0.000785987107387198
2025-07-03,2025-05-07,931409.CSI,中证沪港深创新药产业指数,1736.3622,-0.0264250282171314
2025-07-03,2025-05-08,931409.CSI,中证沪港深创新药产业指数,1741.3075,0.00284808089003552
2025-07-03,2025-05-09,931409.CSI,中证沪港深创新药产业指数,1748.4409,0.0040965768538872
2025-07-03,2025-05-12,931409.CSI,中证沪港深创新药产业指数,1698.6032,-0.0285040804067213
2025-07-03,2025-05-13,931409.CSI,中证沪港深创新药产业指数,1718.5573,0.0117473580645555
2025-07-03,2025-05-14,931409.CSI,中证沪港深创新药产业指数,1736.9927,0.0107272536097576
2025-07-03,2025-05-15,931409.CSI,中证沪港深创新药产业指数,1735.4604,-0.000882156844988491
2025-07-03,2025-05-16,931409.CSI,中证沪港深创新药产业指数,1754.6102,0.0110344206067738
2025-07-03,2025-05-19,931409.CSI,中证沪港深创新药产业指数,1760.0217,0.00308416080107143
2025-07-03,2025-05-20,931409.CSI,中证沪港深创新药产业指数,1801.7431,0.0237050486366162
2025-07-03,2025-05-21,931409.CSI,中证沪港深创新药产业指数,1828.8066,0.0150207318679338
2025-07-03,2025-05-22,931409.CSI,中证沪港深创新药产业指数,1822.3062,-0.00355444911452085
2025-07-03,2025-05-23,931409.CSI,中证沪港深创新药产业指数,1826.6643,0.00239153002936598
2025-07-03,2025-05-26,931409.CSI,中证沪港深创新药产业指数,1791.7528,-0.0191121597986011
2025-07-03,2025-05-27,931409.CSI,中证沪港深创新药产业指数,1828.9809,0.0207774755535475
2025-07-03,2025-05-28,931409.CSI,中证沪港深创新药产业指数,1818.4809,-0.00574090194162225
2025-07-03,2025-05-29,931409.CSI,中证沪港深创新药产业指数,1888.2219,0.0383512414125438
2025-07-03,2025-05-30,931409.CSI,中证沪港深创新药产业指数,1894.8933,0.00353316524927494
2025-07-03,2025-06-03,931409.CSI,中证沪港深创新药产业指数,1907.4832,0.00664412080616894
2025-07-03,2025-06-04,931409.CSI,中证沪港深创新药产业指数,1955.3859,0.0251130390034366
2025-07-03,2025-06-05,931409.CSI,中证沪港深创新药产业指数,1927.2392,-0.0143944476637579
2025-07-03,2025-06-06,931409.CSI,中证沪港深创新药产业指数,1932.7648,0.00286710648060695
2025-07-03,2025-06-09,931409.CSI,中证沪港深创新药产业指数,1998.3503,0.0339335132759042
2025-07-03,2025-06-10,931409.CSI,中证沪港深创新药产业指数,2021.5757,0.0116222866431377
2025-07-03,2025-06-11,931409.CSI,中证沪港深创新药产业指数,2005.4131,-0.0079950505934554
2025-07-03,2025-06-12,931409.CSI,中证沪港深创新药产业指数,2078.2285,0.0363094267211082
2025-07-03,2025-06-13,931409.CSI,中证沪港深创新药产业指数,2045.5116,-0.0157426866198784
2025-07-03,2025-06-16,931409.CSI,中证沪港深创新药产业指数,2022.3008,-0.0113471857113888
2025-07-03,2025-06-17,931409.CSI,中证沪港深创新药产业指数,1951.1622,-0.0351770616913172
2025-07-03,2025-06-18,931409.CSI,中证沪港深创新药产业指数,1939.1593,-0.00615166693983715
2025-07-03,2025-06-19,931409.CSI,中证沪港深创新药产业指数,1899.4341,-0.0204857847418725
2025-07-03,2025-06-20,931409.CSI,中证沪港深创新药产业指数,1901.1212,0.000888211915327952
2025-07-03,2025-06-23,931409.CSI,中证沪港深创新药产业指数,1934.233,0.0174169853031989
2025-07-03,2025-06-24,931409.CSI,中证沪港深创新药产业指数,1970.8532,0.0189326725373831
2025-07-03,2025-06-25,931409.CSI,中证沪港深创新药产业指数,1980.2087,0.00474692889353712
2025-07-03,2025-06-26,931409.CSI,中证沪港深创新药产业指数,1942.9311,-0.0188250864668961
2025-07-03,2025-06-27,931409.CSI,中证沪港深创新药产业指数,1921.8798,-0.0108348155011776
2025-07-03,2025-06-30,931409.CSI,中证沪港深创新药产业指数,1942.2792,0.0106142954413695
2025-07-03,2025-07-01,931409.CSI,中证沪港深创新药产业指数,1964.1643,0.0112677415275826
2025-07-03,2025-07-02,931409.CSI,中证沪港深创新药产业指数,1955.4764,-0.00442320431137044
2025-07-03,2025-07-03,931409.CSI,中证沪港深创新药产业指数,2006.9991,0.0263479017184765
2025-07-03,2025-04-07,931470.CSI,中证沪港深云计算产业指数,1997.3421,-0.138190614686729
2025-07-03,2025-04-08,931470.CSI,中证沪港深云计算产业指数,2002.0043,0.00233420203779811
2025-07-03,2025-04-09,931470.CSI,中证沪港深云计算产业指数,2061.0628,0.0294996868887845
2025-07-03,2025-04-10,931470.CSI,中证沪港深云计算产业指数,2108.4386,0.022986102121682
2025-07-03,2025-04-11,931470.CSI,中证沪港深云计算产业指数,2120.2828,0.00561752189511244
2025-07-03,2025-04-14,931470.CSI,中证沪港深云计算产业指数,2148.3233,0.0132248867934033
2025-07-03,2025-04-15,931470.CSI,中证沪港深云计算产业指数,2146.8719,-0.000675596638550546
2025-07-03,2025-04-16,931470.CSI,中证沪港深云计算产业指数,2100.9554,-0.02138762913614
2025-07-03,2025-04-17,931470.CSI,中证沪港深云计算产业指数,2126.5482,0.0121815056140651
2025-07-03,2025-04-18,931470.CSI,中证沪港深云计算产业指数,2127.5773,0.000483929778784198
2025-07-03,2025-04-21,931470.CSI,中证沪港深云计算产业指数,2170.5395,0.0201930148436911
2025-07-03,2025-04-22,931470.CSI,中证沪港深云计算产业指数,2150.0308,-0.00944866472137451
2025-07-03,2025-04-23,931470.CSI,中证沪港深云计算产业指数,2198.9918,0.0227722319140728
2025-07-03,2025-04-24,931470.CSI,中证沪港深云计算产业指数,2146.2673,-0.0239766696719832
2025-07-03,2025-04-25,931470.CSI,中证沪港深云计算产业指数,2177.1269,0.0143782649998909
2025-07-03,2025-04-28,931470.CSI,中证沪港深云计算产业指数,2173.172,-0.00181656843246036
2025-07-03,2025-04-29,931470.CSI,中证沪港深云计算产业指数,2177.7679,0.00211483490492226
2025-07-03,2025-04-30,931470.CSI,中证沪港深云计算产业指数,2235.4624,0.0264924926113568
2025-07-03,2025-05-06,931470.CSI,中证沪港深云计算产业指数,2326.587,0.0407631995957525
2025-07-03,2025-05-07,931470.CSI,中证沪港深云计算产业指数,2302.4754,-0.010363506716061
2025-07-03,2025-05-08,931470.CSI,中证沪港深云计算产业指数,2338.8889,0.0158149355254784
2025-07-03,2025-05-09,931470.CSI,中证沪港深云计算产业指数,2308.4596,-0.0130101519571963
2025-07-03,2025-05-12,931470.CSI,中证沪港深云计算产业指数,2365.7319,0.024809747590991
2025-07-03,2025-05-13,931470.CSI,中证沪港深云计算产业指数,2335.1155,-0.0129416186170548
2025-07-03,2025-05-14,931470.CSI,中证沪港深云计算产业指数,2366.7588,0.0135510641764831
2025-07-03,2025-05-15,931470.CSI,中证沪港深云计算产业指数,2304.8839,-0.0261433061957983
2025-07-03,2025-05-16,931470.CSI,中证沪港深云计算产业指数,2288.9506,-0.00691284276834925
2025-07-03,2025-05-19,931470.CSI,中证沪港深云计算产业指数,2265.8705,-0.0100832669783263
2025-07-03,2025-05-20,931470.CSI,中证沪港深云计算产业指数,2276.4655,0.00467590711825761
2025-07-03,2025-05-21,931470.CSI,中证沪港深云计算产业指数,2270.9503,-0.00242270308950421
2025-07-03,2025-05-22,931470.CSI,中证沪港深云计算产业指数,2242.9186,-0.0123435990651138
2025-07-03,2025-05-23,931470.CSI,中证沪港深云计算产业指数,2210.5955,-0.0144111783637623
2025-07-03,2025-05-26,931470.CSI,中证沪港深云计算产业指数,2218.0812,0.00338628211267067
2025-07-03,2025-05-27,931470.CSI,中证沪港深云计算产业指数,2196.3708,-0.00978791939627821
2025-07-03,2025-05-28,931470.CSI,中证沪港深云计算产业指数,2182.3802,-0.00636987160820024
2025-07-03,2025-05-29,931470.CSI,中证沪港深云计算产业指数,2231.8688,0.022676433739639
2025-07-03,2025-05-30,931470.CSI,中证沪港深云计算产业指数,2185.8932,-0.0205995979691997
2025-07-03,2025-06-03,931470.CSI,中证沪港深云计算产业指数,2181.5788,-0.00197374693329033
2025-07-03,2025-06-04,931470.CSI,中证沪港深云计算产业指数,2218.3156,0.0168395475790286
2025-07-03,2025-06-05,931470.CSI,中证沪港深云计算产业指数,2281.6582,0.0285543680078704
2025-07-03,2025-06-06,931470.CSI,中证沪港深云计算产业指数,2282.7074,0.000459841005107542
2025-07-03,2025-06-09,931470.CSI,中证沪港深云计算产业指数,2325.487,0.0187407286628152
2025-07-03,2025-06-10,931470.CSI,中证沪港深云计算产业指数,2293.0278,-0.0139580225561357
2025-07-03,2025-06-11,931470.CSI,中证沪港深云计算产业指数,2291.0119,-0.000879143288188611
2025-07-03,2025-06-12,931470.CSI,中证沪港深云计算产业指数,2289.3419,-0.000728935541539522
2025-07-03,2025-06-13,931470.CSI,中证沪港深云计算产业指数,2253.95,-0.0154594208929649
2025-07-03,2025-06-16,931470.CSI,中证沪港深云计算产业指数,2298.7562,0.019878968033896
2025-07-03,2025-06-17,931470.CSI,中证沪港深云计算产业指数,2289.5906,-0.00398719968650862
2025-07-03,2025-06-18,931470.CSI,中证沪港深云计算产业指数,2300.6578,0.00483370258420868
2025-07-03,2025-06-19,931470.CSI,中证沪港深云计算产业指数,2269.9335,-0.0133545718967852
2025-07-03,2025-06-20,931470.CSI,中证沪港深云计算产业指数,2250.6269,-0.00850535929797058
2025-07-03,2025-06-23,931470.CSI,中证沪港深云计算产业指数,2260.8554,0.0045447337361868
2025-07-03,2025-06-24,931470.CSI,中证沪港深云计算产业指数,2304.3657,0.0192450609623243
2025-07-03,2025-06-25,931470.CSI,中证沪港深云计算产业指数,2355.3926,0.0221435772976486
2025-07-03,2025-06-26,931470.CSI,中证沪港深云计算产业指数,2378.6013,0.00985343165296504
2025-07-03,2025-06-27,931470.CSI,中证沪港深云计算产业指数,2400.1907,0.00907651063673431
2025-07-03,2025-06-30,931470.CSI,中证沪港深云计算产业指数,2420.2503,0.0083575025934397
2025-07-03,2025-07-01,931470.CSI,中证沪港深云计算产业指数,2399.1675,-0.00871099984989165
2025-07-03,2025-07-02,931470.CSI,中证沪港深云计算产业指数,2348.5295,-0.0211064879796846
2025-07-03,2025-07-03,931470.CSI,中证沪港深云计算产业指数,2360.9038,0.00526895659603177
2025-07-03,2025-04-07,931484.CSI,中证医药及医疗器械创新指数,1341.2327,-0.0695213368707125
2025-07-03,2025-04-08,931484.CSI,中证医药及医疗器械创新指数,1344.5874,0.00250120653932751
2025-07-03,2025-04-09,931484.CSI,中证医药及医疗器械创新指数,1344.1828,-0.000300910152809641
2025-07-03,2025-04-10,931484.CSI,中证医药及医疗器械创新指数,1372.1724,0.0208227630944242
2025-07-03,2025-04-11,931484.CSI,中证医药及医疗器械创新指数,1373.1672,0.000724981788002843
2025-07-03,2025-04-14,931484.CSI,中证医药及医疗器械创新指数,1375.4486,0.00166141457500579
2025-07-03,2025-04-15,931484.CSI,中证医药及医疗器械创新指数,1369.3633,-0.00442422930235264
2025-07-03,2025-04-16,931484.CSI,中证医药及医疗器械创新指数,1365.2223,-0.00302403314007327
2025-07-03,2025-04-17,931484.CSI,中证医药及医疗器械创新指数,1364.8789,-0.000251534127445718
2025-07-03,2025-04-18,931484.CSI,中证医药及医疗器械创新指数,1357.7668,-0.00521079196110352
2025-07-03,2025-04-21,931484.CSI,中证医药及医疗器械创新指数,1369.7401,0.00881837735316537
2025-07-03,2025-04-22,931484.CSI,中证医药及医疗器械创新指数,1379.183,0.00689393557215712
2025-07-03,2025-04-23,931484.CSI,中证医药及医疗器械创新指数,1364.7588,-0.0104585105819894
2025-07-03,2025-04-24,931484.CSI,中证医药及医疗器械创新指数,1367.1986,0.00178771516256204
2025-07-03,2025-04-25,931484.CSI,中证医药及医疗器械创新指数,1363.9584,-0.00236995561581177
2025-07-03,2025-04-28,931484.CSI,中证医药及医疗器械创新指数,1357.0261,-0.00508248638668152
2025-07-03,2025-04-29,931484.CSI,中证医药及医疗器械创新指数,1364.9787,0.00586031469844239
2025-07-03,2025-04-30,931484.CSI,中证医药及医疗器械创新指数,1378.3072,0.00976462123548161
2025-07-03,2025-05-06,931484.CSI,中证医药及医疗器械创新指数,1389.224,0.00792044037787809
2025-07-03,2025-05-07,931484.CSI,中证医药及医疗器械创新指数,1383.71,-0.00396912233016411
2025-07-03,2025-05-08,931484.CSI,中证医药及医疗器械创新指数,1384.2545,0.000393507310057828
2025-07-03,2025-05-09,931484.CSI,中证医药及医疗器械创新指数,1386.9056,0.00191518250437328
2025-07-03,2025-05-12,931484.CSI,中证医药及医疗器械创新指数,1381.0082,-0.0042522000055375
2025-07-03,2025-05-13,931484.CSI,中证医药及医疗器械创新指数,1395.2501,0.0103126831542346
2025-07-03,2025-05-14,931484.CSI,中证医药及医疗器械创新指数,1400.8657,0.00402479813475742
2025-07-03,2025-05-15,931484.CSI,中证医药及医疗器械创新指数,1406.172,0.00378787202798958
2025-07-03,2025-05-16,931484.CSI,中证医药及医疗器械创新指数,1406.2317,4.24556882088201e-05
2025-07-03,2025-05-19,931484.CSI,中证医药及医疗器械创新指数,1403.9061,-0.00165378152121032
2025-07-03,2025-05-20,931484.CSI,中证医药及医疗器械创新指数,1426.9628,0.016423249389685
2025-07-03,2025-05-21,931484.CSI,中证医药及医疗器械创新指数,1437.903,0.00766677309317387
2025-07-03,2025-05-22,931484.CSI,中证医药及医疗器械创新指数,1431.6449,-0.0043522407283384
2025-07-03,2025-05-23,931484.CSI,中证医药及医疗器械创新指数,1434.1507,0.00175029436419605
2025-07-03,2025-05-26,931484.CSI,中证医药及医疗器械创新指数,1415.7304,-0.0128440477001476
2025-07-03,2025-05-27,931484.CSI,中证医药及医疗器械创新指数,1422.123,0.00451540773582315
2025-07-03,2025-05-28,931484.CSI,中证医药及医疗器械创新指数,1422.2161,6.54655047418462e-05
2025-07-03,2025-05-29,931484.CSI,中证医药及医疗器械创新指数,1449.3738,0.0190953400119716
2025-07-03,2025-05-30,931484.CSI,中证医药及医疗器械创新指数,1449.2817,-6.35446839180043e-05
2025-07-03,2025-06-03,931484.CSI,中证医药及医疗器械创新指数,1462.533,0.0091433570160997
2025-07-03,2025-06-04,931484.CSI,中证医药及医疗器械创新指数,1474.2562,0.00801568238118389
2025-07-03,2025-06-05,931484.CSI,中证医药及医疗器械创新指数,1457.9572,-0.0110557445849643
2025-07-03,2025-06-06,931484.CSI,中证医药及医疗器械创新指数,1447.0345,-0.00749178370942583
2025-07-03,2025-06-09,931484.CSI,中证医药及医疗器械创新指数,1470.4914,0.0162103253239643
2025-07-03,2025-06-10,931484.CSI,中证医药及医疗器械创新指数,1475.847,0.00364204782156485
2025-07-03,2025-06-11,931484.CSI,中证医药及医疗器械创新指数,1468.7603,-0.00480178500887973
2025-07-03,2025-06-12,931484.CSI,中证医药及医疗器械创新指数,1496.6125,0.0189630670164491
2025-07-03,2025-06-13,931484.CSI,中证医药及医疗器械创新指数,1465.7606,-0.0206144877180966
2025-07-03,2025-06-16,931484.CSI,中证医药及医疗器械创新指数,1452.5427,-0.00901777548120752
2025-07-03,2025-06-17,931484.CSI,中证医药及医疗器械创新指数,1424.0494,-0.0196161531086142
2025-07-03,2025-06-18,931484.CSI,中证医药及医疗器械创新指数,1416.2761,-0.00545858872592486
2025-07-03,2025-06-19,931484.CSI,中证医药及医疗器械创新指数,1400.9241,-0.0108396943223148
2025-07-03,2025-06-20,931484.CSI,中证医药及医疗器械创新指数,1400.4248,-0.000356407602667419
2025-07-03,2025-06-23,931484.CSI,中证医药及医疗器械创新指数,1400.6711,0.000175875205866038
2025-07-03,2025-06-24,931484.CSI,中证医药及医疗器械创新指数,1413.907,0.00944968451194561
2025-07-03,2025-06-25,931484.CSI,中证医药及医疗器械创新指数,1427.1226,0.00934686651950933
2025-07-03,2025-06-26,931484.CSI,中证医药及医疗器械创新指数,1411.7237,-0.0107901731778335
2025-07-03,2025-06-27,931484.CSI,中证医药及医疗器械创新指数,1414.6687,0.0020861022592451
2025-07-03,2025-06-30,931484.CSI,中证医药及医疗器械创新指数,1425.2402,0.00747277436759575
2025-07-03,2025-07-01,931484.CSI,中证医药及医疗器械创新指数,1439.2817,0.00985202353961112
2025-07-03,2025-07-02,931484.CSI,中证医药及医疗器械创新指数,1424.7,-0.0101312342121768
2025-07-03,2025-07-03,931484.CSI,中证医药及医疗器械创新指数,1437.4974,0.00898252263634447
2025-07-03,2025-04-07,931521.CSI,中证高端装备细分50指数,2191.477,-0.0821423955317142
2025-07-03,2025-04-08,931521.CSI,中证高端装备细分50指数,2242.6118,0.0233334869587956
2025-07-03,2025-04-09,931521.CSI,中证高端装备细分50指数,2371.0628,0.0572774119890032
2025-07-03,2025-04-10,931521.CSI,中证高端装备细分50指数,2385.26,0.00598769463212867
2025-07-03,2025-04-11,931521.CSI,中证高端装备细分50指数,2412.5319,0.0114335124892044
2025-07-03,2025-04-14,931521.CSI,中证高端装备细分50指数,2411.9086,-0.000258359278067832
2025-07-03,2025-04-15,931521.CSI,中证高端装备细分50指数,2364.9445,-0.0194717577606383
2025-07-03,2025-04-16,931521.CSI,中证高端装备细分50指数,2360.7089,-0.00179099340386213
2025-07-03,2025-04-17,931521.CSI,中证高端装备细分50指数,2351.433,-0.0039292858174933
2025-07-03,2025-04-18,931521.CSI,中证高端装备细分50指数,2336.6335,-0.00629382168235293
2025-07-03,2025-04-21,931521.CSI,中证高端装备细分50指数,2377.1398,0.0173353245170884
2025-07-03,2025-04-22,931521.CSI,中证高端装备细分50指数,2366.0192,-0.00467814303559244
2025-07-03,2025-04-23,931521.CSI,中证高端装备细分50指数,2354.2641,-0.00496830287767758
2025-07-03,2025-04-24,931521.CSI,中证高端装备细分50指数,2325.7882,-0.0120954569200625
2025-07-03,2025-04-25,931521.CSI,中证高端装备细分50指数,2326.164,0.000161579631369868
2025-07-03,2025-04-28,931521.CSI,中证高端装备细分50指数,2310.4031,-0.00677548960434438
2025-07-03,2025-04-29,931521.CSI,中证高端装备细分50指数,2307.2725,-0.00135500164451818
2025-07-03,2025-04-30,931521.CSI,中证高端装备细分50指数,2320.24,0.00562027242122443
2025-07-03,2025-05-06,931521.CSI,中证高端装备细分50指数,2363.5761,0.0186774213012448
2025-07-03,2025-05-07,931521.CSI,中证高端装备细分50指数,2450.3405,0.0367089513216856
2025-07-03,2025-05-08,931521.CSI,中证高端装备细分50指数,2521.8797,0.0291956158746101
2025-07-03,2025-05-09,931521.CSI,中证高端装备细分50指数,2458.1147,-0.0252847112413808
2025-07-03,2025-05-12,931521.CSI,中证高端装备细分50指数,2577.9734,0.0487604178926231
2025-07-03,2025-05-13,931521.CSI,中证高端装备细分50指数,2501.8296,-0.0295363016546253
2025-07-03,2025-05-14,931521.CSI,中证高端装备细分50指数,2481.1903,-0.00824968255232084
2025-07-03,2025-05-15,931521.CSI,中证高端装备细分50指数,2434.9832,-0.0186229568929075
2025-07-03,2025-05-16,931521.CSI,中证高端装备细分50指数,2431.4718,-0.00144206333743913
2025-07-03,2025-05-19,931521.CSI,中证高端装备细分50指数,2465.8184,0.0141258475627808
2025-07-03,2025-05-20,931521.CSI,中证高端装备细分50指数,2449.7775,-0.00650530468910437
2025-07-03,2025-05-21,931521.CSI,中证高端装备细分50指数,2454.5193,0.00193560435590578
2025-07-03,2025-05-22,931521.CSI,中证高端装备细分50指数,2441.2824,-0.00539286857512178
2025-07-03,2025-05-23,931521.CSI,中证高端装备细分50指数,2412.6582,-0.0117250671204611
2025-07-03,2025-05-26,931521.CSI,中证高端装备细分50指数,2437.0117,0.0100940531070668
2025-07-03,2025-05-27,931521.CSI,中证高端装备细分50指数,2436.5709,-0.000180877260457901
2025-07-03,2025-05-28,931521.CSI,中证高端装备细分50指数,2413.3014,-0.00955010174339699
2025-07-03,2025-05-29,931521.CSI,中证高端装备细分50指数,2451.7154,0.0159176139374884
2025-07-03,2025-05-30,931521.CSI,中证高端装备细分50指数,2458.3453,0.00270418825937124
2025-07-03,2025-06-03,931521.CSI,中证高端装备细分50指数,2480.1592,0.00887340765351396
2025-07-03,2025-06-04,931521.CSI,中证高端装备细分50指数,2469.6172,-0.00425053359477889
2025-07-03,2025-06-05,931521.CSI,中证高端装备细分50指数,2480.3133,0.00433107608741934
2025-07-03,2025-06-06,931521.CSI,中证高端装备细分50指数,2475.9624,-0.0017541735554133
2025-07-03,2025-06-09,931521.CSI,中证高端装备细分50指数,2522.985,0.0189916454304799
2025-07-03,2025-06-10,931521.CSI,中证高端装备细分50指数,2470.8674,-0.0206571184529436
2025-07-03,2025-06-11,931521.CSI,中证高端装备细分50指数,2481.0965,0.00413988221302364
2025-07-03,2025-06-12,931521.CSI,中证高端装备细分50指数,2465.4443,-0.00630858170974002
2025-07-03,2025-06-13,931521.CSI,中证高端装备细分50指数,2507.156,0.0169185326961148
2025-07-03,2025-06-16,931521.CSI,中证高端装备细分50指数,2508.7642,0.00064144393089216
2025-07-03,2025-06-17,931521.CSI,中证高端装备细分50指数,2503.065,-0.00227171609033638
2025-07-03,2025-06-18,931521.CSI,中证高端装备细分50指数,2515.2071,0.0048508928054205
2025-07-03,2025-06-19,931521.CSI,中证高端装备细分50指数,2471.3431,-0.0174395182011056
2025-07-03,2025-06-20,931521.CSI,中证高端装备细分50指数,2435.6461,-0.0144443723738724
2025-07-03,2025-06-23,931521.CSI,中证高端装备细分50指数,2476.4589,0.0167564573523222
2025-07-03,2025-06-24,931521.CSI,中证高端装备细分50指数,2483.0436,0.00265891753745628
2025-07-03,2025-06-25,931521.CSI,中证高端装备细分50指数,2561.875,0.0317478919822431
2025-07-03,2025-06-26,931521.CSI,中证高端装备细分50指数,2568.9169,0.0027487289582826
2025-07-03,2025-06-27,931521.CSI,中证高端装备细分50指数,2588.449,0.00760324321896122
2025-07-03,2025-06-30,931521.CSI,中证高端装备细分50指数,2698.7774,0.0426233624846384
2025-07-03,2025-07-01,931521.CSI,中证高端装备细分50指数,2678.2662,-0.00760018221584335
2025-07-03,2025-07-02,931521.CSI,中证高端装备细分50指数,2624.9023,-0.0199247931366942
2025-07-03,2025-07-03,931521.CSI,中证高端装备细分50指数,2632.7519,0.00299043511067065
2025-07-03,2025-04-07,931643.CSI,中证科创创业50指数,1060.3007,-0.106439178912282
2025-07-03,2025-04-08,931643.CSI,中证科创创业50指数,1069.525,0.00869970188645541
2025-07-03,2025-04-09,931643.CSI,中证科创创业50指数,1093.5147,0.0224302377223533
2025-07-03,2025-04-10,931643.CSI,中证科创创业50指数,1114.1067,0.0188310225733592
2025-07-03,2025-04-11,931643.CSI,中证科创创业50指数,1136.8842,0.0204446306623951
2025-07-03,2025-04-14,931643.CSI,中证科创创业50指数,1139.0004,0.00186140329859441
2025-07-03,2025-04-15,931643.CSI,中证科创创业50指数,1131.3297,-0.00673458938205806
2025-07-03,2025-04-16,931643.CSI,中证科创创业50指数,1131.427,8.60049904107818e-05
2025-07-03,2025-04-17,931643.CSI,中证科创创业50指数,1135.6406,0.00372414658656717
2025-07-03,2025-04-18,931643.CSI,中证科创创业50指数,1131.7276,-0.00344563235939255
2025-07-03,2025-04-21,931643.CSI,中证科创创业50指数,1144.4424,0.0112348589890359
2025-07-03,2025-04-22,931643.CSI,中证科创创业50指数,1137.1346,-0.00638546771772863
2025-07-03,2025-04-23,931643.CSI,中证科创创业50指数,1146.5604,0.00828908029005526
2025-07-03,2025-04-24,931643.CSI,中证科创创业50指数,1134.7617,-0.0102905176212261
2025-07-03,2025-04-25,931643.CSI,中证科创创业50指数,1140.5885,0.00513482257993036
2025-07-03,2025-04-28,931643.CSI,中证科创创业50指数,1136.6827,-0.00342437259362161
2025-07-03,2025-04-29,931643.CSI,中证科创创业50指数,1136.6572,-2.24337011550668e-05
2025-07-03,2025-04-30,931643.CSI,中证科创创业50指数,1146.5494,0.00870288773079508
2025-07-03,2025-05-06,931643.CSI,中证科创创业50指数,1165.3199,0.0163712963436202
2025-07-03,2025-05-07,931643.CSI,中证科创创业50指数,1171.1038,0.00496335813024396
2025-07-03,2025-05-08,931643.CSI,中证科创创业50指数,1184.6127,0.0115351858648225
2025-07-03,2025-05-09,931643.CSI,中证科创创业50指数,1168.0448,-0.0139859213057567
2025-07-03,2025-05-12,931643.CSI,中证科创创业50指数,1187.7213,0.0168456723577726
2025-07-03,2025-05-13,931643.CSI,中证科创创业50指数,1189.0984,0.00115944708577698
2025-07-03,2025-05-14,931643.CSI,中证科创创业50指数,1195.7727,0.0056129080654721
2025-07-03,2025-05-15,931643.CSI,中证科创创业50指数,1174.4631,-0.0178207781462146
2025-07-03,2025-05-16,931643.CSI,中证科创创业50指数,1172.6179,-0.00157110087153867
2025-07-03,2025-05-19,931643.CSI,中证科创创业50指数,1169.3512,-0.00278581795485122
2025-07-03,2025-05-20,931643.CSI,中证科创创业50指数,1174.4352,0.00434771008059842
2025-07-03,2025-05-21,931643.CSI,中证科创创业50指数,1178.6114,0.0035559220295851
2025-07-03,2025-05-22,931643.CSI,中证科创创业50指数,1169.9294,-0.00736629562551327
2025-07-03,2025-05-23,931643.CSI,中证科创创业50指数,1159.1228,-0.00923696763240578
2025-07-03,2025-05-26,931643.CSI,中证科创创业50指数,1153.3269,-0.00500024673830946
2025-07-03,2025-05-27,931643.CSI,中证科创创业50指数,1140.2556,-0.0113335603288193
2025-07-03,2025-05-28,931643.CSI,中证科创创业50指数,1141.1324,0.000768950400243495
2025-07-03,2025-05-29,931643.CSI,中证科创创业50指数,1157.6254,0.014453187027202
2025-07-03,2025-05-30,931643.CSI,中证科创创业50指数,1145.625,-0.0103663931354649
2025-07-03,2025-06-03,931643.CSI,中证科创创业50指数,1149.6995,0.00355657392253139
2025-07-03,2025-06-04,931643.CSI,中证科创创业50指数,1161.2765,0.0100695877487986
2025-07-03,2025-06-05,931643.CSI,中证科创创业50指数,1176.0966,0.0127619046798932
2025-07-03,2025-06-06,931643.CSI,中证科创创业50指数,1170.9314,-0.00439181611442474
2025-07-03,2025-06-09,931643.CSI,中证科创创业50指数,1182.5612,0.00993209337455658
2025-07-03,2025-06-10,931643.CSI,中证科创创业50指数,1167.5507,-0.0126932119876756
2025-07-03,2025-06-11,931643.CSI,中证科创创业50指数,1169.2923,0.00149166969794123
2025-07-03,2025-06-12,931643.CSI,中证科创创业50指数,1173.0483,0.00321219937906014
2025-07-03,2025-06-13,931643.CSI,中证科创创业50指数,1165.0836,-0.00678974599767124
2025-07-03,2025-06-16,931643.CSI,中证科创创业50指数,1169.5815,0.00386058133510758
2025-07-03,2025-06-17,931643.CSI,中证科创创业50指数,1159.7464,-0.00840907623795351
2025-07-03,2025-06-18,931643.CSI,中证科创创业50指数,1169.5956,0.00849254630150198
2025-07-03,2025-06-19,931643.CSI,中证科创创业50指数,1161.4755,-0.0069426560770236
2025-07-03,2025-06-20,931643.CSI,中证科创创业50指数,1154.8885,-0.00567123456327745
2025-07-03,2025-06-23,931643.CSI,中证科创创业50指数,1156.9518,0.00178657939705862
2025-07-03,2025-06-24,931643.CSI,中证科创创业50指数,1176.4949,0.016891887803796
2025-07-03,2025-06-25,931643.CSI,中证科创创业50指数,1198.5765,0.0187689721391908
2025-07-03,2025-06-26,931643.CSI,中证科创创业50指数,1195.524,-0.00254677110722601
2025-07-03,2025-06-27,931643.CSI,中证科创创业50指数,1201.5658,0.00505368357306102
2025-07-03,2025-06-30,931643.CSI,中证科创创业50指数,1222.9377,0.0177867079772076
2025-07-03,2025-07-01,931643.CSI,中证科创创业50指数,1213.885,-0.00740242123535806
2025-07-03,2025-07-02,931643.CSI,中证科创创业50指数,1198.2002,-0.01292115809982
2025-07-03,2025-07-03,931643.CSI,中证科创创业50指数,1214.9293,0.0139618571253786
2025-07-03,2025-04-07,931719.CSI,中证电池主题指数,2173.3243,-0.136862668891823
2025-07-03,2025-04-08,931719.CSI,中证电池主题指数,2171.1387,-0.00100564835169803
2025-07-03,2025-04-09,931719.CSI,中证电池主题指数,2193.016,0.0100764175038657
2025-07-03,2025-04-10,931719.CSI,中证电池主题指数,2256.5851,0.028987066213835
2025-07-03,2025-04-11,931719.CSI,中证电池主题指数,2287.9477,0.0138982571497084
2025-07-03,2025-04-14,931719.CSI,中证电池主题指数,2299.8058,0.00518285448570355
2025-07-03,2025-04-15,931719.CSI,中证电池主题指数,2301.5289,0.000749237174721307
2025-07-03,2025-04-16,931719.CSI,中证电池主题指数,2264.4634,-0.016104729338832
2025-07-03,2025-04-17,931719.CSI,中证电池主题指数,2256.2537,-0.00362545051511975
2025-07-03,2025-04-18,931719.CSI,中证电池主题指数,2270.1099,0.00614124200660582
2025-07-03,2025-04-21,931719.CSI,中证电池主题指数,2327.1706,0.0251356553266431
2025-07-03,2025-04-22,931719.CSI,中证电池主题指数,2297.6684,-0.0126772828773275
2025-07-03,2025-04-23,931719.CSI,中证电池主题指数,2336.0666,0.0167118109819502
2025-07-03,2025-04-24,931719.CSI,中证电池主题指数,2318.7329,-0.00742003674039093
2025-07-03,2025-04-25,931719.CSI,中证电池主题指数,2333.0411,0.00617069779792234
2025-07-03,2025-04-28,931719.CSI,中证电池主题指数,2326.388,-0.00285168572469641
2025-07-03,2025-04-29,931719.CSI,中证电池主题指数,2325.6331,-0.00032449445234406
2025-07-03,2025-04-30,931719.CSI,中证电池主题指数,2343.3441,0.00761556068323932
2025-07-03,2025-05-06,931719.CSI,中证电池主题指数,2398.2633,0.0234362507836559
2025-07-03,2025-05-07,931719.CSI,中证电池主题指数,2400.146,0.000785026398060662
2025-07-03,2025-05-08,931719.CSI,中证电池主题指数,2440.6464,0.0168741401564738
2025-07-03,2025-05-09,931719.CSI,中证电池主题指数,2425.1849,-0.00633500207158233
2025-07-03,2025-05-12,931719.CSI,中证电池主题指数,2508.4297,0.0343251353742142
2025-07-03,2025-05-13,931719.CSI,中证电池主题指数,2504.9112,-0.00140267036385355
2025-07-03,2025-05-14,931719.CSI,中证电池主题指数,2501.6092,-0.00131821040202951
2025-07-03,2025-05-15,931719.CSI,中证电池主题指数,2449.2884,-0.0209148575245086
2025-07-03,2025-05-16,931719.CSI,中证电池主题指数,2464.7213,0.00630097296831211
2025-07-03,2025-05-19,931719.CSI,中证电池主题指数,2458.5267,-0.00251330647404246
2025-07-03,2025-05-20,931719.CSI,中证电池主题指数,2463.2872,0.00193632226975615
2025-07-03,2025-05-21,931719.CSI,中证电池主题指数,2506.0109,0.0173441813849395
2025-07-03,2025-05-22,931719.CSI,中证电池主题指数,2456.3085,-0.0198332736701186
2025-07-03,2025-05-23,931719.CSI,中证电池主题指数,2427.176,-0.0118602773226573
2025-07-03,2025-05-26,931719.CSI,中证电池主题指数,2403.3915,-0.00979924817977751
2025-07-03,2025-05-27,931719.CSI,中证电池主题指数,2392.4255,-0.00456271897441607
2025-07-03,2025-05-28,931719.CSI,中证电池主题指数,2370.6438,-0.00910444233268703
2025-07-03,2025-05-29,931719.CSI,中证电池主题指数,2393.9262,0.00982112960200943
2025-07-03,2025-05-30,931719.CSI,中证电池主题指数,2356.1555,-0.0157777211344277
2025-07-03,2025-06-03,931719.CSI,中证电池主题指数,2355.1051,-0.000445810983188299
2025-07-03,2025-06-04,931719.CSI,中证电池主题指数,2387.9416,0.013942689861272
2025-07-03,2025-06-05,931719.CSI,中证电池主题指数,2400.8291,0.00539690752906186
2025-07-03,2025-06-06,931719.CSI,中证电池主题指数,2390.2038,-0.00442567944548833
2025-07-03,2025-06-09,931719.CSI,中证电池主题指数,2419.0586,0.0120721086628681
2025-07-03,2025-06-10,931719.CSI,中证电池主题指数,2404.0046,-0.00622308198734811
2025-07-03,2025-06-11,931719.CSI,中证电池主题指数,2426.9497,0.00954453248550347
2025-07-03,2025-06-12,931719.CSI,中证电池主题指数,2426.6681,-0.000116030422880331
2025-07-03,2025-06-13,931719.CSI,中证电池主题指数,2387.7708,-0.016029097675121
2025-07-03,2025-06-16,931719.CSI,中证电池主题指数,2387.9297,6.65474257413035e-05
2025-07-03,2025-06-17,931719.CSI,中证电池主题指数,2393.3663,0.00227670018928938
2025-07-03,2025-06-18,931719.CSI,中证电池主题指数,2408.3622,0.00626561007397819
2025-07-03,2025-06-19,931719.CSI,中证电池主题指数,2383.6211,-0.0102729979734777
2025-07-03,2025-06-20,931719.CSI,中证电池主题指数,2367.0669,-0.00694497963623497
2025-07-03,2025-06-23,931719.CSI,中证电池主题指数,2408.9589,0.017697852139287
2025-07-03,2025-06-24,931719.CSI,中证电池主题指数,2501.2783,0.0383233603528894
2025-07-03,2025-06-25,931719.CSI,中证电池主题指数,2548.2817,0.0187917514016733
2025-07-03,2025-06-26,931719.CSI,中证电池主题指数,2525.909,-0.00877952386504199
2025-07-03,2025-06-27,931719.CSI,中证电池主题指数,2525.2387,-0.000265369813401972
2025-07-03,2025-06-30,931719.CSI,中证电池主题指数,2551.7808,0.01051072914414
2025-07-03,2025-07-01,931719.CSI,中证电池主题指数,2535.2715,-0.00646971714811873
2025-07-03,2025-07-02,931719.CSI,中证电池主题指数,2520.8534,-0.0056870043306998
2025-07-03,2025-07-03,931719.CSI,中证电池主题指数,2564.1518,0.0171760880660494
2025-07-03,2025-04-07,931743.CSI,中证半导体材料设备主题指数,3221.6074,-0.0756743414460207
2025-07-03,2025-04-08,931743.CSI,中证半导体材料设备主题指数,3234.992,0.00415463411215167
2025-07-03,2025-04-09,931743.CSI,中证半导体材料设备主题指数,3388.8878,0.0475722351090822
2025-07-03,2025-04-10,931743.CSI,中证半导体材料设备主题指数,3412.9089,0.00708819572014163
2025-07-03,2025-04-11,931743.CSI,中证半导体材料设备主题指数,3515.4806,0.0300540398250888
2025-07-03,2025-04-14,931743.CSI,中证半导体材料设备主题指数,3502.8918,-0.00358096130583108
2025-07-03,2025-04-15,931743.CSI,中证半导体材料设备主题指数,3472.9999,-0.00853349224203848
2025-07-03,2025-04-16,931743.CSI,中证半导体材料设备主题指数,3500.3472,0.00787425879280912
2025-07-03,2025-04-17,931743.CSI,中证半导体材料设备主题指数,3491.2877,-0.00258817182478366
2025-07-03,2025-04-18,931743.CSI,中证半导体材料设备主题指数,3441.1232,-0.0143684807184467
2025-07-03,2025-04-21,931743.CSI,中证半导体材料设备主题指数,3480.1675,0.0113463824834867
2025-07-03,2025-04-22,931743.CSI,中证半导体材料设备主题指数,3512.8732,0.00939773732155125
2025-07-03,2025-04-23,931743.CSI,中证半导体材料设备主题指数,3487.6302,-0.00718585572630404
2025-07-03,2025-04-24,931743.CSI,中证半导体材料设备主题指数,3455.6046,-0.00918262492393829
2025-07-03,2025-04-25,931743.CSI,中证半导体材料设备主题指数,3469.8979,0.00413626605312412
2025-07-03,2025-04-28,931743.CSI,中证半导体材料设备主题指数,3453.2083,-0.00480982451962064
2025-07-03,2025-04-29,931743.CSI,中证半导体材料设备主题指数,3464.7028,0.00332864368477281
2025-07-03,2025-04-30,931743.CSI,中证半导体材料设备主题指数,3476.4841,0.0034003782373484
2025-07-03,2025-05-06,931743.CSI,中证半导体材料设备主题指数,3559.6155,0.0239124925093142
2025-07-03,2025-05-07,931743.CSI,中证半导体材料设备主题指数,3535.428,-0.00679497546855834
2025-07-03,2025-05-08,931743.CSI,中证半导体材料设备主题指数,3539.1708,0.00105865541597794
2025-07-03,2025-05-09,931743.CSI,中证半导体材料设备主题指数,3445.7549,-0.0263948549756344
2025-07-03,2025-05-12,931743.CSI,中证半导体材料设备主题指数,3458.8194,0.00379147686911807
2025-07-03,2025-05-13,931743.CSI,中证半导体材料设备主题指数,3437.9663,-0.00602896468083869
2025-07-03,2025-05-14,931743.CSI,中证半导体材料设备主题指数,3460.964,0.00668933258595339
2025-07-03,2025-05-15,931743.CSI,中证半导体材料设备主题指数,3392.4072,-0.0198085851225265
2025-07-03,2025-05-16,931743.CSI,中证半导体材料设备主题指数,3383.7413,-0.00255449876418135
2025-07-03,2025-05-19,931743.CSI,中证半导体材料设备主题指数,3406.5967,0.00675447617700553
2025-07-03,2025-05-20,931743.CSI,中证半导体材料设备主题指数,3411.6621,0.00148693856246607
2025-07-03,2025-05-21,931743.CSI,中证半导体材料设备主题指数,3393.0366,-0.00545936246148182
2025-07-03,2025-05-22,931743.CSI,中证半导体材料设备主题指数,3364.5382,-0.0083990841713879
2025-07-03,2025-05-23,931743.CSI,中证半导体材料设备主题指数,3332.8677,-0.00941303029342933
2025-07-03,2025-05-26,931743.CSI,中证半导体材料设备主题指数,3368.6696,0.0107420705598367
2025-07-03,2025-05-27,931743.CSI,中证半导体材料设备主题指数,3352.5082,-0.00479756162492162
2025-07-03,2025-05-28,931743.CSI,中证半导体材料设备主题指数,3300.0303,-0.0156533248747909
2025-07-03,2025-05-29,931743.CSI,中证半导体材料设备主题指数,3378.6405,0.0238210540066859
2025-07-03,2025-05-30,931743.CSI,中证半导体材料设备主题指数,3320.8095,-0.0171166479535186
2025-07-03,2025-06-03,931743.CSI,中证半导体材料设备主题指数,3374.2067,0.0160795733690837
2025-07-03,2025-06-04,931743.CSI,中证半导体材料设备主题指数,3366.487,-0.00228785628337469
2025-07-03,2025-06-05,931743.CSI,中证半导体材料设备主题指数,3398.8983,0.00962763260336352
2025-07-03,2025-06-06,931743.CSI,中证半导体材料设备主题指数,3402.186,0.000967284016706316
2025-07-03,2025-06-09,931743.CSI,中证半导体材料设备主题指数,3410.7087,0.00250506586059673
2025-07-03,2025-06-10,931743.CSI,中证半导体材料设备主题指数,3323.2013,-0.0256566619131091
2025-07-03,2025-06-11,931743.CSI,中证半导体材料设备主题指数,3331.4143,0.00247141212902147
2025-07-03,2025-06-12,931743.CSI,中证半导体材料设备主题指数,3280.0722,-0.0154115025561365
2025-07-03,2025-06-13,931743.CSI,中证半导体材料设备主题指数,3303.0053,0.00699164487903636
2025-07-03,2025-06-16,931743.CSI,中证半导体材料设备主题指数,3304.137,0.000342627364237069
2025-07-03,2025-06-17,931743.CSI,中证半导体材料设备主题指数,3291.4106,-0.00385165627212192
2025-07-03,2025-06-18,931743.CSI,中证半导体材料设备主题指数,3321.6866,0.00919848772438181
2025-07-03,2025-06-19,931743.CSI,中证半导体材料设备主题指数,3336.6481,0.00450418772198424
2025-07-03,2025-06-20,931743.CSI,中证半导体材料设备主题指数,3357.4197,0.0062252893854764
2025-07-03,2025-06-23,931743.CSI,中证半导体材料设备主题指数,3436.5865,0.0235796555312999
2025-07-03,2025-06-24,931743.CSI,中证半导体材料设备主题指数,3466.0745,0.00858060753017575
2025-07-03,2025-06-25,931743.CSI,中证半导体材料设备主题指数,3494.6345,0.00823986905070839
2025-07-03,2025-06-26,931743.CSI,中证半导体材料设备主题指数,3459.3191,-0.0101056061799882
2025-07-03,2025-06-27,931743.CSI,中证半导体材料设备主题指数,3468.3085,0.00259860386976163
2025-07-03,2025-06-30,931743.CSI,中证半导体材料设备主题指数,3532.1266,0.018400352794453
2025-07-03,2025-07-01,931743.CSI,中证半导体材料设备主题指数,3556.5818,0.00692364764048947
2025-07-03,2025-07-02,931743.CSI,中证半导体材料设备主题指数,3483.9817,-0.020412886328103
2025-07-03,2025-07-03,931743.CSI,中证半导体材料设备主题指数,3479.1916,-0.00137489241117417
2025-07-03,2025-04-07,931775.CSI,中证全指房地产指数,2541.6289,-0.0892705059436104
2025-07-03,2025-04-08,931775.CSI,中证全指房地产指数,2606.2301,0.0254172432490045
2025-07-03,2025-04-09,931775.CSI,中证全指房地产指数,2726.6229,0.0461942328116001
2025-07-03,2025-04-10,931775.CSI,中证全指房地产指数,2788.608,0.0227332866602126
2025-07-03,2025-04-11,931775.CSI,中证全指房地产指数,2757.0074,-0.0113320337602131
2025-07-03,2025-04-14,931775.CSI,中证全指房地产指数,2764.4356,0.0026942981727216
2025-07-03,2025-04-15,931775.CSI,中证全指房地产指数,2736.3238,-0.0101690920200853
2025-07-03,2025-04-16,931775.CSI,中证全指房地产指数,2745.0829,0.00320104660128306
2025-07-03,2025-04-17,931775.CSI,中证全指房地产指数,2807.7785,0.0228392373869657
2025-07-03,2025-04-18,931775.CSI,中证全指房地产指数,2857.0594,0.0175515625609357
2025-07-03,2025-04-21,931775.CSI,中证全指房地产指数,2843.6838,-0.00468159674944113
2025-07-03,2025-04-22,931775.CSI,中证全指房地产指数,2865.1107,0.00753490947200253
2025-07-03,2025-04-23,931775.CSI,中证全指房地产指数,2818.2278,-0.016363381701098
2025-07-03,2025-04-24,931775.CSI,中证全指房地产指数,2825.5785,0.00260827034635036
2025-07-03,2025-04-25,931775.CSI,中证全指房地产指数,2809.9916,-0.00551635709289278
2025-07-03,2025-04-28,931775.CSI,中证全指房地产指数,2705.6718,-0.037124594963202
2025-07-03,2025-04-29,931775.CSI,中证全指房地产指数,2708.7924,0.00115335496345104
2025-07-03,2025-04-30,931775.CSI,中证全指房地产指数,2718.7153,0.00366321907873046
2025-07-03,2025-05-06,931775.CSI,中证全指房地产指数,2749.1311,0.0111875634789711
2025-07-03,2025-05-07,931775.CSI,中证全指房地产指数,2777.0867,0.0101688857253841
2025-07-03,2025-05-08,931775.CSI,中证全指房地产指数,2769.4485,-0.00275043627554006
2025-07-03,2025-05-09,931775.CSI,中证全指房地产指数,2723.1187,-0.0167288902465599
2025-07-03,2025-05-12,931775.CSI,中证全指房地产指数,2739.4967,0.00601442750181991
2025-07-03,2025-05-13,931775.CSI,中证全指房地产指数,2729.12,-0.00378781255695626
2025-07-03,2025-05-14,931775.CSI,中证全指房地产指数,2743.8612,0.00540144808582976
2025-07-03,2025-05-15,931775.CSI,中证全指房地产指数,2710.2876,-0.012235895897358
2025-07-03,2025-05-16,931775.CSI,中证全指房地产指数,2710.2713,-6.01412189626949e-06
2025-07-03,2025-05-19,931775.CSI,中证全指房地产指数,2752.9511,0.015747427204059
2025-07-03,2025-05-20,931775.CSI,中证全指房地产指数,2749.2032,-0.00136141175918469
2025-07-03,2025-05-21,931775.CSI,中证全指房地产指数,2728.0837,-0.00768204401915429
2025-07-03,2025-05-22,931775.CSI,中证全指房地产指数,2691.2459,-0.0135031780733121
2025-07-03,2025-05-23,931775.CSI,中证全指房地产指数,2659.9168,-0.0116411138796347
2025-07-03,2025-05-26,931775.CSI,中证全指房地产指数,2665.9088,0.00225270203940231
2025-07-03,2025-05-27,931775.CSI,中证全指房地产指数,2680.9274,0.00563357606231696
2025-07-03,2025-05-28,931775.CSI,中证全指房地产指数,2665.6154,-0.005711456416164
2025-07-03,2025-05-29,931775.CSI,中证全指房地产指数,2693.1911,0.0103449657441204
2025-07-03,2025-05-30,931775.CSI,中证全指房地产指数,2690.5481,-0.000981363706422433
2025-07-03,2025-06-03,931775.CSI,中证全指房地产指数,2683.7346,-0.00253238364331798
2025-07-03,2025-06-04,931775.CSI,中证全指房地产指数,2712.3277,0.0106542204285029
2025-07-03,2025-06-05,931775.CSI,中证全指房地产指数,2714.0746,0.000644059344304226
2025-07-03,2025-06-06,931775.CSI,中证全指房地产指数,2713.5237,-0.000202978945383347
2025-07-03,2025-06-09,931775.CSI,中证全指房地产指数,2720.3639,0.00252078137368006
2025-07-03,2025-06-10,931775.CSI,中证全指房地产指数,2708.9723,-0.00418752799947097
2025-07-03,2025-06-11,931775.CSI,中证全指房地产指数,2724.8393,0.00585720274806811
2025-07-03,2025-06-12,931775.CSI,中证全指房地产指数,2709.1827,-0.00574588013318811
2025-07-03,2025-06-13,931775.CSI,中证全指房地产指数,2667.1928,-0.0154991023676624
2025-07-03,2025-06-16,931775.CSI,中证全指房地产指数,2720.113,0.0198411603390651
2025-07-03,2025-06-17,931775.CSI,中证全指房地产指数,2711.7723,-0.00306630643653394
2025-07-03,2025-06-18,931775.CSI,中证全指房地产指数,2676.3392,-0.0130663994170898
2025-07-03,2025-06-19,931775.CSI,中证全指房地产指数,2625.0837,-0.0191513467351223
2025-07-03,2025-06-20,931775.CSI,中证全指房地产指数,2622.096,-0.00113813513831962
2025-07-03,2025-06-23,931775.CSI,中证全指房地产指数,2636.0397,0.00531776868581457
2025-07-03,2025-06-24,931775.CSI,中证全指房地产指数,2667.9728,0.0121140436541984
2025-07-03,2025-06-25,931775.CSI,中证全指房地产指数,2711.495,0.0163128349734301
2025-07-03,2025-06-26,931775.CSI,中证全指房地产指数,2700.4388,-0.00407752918592874
2025-07-03,2025-06-27,931775.CSI,中证全指房地产指数,2705.6512,0.00193020482449002
2025-07-03,2025-06-30,931775.CSI,中证全指房地产指数,2720.2672,0.00540202669139322
2025-07-03,2025-07-01,931775.CSI,中证全指房地产指数,2706.3523,-0.00511526955881381
2025-07-03,2025-07-02,931775.CSI,中证全指房地产指数,2721.6808,0.00566389675135803
2025-07-03,2025-07-03,931775.CSI,中证全指房地产指数,2717.64,-0.00148467079607584
2025-07-03,2025-04-07,931865.CSI,中证半导体产业指数,2963.3365,-0.0637772673526381
2025-07-03,2025-04-08,931865.CSI,中证半导体产业指数,2962.9768,-0.000121383447340473
2025-07-03,2025-04-09,931865.CSI,中证半导体产业指数,3120.1942,0.0530606247068826
2025-07-03,2025-04-10,931865.CSI,中证半导体产业指数,3137.3739,0.00550597139113984
2025-07-03,2025-04-11,931865.CSI,中证半导体产业指数,3229.4719,0.0293551240417982
2025-07-03,2025-04-14,931865.CSI,中证半导体产业指数,3220.275,-0.00284780307269428
2025-07-03,2025-04-15,931865.CSI,中证半导体产业指数,3181.5675,-0.0120199361855742
2025-07-03,2025-04-16,931865.CSI,中证半导体产业指数,3224.0981,0.0133678131927109
2025-07-03,2025-04-17,931865.CSI,中证半导体产业指数,3209.9193,-0.0043977570037339
2025-07-03,2025-04-18,931865.CSI,中证半导体产业指数,3163.0754,-0.0145934821476664
2025-07-03,2025-04-21,931865.CSI,中证半导体产业指数,3193.6493,0.00966587770876393
2025-07-03,2025-04-22,931865.CSI,中证半导体产业指数,3207.4703,0.00432765112938349
2025-07-03,2025-04-23,931865.CSI,中证半导体产业指数,3188.5356,-0.00590331265109445
2025-07-03,2025-04-24,931865.CSI,中证半导体产业指数,3159.1524,-0.00921526483819102
2025-07-03,2025-04-25,931865.CSI,中证半导体产业指数,3164.8352,0.00179883692853822
2025-07-03,2025-04-28,931865.CSI,中证半导体产业指数,3161.7178,-0.000985011794610968
2025-07-03,2025-04-29,931865.CSI,中证半导体产业指数,3183.7091,0.00695549109411342
2025-07-03,2025-04-30,931865.CSI,中证半导体产业指数,3195.9863,0.00385625684205881
2025-07-03,2025-05-06,931865.CSI,中证半导体产业指数,3258.5539,0.0195769299762016
2025-07-03,2025-05-07,931865.CSI,中证半导体产业指数,3240.9883,-0.00539061207488389
2025-07-03,2025-05-08,931865.CSI,中证半导体产业指数,3232.1398,-0.00273018572760664
2025-07-03,2025-05-09,931865.CSI,中证半导体产业指数,3141.8145,-0.0279459756041492
2025-07-03,2025-05-12,931865.CSI,中证半导体产业指数,3149.4943,0.00244438365154909
2025-07-03,2025-05-13,931865.CSI,中证半导体产业指数,3130.0331,-0.00617915072905506
2025-07-03,2025-05-14,931865.CSI,中证半导体产业指数,3157.3256,0.00871955635229549
2025-07-03,2025-05-15,931865.CSI,中证半导体产业指数,3089.4768,-0.0214893262829783
2025-07-03,2025-05-16,931865.CSI,中证半导体产业指数,3078.7424,-0.00347450416199913
2025-07-03,2025-05-19,931865.CSI,中证半导体产业指数,3093.7313,0.00486851384513365
2025-07-03,2025-05-20,931865.CSI,中证半导体产业指数,3098.3474,0.00149208174607796
2025-07-03,2025-05-21,931865.CSI,中证半导体产业指数,3077.9427,-0.00658567209087013
2025-07-03,2025-05-22,931865.CSI,中证半导体产业指数,3060.7458,-0.00558714104716762
2025-07-03,2025-05-23,931865.CSI,中证半导体产业指数,3033.578,-0.00887620265622846
2025-07-03,2025-05-26,931865.CSI,中证半导体产业指数,3059.0799,0.00840654171410793
2025-07-03,2025-05-27,931865.CSI,中证半导体产业指数,3036.9015,-0.00725002311969691
2025-07-03,2025-05-28,931865.CSI,中证半导体产业指数,2992.815,-0.0145169344478245
2025-07-03,2025-05-29,931865.CSI,中证半导体产业指数,3054.3081,0.0205469098490887
2025-07-03,2025-05-30,931865.CSI,中证半导体产业指数,3004.1008,-0.0164381910259807
2025-07-03,2025-06-03,931865.CSI,中证半导体产业指数,3045.2997,0.0137142202418774
2025-07-03,2025-06-04,931865.CSI,中证半导体产业指数,3048.6819,0.00111062960404196
2025-07-03,2025-06-05,931865.CSI,中证半导体产业指数,3087.5362,0.0127446225203096
2025-07-03,2025-06-06,931865.CSI,中证半导体产业指数,3089.7117,0.000704607123310774
2025-07-03,2025-06-09,931865.CSI,中证半导体产业指数,3088.056,-0.000535875240398553
2025-07-03,2025-06-10,931865.CSI,中证半导体产业指数,3020.322,-0.0219341877219843
2025-07-03,2025-06-11,931865.CSI,中证半导体产业指数,3012.8504,-0.00247377597487963
2025-07-03,2025-06-12,931865.CSI,中证半导体产业指数,2967.9624,-0.0148988479481091
2025-07-03,2025-06-13,931865.CSI,中证半导体产业指数,2995.7134,0.0093501858379339
2025-07-03,2025-06-16,931865.CSI,中证半导体产业指数,2997.915,0.000734916764734583
2025-07-03,2025-06-17,931865.CSI,中证半导体产业指数,2970.7055,-0.00907614125150313
2025-07-03,2025-06-18,931865.CSI,中证半导体产业指数,2995.9742,0.00850595927465725
2025-07-03,2025-06-19,931865.CSI,中证半导体产业指数,3009.584,0.00454269599517909
2025-07-03,2025-06-20,931865.CSI,中证半导体产业指数,3013.9522,0.00145142983216306
2025-07-03,2025-06-23,931865.CSI,中证半导体产业指数,3080.8749,0.0222043003867147
2025-07-03,2025-06-24,931865.CSI,中证半导体产业指数,3118.3284,0.0121567740384396
2025-07-03,2025-06-25,931865.CSI,中证半导体产业指数,3153.4408,0.0112600071243298
2025-07-03,2025-06-26,931865.CSI,中证半导体产业指数,3134.7886,-0.00591487241491895
2025-07-03,2025-06-27,931865.CSI,中证半导体产业指数,3124.6741,-0.00322653336177103
2025-07-03,2025-06-30,931865.CSI,中证半导体产业指数,3180.8501,0.0179781949099906
2025-07-03,2025-07-01,931865.CSI,中证半导体产业指数,3172.9828,-0.00247333252201976
2025-07-03,2025-07-02,931865.CSI,中证半导体产业指数,3107.2674,-0.0207109222275015
2025-07-03,2025-07-03,931865.CSI,中证半导体产业指数,3106.9198,-0.00011186678043873
2025-07-03,2025-04-07,931866.CSI,中证机床指数,1117.5491,-0.118477076126
2025-07-03,2025-04-08,931866.CSI,中证机床指数,1095.4626,-0.019763337467678
2025-07-03,2025-04-09,931866.CSI,中证机床指数,1123.0424,0.0251763957984508
2025-07-03,2025-04-10,931866.CSI,中证机床指数,1155.3069,0.0287295475219813
2025-07-03,2025-04-11,931866.CSI,中证机床指数,1174.3594,0.0164912890245874
2025-07-03,2025-04-14,931866.CSI,中证机床指数,1189.1734,0.0126145369126349
2025-07-03,2025-04-15,931866.CSI,中证机床指数,1184.7378,-0.00372998588767615
2025-07-03,2025-04-16,931866.CSI,中证机床指数,1161.9974,-0.0191944580480171
2025-07-03,2025-04-17,931866.CSI,中证机床指数,1162.0687,6.13598619068068e-05
2025-07-03,2025-04-18,931866.CSI,中证机床指数,1164.6291,0.00220331207612778
2025-07-03,2025-04-21,931866.CSI,中证机床指数,1194.5812,0.0257181449441715
2025-07-03,2025-04-22,931866.CSI,中证机床指数,1185.783,-0.00736509163211352
2025-07-03,2025-04-23,931866.CSI,中证机床指数,1215.6433,0.0251819262040356
2025-07-03,2025-04-24,931866.CSI,中证机床指数,1205.0312,-0.00872961665646499
2025-07-03,2025-04-25,931866.CSI,中证机床指数,1210.717,0.00471838405511837
2025-07-03,2025-04-28,931866.CSI,中证机床指数,1193.6581,-0.0140899153146441
2025-07-03,2025-04-29,931866.CSI,中证机床指数,1204.1243,0.00876817239375316
2025-07-03,2025-04-30,931866.CSI,中证机床指数,1228.5946,0.0203220714007681
2025-07-03,2025-05-06,931866.CSI,中证机床指数,1263.7061,0.0285785889014978
2025-07-03,2025-05-07,931866.CSI,中证机床指数,1273.3938,0.00766610211029284
2025-07-03,2025-05-08,931866.CSI,中证机床指数,1288.7647,0.0120708142288739
2025-07-03,2025-05-09,931866.CSI,中证机床指数,1278.9954,-0.00758035970414139
2025-07-03,2025-05-12,931866.CSI,中证机床指数,1314.4516,0.0277219136206432
2025-07-03,2025-05-13,931866.CSI,中证机床指数,1307.2178,-0.00550328365076369
2025-07-03,2025-05-14,931866.CSI,中证机床指数,1307.5248,0.000234849923249181
2025-07-03,2025-05-15,931866.CSI,中证机床指数,1291.584,-0.0121915851997605
2025-07-03,2025-05-16,931866.CSI,中证机床指数,1308.9354,0.0134342017243942
2025-07-03,2025-05-19,931866.CSI,中证机床指数,1294.5494,-0.0109906111485716
2025-07-03,2025-05-20,931866.CSI,中证机床指数,1297.524,0.00229778794073043
2025-07-03,2025-05-21,931866.CSI,中证机床指数,1282.5175,-0.0115654893474032
2025-07-03,2025-05-22,931866.CSI,中证机床指数,1268.238,-0.0111339611350332
2025-07-03,2025-05-23,931866.CSI,中证机床指数,1260.9918,-0.00571359634390389
2025-07-03,2025-05-26,931866.CSI,中证机床指数,1266.0931,0.00404546643364379
2025-07-03,2025-05-27,931866.CSI,中证机床指数,1250.8418,-0.0120459545984416
2025-07-03,2025-05-28,931866.CSI,中证机床指数,1248.7871,-0.00164265377124417
2025-07-03,2025-05-29,931866.CSI,中证机床指数,1267.935,0.015333198108789
2025-07-03,2025-05-30,931866.CSI,中证机床指数,1243.8715,-0.0189784965317623
2025-07-03,2025-06-03,931866.CSI,中证机床指数,1246.4087,0.00203976053796562
2025-07-03,2025-06-04,931866.CSI,中证机床指数,1258.4404,0.00965309372439394
2025-07-03,2025-06-05,931866.CSI,中证机床指数,1277.8568,0.0154289388675062
2025-07-03,2025-06-06,931866.CSI,中证机床指数,1272.1183,-0.00449072227811431
2025-07-03,2025-06-09,931866.CSI,中证机床指数,1279.8965,0.00611436845142466
2025-07-03,2025-06-10,931866.CSI,中证机床指数,1270.4291,-0.00739700436714996
2025-07-03,2025-06-11,931866.CSI,中证机床指数,1274.5891,0.00327448418805876
2025-07-03,2025-06-12,931866.CSI,中证机床指数,1276.0137,0.00111769353747038
2025-07-03,2025-06-13,931866.CSI,中证机床指数,1258.5095,-0.0137178777939454
2025-07-03,2025-06-16,931866.CSI,中证机床指数,1265.2368,0.00534545031245304
2025-07-03,2025-06-17,931866.CSI,中证机床指数,1262.7347,-0.00197757447459634
2025-07-03,2025-06-18,931866.CSI,中证机床指数,1265.4055,0.00211509195082704
2025-07-03,2025-06-19,931866.CSI,中证机床指数,1248.917,-0.013030210474034
2025-07-03,2025-06-20,931866.CSI,中证机床指数,1230.2869,-0.0149170040923455
2025-07-03,2025-06-23,931866.CSI,中证机床指数,1238.3634,0.0065647289262365
2025-07-03,2025-06-24,931866.CSI,中证机床指数,1277.3085,0.0314488461141538
2025-07-03,2025-06-25,931866.CSI,中证机床指数,1290.5329,0.0103533328087928
2025-07-03,2025-06-26,931866.CSI,中证机床指数,1279.859,-0.00827092436000665
2025-07-03,2025-06-27,931866.CSI,中证机床指数,1276.6424,-0.00251324559971056
2025-07-03,2025-06-30,931866.CSI,中证机床指数,1294.5634,0.0140376036390457
2025-07-03,2025-07-01,931866.CSI,中证机床指数,1292.7937,-0.00136702458913951
2025-07-03,2025-07-02,931866.CSI,中证机床指数,1273.6788,-0.0147857310876438
2025-07-03,2025-07-03,931866.CSI,中证机床指数,1278.967,0.00415191019902372
2025-07-03,2025-04-07,932000.CSI,中证2000指数,2194.4786,-0.12831464616876
2025-07-03,2025-04-08,932000.CSI,中证2000指数,2183.1187,-0.00517658271992261
2025-07-03,2025-04-09,932000.CSI,中证2000指数,2248.3397,0.0298751506274029
2025-07-03,2025-04-10,932000.CSI,中证2000指数,2318.5597,0.031231935280954
2025-07-03,2025-04-11,932000.CSI,中证2000指数,2341.0599,0.00970438673630025
2025-07-03,2025-04-14,932000.CSI,中证2000指数,2392.1414,0.0218198175962947
2025-07-03,2025-04-15,932000.CSI,中证2000指数,2390.9521,-0.000497169607114323
2025-07-03,2025-04-16,932000.CSI,中证2000指数,2350.1019,-0.0170853276399807
2025-07-03,2025-04-17,932000.CSI,中证2000指数,2363.2559,0.0055972041042136
2025-07-03,2025-04-18,932000.CSI,中证2000指数,2358.631,-0.00195700347135508
2025-07-03,2025-04-21,932000.CSI,中证2000指数,2412.6639,0.0229085855311832
2025-07-03,2025-04-22,932000.CSI,中证2000指数,2412.2985,-0.000151450850655266
2025-07-03,2025-04-23,932000.CSI,中证2000指数,2440.6076,0.0117353221419323
2025-07-03,2025-04-24,932000.CSI,中证2000指数,2415.5516,-0.0102662959830168
2025-07-03,2025-04-25,932000.CSI,中证2000指数,2422.4874,0.00287131104961702
2025-07-03,2025-04-28,932000.CSI,中证2000指数,2388.0251,-0.014225997625416
2025-07-03,2025-04-29,932000.CSI,中证2000指数,2411.6782,0.0099048791405083
2025-07-03,2025-04-30,932000.CSI,中证2000指数,2442.8915,0.0129425642276819
2025-07-03,2025-05-06,932000.CSI,中证2000指数,2522.3095,0.0325098351686923
2025-07-03,2025-05-07,932000.CSI,中证2000指数,2540.9823,0.00740305660348195
2025-07-03,2025-05-08,932000.CSI,中证2000指数,2568.667,0.0108952746345379
2025-07-03,2025-05-09,932000.CSI,中证2000指数,2530.3446,-0.0149191779238025
2025-07-03,2025-05-12,932000.CSI,中证2000指数,2570.7334,0.0159617784866142
2025-07-03,2025-05-13,932000.CSI,中证2000指数,2562.9121,-0.00304243917319469
2025-07-03,2025-05-14,932000.CSI,中证2000指数,2565.7075,0.0010907123970425
2025-07-03,2025-05-15,932000.CSI,中证2000指数,2531.9618,-0.0131525904648133
2025-07-03,2025-05-16,932000.CSI,中证2000指数,2554.778,0.00901127339282914
2025-07-03,2025-05-19,932000.CSI,中证2000指数,2576.7256,0.00859080515019328
2025-07-03,2025-05-20,932000.CSI,中证2000指数,2598.3569,0.00839487914429071
2025-07-03,2025-05-21,932000.CSI,中证2000指数,2577.5636,-0.00800248033670825
2025-07-03,2025-05-22,932000.CSI,中证2000指数,2545.831,-0.0123110832260356
2025-07-03,2025-05-23,932000.CSI,中证2000指数,2515.8813,-0.0117642137282483
2025-07-03,2025-05-26,932000.CSI,中证2000指数,2547.4564,0.0125503138800707
2025-07-03,2025-05-27,932000.CSI,中证2000指数,2552.6575,0.00204168361821599
2025-07-03,2025-05-28,932000.CSI,中证2000指数,2543.968,-0.00340409945321685
2025-07-03,2025-05-29,932000.CSI,中证2000指数,2588.547,0.0175234122441792
2025-07-03,2025-05-30,932000.CSI,中证2000指数,2543.1976,-0.0175192492158729
2025-07-03,2025-06-03,932000.CSI,中证2000指数,2564.1167,0.00822551106528246
2025-07-03,2025-06-04,932000.CSI,中证2000指数,2591.1784,0.0105540048157713
2025-07-03,2025-06-05,932000.CSI,中证2000指数,2606.5146,0.00591861988352482
2025-07-03,2025-06-06,932000.CSI,中证2000指数,2601.4941,-0.00192613538401054
2025-07-03,2025-06-09,932000.CSI,中证2000指数,2638.8858,0.014373163483246
2025-07-03,2025-06-10,932000.CSI,中证2000指数,2617.3296,-0.00816867482480677
2025-07-03,2025-06-11,932000.CSI,中证2000指数,2628.8683,0.00440857735303957
2025-07-03,2025-06-12,932000.CSI,中证2000指数,2635.583,0.00255421696096381
2025-07-03,2025-06-13,932000.CSI,中证2000指数,2582.0367,-0.0203166813566485
2025-07-03,2025-06-16,932000.CSI,中证2000指数,2609.6711,0.0107025589527832
2025-07-03,2025-06-17,932000.CSI,中证2000指数,2605.9732,-0.00141699848689747
2025-07-03,2025-06-18,932000.CSI,中证2000指数,2598.6865,-0.0027961530839995
2025-07-03,2025-06-19,932000.CSI,中证2000指数,2547.9906,-0.0195082785091621
2025-07-03,2025-06-20,932000.CSI,中证2000指数,2524.8062,-0.00909909165284994
2025-07-03,2025-06-23,932000.CSI,中证2000指数,2573.8394,0.0194205796864726
2025-07-03,2025-06-24,932000.CSI,中证2000指数,2631.0436,0.0222252406269017
2025-07-03,2025-06-25,932000.CSI,中证2000指数,2657.4055,0.0100195602991908
2025-07-03,2025-06-26,932000.CSI,中证2000指数,2652.534,-0.00183317901614932
2025-07-03,2025-06-27,932000.CSI,中证2000指数,2664.9703,0.00468846016676872
2025-07-03,2025-06-30,932000.CSI,中证2000指数,2705.9813,0.0153889144655759
2025-07-03,2025-07-01,932000.CSI,中证2000指数,2713.6682,0.00284070699232108
2025-07-03,2025-07-02,932000.CSI,中证2000指数,2690.6791,-0.00847159575367407
2025-07-03,2025-07-03,932000.CSI,中证2000指数,2709.8858,0.00713823510206035
2025-07-03,2025-04-07,932038.CSI,中证国新央企科技引领指数,1115.5977,-0.0792204655806353
2025-07-03,2025-04-08,932038.CSI,中证国新央企科技引领指数,1127.8792,0.011008896845162
2025-07-03,2025-04-09,932038.CSI,中证国新央企科技引领指数,1178.2656,0.044673578517983
2025-07-03,2025-04-10,932038.CSI,中证国新央企科技引领指数,1188.3659,0.00857217591687309
2025-07-03,2025-04-11,932038.CSI,中证国新央企科技引领指数,1204.5831,0.0136466386320915
2025-07-03,2025-04-14,932038.CSI,中证国新央企科技引领指数,1208.3467,0.00312440046685025
2025-07-03,2025-04-15,932038.CSI,中证国新央企科技引领指数,1190.5539,-0.0147249129740661
2025-07-03,2025-04-16,932038.CSI,中证国新央企科技引领指数,1187.7581,-0.00234831871114793
2025-07-03,2025-04-17,932038.CSI,中证国新央企科技引领指数,1186.7195,-0.000874420473327087
2025-07-03,2025-04-18,932038.CSI,中证国新央企科技引领指数,1181.6374,-0.00428247787282487
2025-07-03,2025-04-21,932038.CSI,中证国新央企科技引领指数,1197.429,0.0133641673833276
2025-07-03,2025-04-22,932038.CSI,中证国新央企科技引领指数,1190.9528,-0.00540842087505822
2025-07-03,2025-04-23,932038.CSI,中证国新央企科技引领指数,1187.3277,-0.00304386538240642
2025-07-03,2025-04-24,932038.CSI,中证国新央企科技引领指数,1170.8048,-0.0139160401968219
2025-07-03,2025-04-25,932038.CSI,中证国新央企科技引领指数,1176.0086,0.00444463500662118
2025-07-03,2025-04-28,932038.CSI,中证国新央企科技引领指数,1164.7061,-0.00961089910396895
2025-07-03,2025-04-29,932038.CSI,中证国新央企科技引领指数,1160.5414,-0.0035757518570565
2025-07-03,2025-04-30,932038.CSI,中证国新央企科技引领指数,1167.6539,0.00612860514928637
2025-07-03,2025-05-06,932038.CSI,中证国新央企科技引领指数,1192.9706,0.0216816815325158
2025-07-03,2025-05-07,932038.CSI,中证国新央企科技引领指数,1217.5844,0.0206323609316104
2025-07-03,2025-05-08,932038.CSI,中证国新央企科技引领指数,1241.4557,0.019605458151402
2025-07-03,2025-05-09,932038.CSI,中证国新央企科技引领指数,1211.7816,-0.0239026652340474
2025-07-03,2025-05-12,932038.CSI,中证国新央企科技引领指数,1251.0747,0.0324258925865848
2025-07-03,2025-05-13,932038.CSI,中证国新央企科技引领指数,1225.8931,-0.0201279747724096
2025-07-03,2025-05-14,932038.CSI,中证国新央企科技引领指数,1222.0805,-0.00311005910711137
2025-07-03,2025-05-15,932038.CSI,中证国新央企科技引领指数,1198.5305,-0.0192704163105458
2025-07-03,2025-05-16,932038.CSI,中证国新央企科技引领指数,1197.3783,-0.000961343912399437
2025-07-03,2025-05-19,932038.CSI,中证国新央企科技引领指数,1205.0657,0.00642019318372489
2025-07-03,2025-05-20,932038.CSI,中证国新央企科技引领指数,1200.8992,-0.00345748783655531
2025-07-03,2025-05-21,932038.CSI,中证国新央企科技引领指数,1199.8955,-0.000835790381074397
2025-07-03,2025-05-22,932038.CSI,中证国新央企科技引领指数,1193.2239,-0.00556015086313777
2025-07-03,2025-05-23,932038.CSI,中证国新央企科技引领指数,1177.7983,-0.0129276659644515
2025-07-03,2025-05-26,932038.CSI,中证国新央企科技引领指数,1187.0059,0.00781763736626218
2025-07-03,2025-05-27,932038.CSI,中证国新央企科技引领指数,1177.1394,-0.00831209010839806
2025-07-03,2025-05-28,932038.CSI,中证国新央企科技引领指数,1172.5887,-0.00386589727605757
2025-07-03,2025-05-29,932038.CSI,中证国新央企科技引领指数,1198.8766,0.0224186878144059
2025-07-03,2025-05-30,932038.CSI,中证国新央企科技引领指数,1192.5518,-0.00527560551269424
2025-07-03,2025-06-03,932038.CSI,中证国新央企科技引领指数,1201.4874,0.0074928401432961
2025-07-03,2025-06-04,932038.CSI,中证国新央企科技引领指数,1202.7793,0.00107525056026381
2025-07-03,2025-06-05,932038.CSI,中证国新央企科技引领指数,1215.1706,0.0103022225274412
2025-07-03,2025-06-06,932038.CSI,中证国新央企科技引领指数,1213.9595,-0.000996650182287118
2025-07-03,2025-06-09,932038.CSI,中证国新央企科技引领指数,1231.0854,0.0141074722838777
2025-07-03,2025-06-10,932038.CSI,中证国新央企科技引领指数,1207.6467,-0.0190390528553096
2025-07-03,2025-06-11,932038.CSI,中证国新央企科技引领指数,1210.7887,0.00260175430446674
2025-07-03,2025-06-12,932038.CSI,中证国新央企科技引领指数,1207.3218,-0.00286334023434487
2025-07-03,2025-06-13,932038.CSI,中证国新央企科技引领指数,1210.9289,0.00298768729265064
2025-07-03,2025-06-16,932038.CSI,中证国新央企科技引领指数,1216.0599,0.00423724299585215
2025-07-03,2025-06-17,932038.CSI,中证国新央企科技引领指数,1213.7221,-0.00192243819568427
2025-07-03,2025-06-18,932038.CSI,中证国新央企科技引领指数,1224.977,0.00927304528771455
2025-07-03,2025-06-19,932038.CSI,中证国新央企科技引领指数,1210.6275,-0.0117140974891774
2025-07-03,2025-06-20,932038.CSI,中证国新央企科技引领指数,1193.538,-0.014116233110515
2025-07-03,2025-06-23,932038.CSI,中证国新央企科技引领指数,1207.3448,0.0115679601319774
2025-07-03,2025-06-24,932038.CSI,中证国新央企科技引领指数,1220.307,0.0107361211146972
2025-07-03,2025-06-25,932038.CSI,中证国新央企科技引领指数,1244.111,0.0195065667901602
2025-07-03,2025-06-26,932038.CSI,中证国新央企科技引领指数,1242.1537,-0.00157325190437185
2025-07-03,2025-06-27,932038.CSI,中证国新央企科技引领指数,1251.8809,0.00783091496648125
2025-07-03,2025-06-30,932038.CSI,中证国新央企科技引领指数,1288.8522,0.0295326017035646
2025-07-03,2025-07-01,932038.CSI,中证国新央企科技引领指数,1284.2659,-0.00355843749966045
2025-07-03,2025-07-02,932038.CSI,中证国新央企科技引领指数,1258.3859,-0.0201515901029531
2025-07-03,2025-07-03,932038.CSI,中证国新央企科技引领指数,1265.3299,0.00551818007496752
2025-07-03,2025-04-07,980017.SZ,国证半导体芯片指数,8320.385,-0.0808902743237734
2025-07-03,2025-04-08,980017.SZ,国证半导体芯片指数,8307.7905,-0.00151369197459028
2025-07-03,2025-04-09,980017.SZ,国证半导体芯片指数,8746.1458,0.0527643661693205
2025-07-03,2025-04-10,980017.SZ,国证半导体芯片指数,8827.6138,0.00931473152437023
2025-07-03,2025-04-11,980017.SZ,国证半导体芯片指数,9169.6092,0.0387415453086544
2025-07-03,2025-04-14,980017.SZ,国证半导体芯片指数,9178.2869,0.00094635439861479
2025-07-03,2025-04-15,980017.SZ,国证半导体芯片指数,9062.3747,-0.0126289580248357
2025-07-03,2025-04-16,980017.SZ,国证半导体芯片指数,9182.9624,0.0133064129427356
2025-07-03,2025-04-17,980017.SZ,国证半导体芯片指数,9204.9336,0.00239260480909742
2025-07-03,2025-04-18,980017.SZ,国证半导体芯片指数,9109.424,-0.0103759140641709
2025-07-03,2025-04-21,980017.SZ,国证半导体芯片指数,9213.4548,0.0114201293078464
2025-07-03,2025-04-22,980017.SZ,国证半导体芯片指数,9184.8565,-0.00310397137890117
2025-07-03,2025-04-23,980017.SZ,国证半导体芯片指数,9156.6124,-0.00307507253923889
2025-07-03,2025-04-24,980017.SZ,国证半导体芯片指数,9050.7373,-0.0115626932073699
2025-07-03,2025-04-25,980017.SZ,国证半导体芯片指数,9043.9924,-0.000745232103908422
2025-07-03,2025-04-28,980017.SZ,国证半导体芯片指数,9069.8375,0.00285770916835371
2025-07-03,2025-04-29,980017.SZ,国证半导体芯片指数,9163.6369,0.0103419052436164
2025-07-03,2025-04-30,980017.SZ,国证半导体芯片指数,9225.4786,0.0067485978192785
2025-07-03,2025-05-06,980017.SZ,国证半导体芯片指数,9374.938,0.0162007204699386
2025-07-03,2025-05-07,980017.SZ,国证半导体芯片指数,9349.8267,-0.0026785563808529
2025-07-03,2025-05-08,980017.SZ,国证半导体芯片指数,9283.7309,-0.00706920054464744
2025-07-03,2025-05-09,980017.SZ,国证半导体芯片指数,9099.32,-0.0198638782173233
2025-07-03,2025-05-12,980017.SZ,国证半导体芯片指数,9136.8688,0.00412655011583296
2025-07-03,2025-05-13,980017.SZ,国证半导体芯片指数,9094.1387,-0.00467666778798448
2025-07-03,2025-05-14,980017.SZ,国证半导体芯片指数,9143.6789,0.00544748674220252
2025-07-03,2025-05-15,980017.SZ,国证半导体芯片指数,8959.1329,-0.0201829047168313
2025-07-03,2025-05-16,980017.SZ,国证半导体芯片指数,8923.1228,-0.00401937334806157
2025-07-03,2025-05-19,980017.SZ,国证半导体芯片指数,8965.6821,0.00476955220206099
2025-07-03,2025-05-20,980017.SZ,国证半导体芯片指数,8996.9323,0.00348553513848104
2025-07-03,2025-05-21,980017.SZ,国证半导体芯片指数,8887.3862,-0.0121759391253838
2025-07-03,2025-05-22,980017.SZ,国证半导体芯片指数,8873.7288,-0.00153671728589899
2025-07-03,2025-05-23,980017.SZ,国证半导体芯片指数,8763.1725,-0.0124588324132692
2025-07-03,2025-05-26,980017.SZ,国证半导体芯片指数,8799.6047,0.00415742129919261
2025-07-03,2025-05-27,980017.SZ,国证半导体芯片指数,8676.0687,-0.0140388124480183
2025-07-03,2025-05-28,980017.SZ,国证半导体芯片指数,8606.202,-0.00805280622086368
2025-07-03,2025-05-29,980017.SZ,国证半导体芯片指数,8763.2726,0.0182508614136643
2025-07-03,2025-05-30,980017.SZ,国证半导体芯片指数,8635.449,-0.0145862859498402
2025-07-03,2025-06-03,980017.SZ,国证半导体芯片指数,8688.0805,0.00609481915763732
2025-07-03,2025-06-04,980017.SZ,国证半导体芯片指数,8740.7726,0.00606487244219256
2025-07-03,2025-06-05,980017.SZ,国证半导体芯片指数,8871.4939,0.0149553484551239
2025-07-03,2025-06-06,980017.SZ,国证半导体芯片指数,8878.8108,0.000824765263040872
2025-07-03,2025-06-09,980017.SZ,国证半导体芯片指数,8870.3495,-0.000952976720711152
2025-07-03,2025-06-10,980017.SZ,国证半导体芯片指数,8703.2822,-0.0188343537083855
2025-07-03,2025-06-11,980017.SZ,国证半导体芯片指数,8672.3256,-0.0035568879979555
2025-07-03,2025-06-12,980017.SZ,国证半导体芯片指数,8606.7465,-0.0075618816710481
2025-07-03,2025-06-13,980017.SZ,国证半导体芯片指数,8603.0324,-0.00043153356497716
2025-07-03,2025-06-16,980017.SZ,国证半导体芯片指数,8626.8477,0.00276824483422855
2025-07-03,2025-06-17,980017.SZ,国证半导体芯片指数,8575.7483,-0.00592329919073464
2025-07-03,2025-06-18,980017.SZ,国证半导体芯片指数,8615.645,0.00465227040303895
2025-07-03,2025-06-19,980017.SZ,国证半导体芯片指数,8611.5517,-0.000475100819497642
2025-07-03,2025-06-20,980017.SZ,国证半导体芯片指数,8553.6443,-0.00672438626827265
2025-07-03,2025-06-23,980017.SZ,国证半导体芯片指数,8647.2632,0.0109449138538529
2025-07-03,2025-06-24,980017.SZ,国证半导体芯片指数,8813.727,0.0192504606544186
2025-07-03,2025-06-25,980017.SZ,国证半导体芯片指数,8955.0851,0.0160384023693949
2025-07-03,2025-06-26,980017.SZ,国证半导体芯片指数,8889.7196,-0.00729926061785835
2025-07-03,2025-06-27,980017.SZ,国证半导体芯片指数,8908.1501,0.00207323749558985
2025-07-03,2025-06-30,980017.SZ,国证半导体芯片指数,9023.244,0.0129200674335292
2025-07-03,2025-07-01,980017.SZ,国证半导体芯片指数,8954.7637,-0.00758932153447267
2025-07-03,2025-07-02,980017.SZ,国证半导体芯片指数,8781.691,-0.0193274446761782
2025-07-03,2025-07-03,980017.SZ,国证半导体芯片指数,8805.7445,0.002739051055201
2025-07-03,2025-04-07,980022.SZ,国证机器人产业指数,1862.155,-0.136236416627614
2025-07-03,2025-04-08,980022.SZ,国证机器人产业指数,1837.2395,-0.0133799280940631
2025-07-03,2025-04-09,980022.SZ,国证机器人产业指数,1888.0927,0.0276791349195356
2025-07-03,2025-04-10,980022.SZ,国证机器人产业指数,1960.2573,0.0382208987937933
2025-07-03,2025-04-11,980022.SZ,国证机器人产业指数,2009.1421,0.0249379507475882
2025-07-03,2025-04-14,980022.SZ,国证机器人产业指数,2026.7878,0.00878270382169588
2025-07-03,2025-04-15,980022.SZ,国证机器人产业指数,2018.7058,-0.0039875906101271
2025-07-03,2025-04-16,980022.SZ,国证机器人产业指数,1984.7244,-0.0168332602006691
2025-07-03,2025-04-17,980022.SZ,国证机器人产业指数,1972.3692,-0.00622514642335226
2025-07-03,2025-04-18,980022.SZ,国证机器人产业指数,1970.7262,-0.000833008343468333
2025-07-03,2025-04-21,980022.SZ,国证机器人产业指数,2041.1773,0.0357488016346461
2025-07-03,2025-04-22,980022.SZ,国证机器人产业指数,2021.5848,-0.0095986272236126
2025-07-03,2025-04-23,980022.SZ,国证机器人产业指数,2105.2404,0.0413811975634166
2025-07-03,2025-04-24,980022.SZ,国证机器人产业指数,2075.8563,-0.0139575983816386
2025-07-03,2025-04-25,980022.SZ,国证机器人产业指数,2082.4421,0.0031725702785883
2025-07-03,2025-04-28,980022.SZ,国证机器人产业指数,2043.7579,-0.0185763628194033
2025-07-03,2025-04-29,980022.SZ,国证机器人产业指数,2077.0019,0.0162661144942853
2025-07-03,2025-04-30,980022.SZ,国证机器人产业指数,2147.0544,0.0337277014527526
2025-07-03,2025-05-06,980022.SZ,国证机器人产业指数,2206.2088,0.0275514211470376
2025-07-03,2025-05-07,980022.SZ,国证机器人产业指数,2204.4681,-0.000789000569664911
2025-07-03,2025-05-08,980022.SZ,国证机器人产业指数,2228.2359,0.0107816484166861
2025-07-03,2025-05-09,980022.SZ,国证机器人产业指数,2193.4721,-0.0156014899499646
2025-07-03,2025-05-12,980022.SZ,国证机器人产业指数,2277.6125,0.0383594575923716
2025-07-03,2025-05-13,980022.SZ,国证机器人产业指数,2249.0426,-0.0125437931166956
2025-07-03,2025-05-14,980022.SZ,国证机器人产业指数,2240.9077,-0.00361705020616332
2025-07-03,2025-05-15,980022.SZ,国证机器人产业指数,2196.0136,-0.0200338907309747
2025-07-03,2025-05-16,980022.SZ,国证机器人产业指数,2207.8316,0.00538156958590763
2025-07-03,2025-05-19,980022.SZ,国证机器人产业指数,2188.5241,-0.00874500573322712
2025-07-03,2025-05-20,980022.SZ,国证机器人产业指数,2190.296,0.000809632391071125
2025-07-03,2025-05-21,980022.SZ,国证机器人产业指数,2169.3675,-0.00955510122832715
2025-07-03,2025-05-22,980022.SZ,国证机器人产业指数,2154.5756,-0.00681853120782883
2025-07-03,2025-05-23,980022.SZ,国证机器人产业指数,2134.7944,-0.00918101922253267
2025-07-03,2025-05-26,980022.SZ,国证机器人产业指数,2138.1214,0.00155846389703851
2025-07-03,2025-05-27,980022.SZ,国证机器人产业指数,2105.715,-0.0151564826955101
2025-07-03,2025-05-28,980022.SZ,国证机器人产业指数,2089.9697,-0.00747741266030777
2025-07-03,2025-05-29,980022.SZ,国证机器人产业指数,2115.4657,0.0121992199217051
2025-07-03,2025-05-30,980022.SZ,国证机器人产业指数,2067.6953,-0.0225815053394628
2025-07-03,2025-06-03,980022.SZ,国证机器人产业指数,2070.6319,0.00142022859944602
2025-07-03,2025-06-04,980022.SZ,国证机器人产业指数,2089.5276,0.00912557176386586
2025-07-03,2025-06-05,980022.SZ,国证机器人产业指数,2120.7023,0.0149194966364647
2025-07-03,2025-06-06,980022.SZ,国证机器人产业指数,2103.6105,-0.00805949991189248
2025-07-03,2025-06-09,980022.SZ,国证机器人产业指数,2121.8966,0.00869272139495414
2025-07-03,2025-06-10,980022.SZ,国证机器人产业指数,2093.7053,-0.0132858971544607
2025-07-03,2025-06-11,980022.SZ,国证机器人产业指数,2096.6257,0.00139484768940501
2025-07-03,2025-06-12,980022.SZ,国证机器人产业指数,2097.6531,0.000490025472834832
2025-07-03,2025-06-13,980022.SZ,国证机器人产业指数,2056.5061,-0.0196157315048899
2025-07-03,2025-06-16,980022.SZ,国证机器人产业指数,2064.958,0.0041098346365227
2025-07-03,2025-06-17,980022.SZ,国证机器人产业指数,2055.6104,-0.00452677487871422
2025-07-03,2025-06-18,980022.SZ,国证机器人产业指数,2069.3787,0.00669791318432722
2025-07-03,2025-06-19,980022.SZ,国证机器人产业指数,2060.6765,-0.00420522352916852
2025-07-03,2025-06-20,980022.SZ,国证机器人产业指数,2008.7458,-0.0252008017755335
2025-07-03,2025-06-23,980022.SZ,国证机器人产业指数,2018.2241,0.00471851639963594
2025-07-03,2025-06-24,980022.SZ,国证机器人产业指数,2111.2633,0.0460995386984033
2025-07-03,2025-06-25,980022.SZ,国证机器人产业指数,2150.7431,0.0186996098497048
2025-07-03,2025-06-26,980022.SZ,国证机器人产业指数,2128.0942,-0.0105307323780326
2025-07-03,2025-06-27,980022.SZ,国证机器人产业指数,2126.0803,-0.00094633968740665
2025-07-03,2025-06-30,980022.SZ,国证机器人产业指数,2160.0343,0.0159702340499555
2025-07-03,2025-07-01,980022.SZ,国证机器人产业指数,2146.5796,-0.00622892886469428
2025-07-03,2025-07-02,980022.SZ,国证机器人产业指数,2113.652,-0.015339566256942
2025-07-03,2025-07-03,980022.SZ,国证机器人产业指数,2112.3256,-0.000627539443579184
2025-07-03,2025-04-07,980030.SZ,国证消费电子主题指数,4722.8584,-0.106102273672335
2025-07-03,2025-04-08,980030.SZ,国证消费电子主题指数,4575.5779,-0.0311846105739694
2025-07-03,2025-04-09,980030.SZ,国证消费电子主题指数,4633.4115,0.0126396274446556
2025-07-03,2025-04-10,980030.SZ,国证消费电子主题指数,4802.0333,0.0363925802834477
2025-07-03,2025-04-11,980030.SZ,国证消费电子主题指数,4974.8866,0.0359958561720095
2025-07-03,2025-04-14,980030.SZ,国证消费电子主题指数,4989.6336,0.00296428867343423
2025-07-03,2025-04-15,980030.SZ,国证消费电子主题指数,4941.6843,-0.00960978377249988
2025-07-03,2025-04-16,980030.SZ,国证消费电子主题指数,4886.9604,-0.0110739368761376
2025-07-03,2025-04-17,980030.SZ,国证消费电子主题指数,4887.9795,0.000208534532017079
2025-07-03,2025-04-18,980030.SZ,国证消费电子主题指数,4918.6492,0.00627451485833763
2025-07-03,2025-04-21,980030.SZ,国证消费电子主题指数,4996.6954,0.0158674052217425
2025-07-03,2025-04-22,980030.SZ,国证消费电子主题指数,4927.7155,-0.0138051040693814
2025-07-03,2025-04-23,980030.SZ,国证消费电子主题指数,5010.9388,0.0168888199815918
2025-07-03,2025-04-24,980030.SZ,国证消费电子主题指数,4942.0338,-0.0137509162953656
2025-07-03,2025-04-25,980030.SZ,国证消费电子主题指数,4976.3115,0.00693595013453763
2025-07-03,2025-04-28,980030.SZ,国证消费电子主题指数,4945.7277,-0.00614587732299299
2025-07-03,2025-04-29,980030.SZ,国证消费电子主题指数,4984.6217,0.00786416122343314
2025-07-03,2025-04-30,980030.SZ,国证消费电子主题指数,5061.251,0.0153731425596451
2025-07-03,2025-05-06,980030.SZ,国证消费电子主题指数,5194.3446,0.0262965816158891
2025-07-03,2025-05-07,980030.SZ,国证消费电子主题指数,5152.913,-0.00797629021378377
2025-07-03,2025-05-08,980030.SZ,国证消费电子主题指数,5194.4366,0.0080582769396651
2025-07-03,2025-05-09,980030.SZ,国证消费电子主题指数,5118.3077,-0.0146558531487322
2025-07-03,2025-05-12,980030.SZ,国证消费电子主题指数,5259.1182,0.0275111439665887
2025-07-03,2025-05-13,980030.SZ,国证消费电子主题指数,5230.1326,-0.00551149430336062
2025-07-03,2025-05-14,980030.SZ,国证消费电子主题指数,5220.6839,-0.00180658899546826
2025-07-03,2025-05-15,980030.SZ,国证消费电子主题指数,5097.1873,-0.023655253289708
2025-07-03,2025-05-16,980030.SZ,国证消费电子主题指数,5117.5231,0.00398961207487925
2025-07-03,2025-05-19,980030.SZ,国证消费电子主题指数,5112.6769,-0.000946981558324511
2025-07-03,2025-05-20,980030.SZ,国证消费电子主题指数,5162.9586,0.00983471104931333
2025-07-03,2025-05-21,980030.SZ,国证消费电子主题指数,5111.7479,-0.00991886706199807
2025-07-03,2025-05-22,980030.SZ,国证消费电子主题指数,5082.6378,-0.00569474484451782
2025-07-03,2025-05-23,980030.SZ,国证消费电子主题指数,5000.5044,-0.01615960122124
2025-07-03,2025-05-26,980030.SZ,国证消费电子主题指数,5020.8195,0.00406261016388654
2025-07-03,2025-05-27,980030.SZ,国证消费电子主题指数,4956.3992,-0.0128306345209183
2025-07-03,2025-05-28,980030.SZ,国证消费电子主题指数,4949.3639,-0.00141943772406383
2025-07-03,2025-05-29,980030.SZ,国证消费电子主题指数,5049.0094,0.020132991231459
2025-07-03,2025-05-30,980030.SZ,国证消费电子主题指数,4955.5154,-0.0185172956897247
2025-07-03,2025-06-03,980030.SZ,国证消费电子主题指数,4950.6412,-0.00098359092981537
2025-07-03,2025-06-04,980030.SZ,国证消费电子主题指数,5030.0101,0.0160320444955697
2025-07-03,2025-06-05,980030.SZ,国证消费电子主题指数,5156.9382,0.025234164042732
2025-07-03,2025-06-06,980030.SZ,国证消费电子主题指数,5142.2862,-0.00284122078484483
2025-07-03,2025-06-09,980030.SZ,国证消费电子主题指数,5168.7154,0.00513958169033857
2025-07-03,2025-06-10,980030.SZ,国证消费电子主题指数,5094.0069,-0.0144539782554094
2025-07-03,2025-06-11,980030.SZ,国证消费电子主题指数,5120.9596,0.00529106075612096
2025-07-03,2025-06-12,980030.SZ,国证消费电子主题指数,5107.2831,-0.00267069086036154
2025-07-03,2025-06-13,980030.SZ,国证消费电子主题指数,5037.6808,-0.0136280481495141
2025-07-03,2025-06-16,980030.SZ,国证消费电子主题指数,5089.773,0.010340512245238
2025-07-03,2025-06-17,980030.SZ,国证消费电子主题指数,5114.1149,0.00478251191163137
2025-07-03,2025-06-18,980030.SZ,国证消费电子主题指数,5179.4097,0.0127675660943793
2025-07-03,2025-06-19,980030.SZ,国证消费电子主题指数,5145.422,-0.00656207984473611
2025-07-03,2025-06-20,980030.SZ,国证消费电子主题指数,5099.3709,-0.00894991703304404
2025-07-03,2025-06-23,980030.SZ,国证消费电子主题指数,5124.4404,0.00491619466236526
2025-07-03,2025-06-24,980030.SZ,国证消费电子主题指数,5211.8457,0.0170565550923374
2025-07-03,2025-06-25,980030.SZ,国证消费电子主题指数,5281.2685,0.0133201948016228
2025-07-03,2025-06-26,980030.SZ,国证消费电子主题指数,5235.9136,-0.00858787997618382
2025-07-03,2025-06-27,980030.SZ,国证消费电子主题指数,5312.0624,0.0145435554933526
2025-07-03,2025-06-30,980030.SZ,国证消费电子主题指数,5358.8607,0.0088098174449156
2025-07-03,2025-07-01,980030.SZ,国证消费电子主题指数,5373.874,0.00280158429943889
2025-07-03,2025-07-02,980030.SZ,国证消费电子主题指数,5277.7554,-0.0178862771996514
2025-07-03,2025-07-03,980030.SZ,国证消费电子主题指数,5421.5991,0.0272547113494499
2025-07-03,2025-04-07,980032.SZ,国证新能源车电池指数,8903.1526,-0.118967413861788
2025-07-03,2025-04-08,980032.SZ,国证新能源车电池指数,8911.0873,0.000891223632401905
2025-07-03,2025-04-09,980032.SZ,国证新能源车电池指数,8926.1236,0.0016873698454285
2025-07-03,2025-04-10,980032.SZ,国证新能源车电池指数,9185.8306,0.0290951606361354
2025-07-03,2025-04-11,980032.SZ,国证新能源车电池指数,9399.299,0.0232388783655559
2025-07-03,2025-04-14,980032.SZ,国证新能源车电池指数,9472.422,0.00777962271441734
2025-07-03,2025-04-15,980032.SZ,国证新能源车电池指数,9500.0286,0.00291441829766437
2025-07-03,2025-04-16,980032.SZ,国证新能源车电池指数,9352.1173,-0.0155695636537346
2025-07-03,2025-04-17,980032.SZ,国证新能源车电池指数,9320.3624,-0.00339547708624222
2025-07-03,2025-04-18,980032.SZ,国证新能源车电池指数,9364.3899,0.00472379700600478
2025-07-03,2025-04-21,980032.SZ,国证新能源车电池指数,9578.2282,0.0228352623378059
2025-07-03,2025-04-22,980032.SZ,国证新能源车电池指数,9527.272,-0.00532000271198374
2025-07-03,2025-04-23,980032.SZ,国证新能源车电池指数,9699.2563,0.0180517885917395
2025-07-03,2025-04-24,980032.SZ,国证新能源车电池指数,9672.194,-0.00279014175550751
2025-07-03,2025-04-25,980032.SZ,国证新能源车电池指数,9721.1782,0.00506443522534816
2025-07-03,2025-04-28,980032.SZ,国证新能源车电池指数,9562.6688,-0.0163055749764983
2025-07-03,2025-04-29,980032.SZ,国证新能源车电池指数,9537.666,-0.00261462574129934
2025-07-03,2025-04-30,980032.SZ,国证新能源车电池指数,9587.5665,0.00523194039296415
2025-07-03,2025-05-06,980032.SZ,国证新能源车电池指数,9772.4902,0.019287866217147
2025-07-03,2025-05-07,980032.SZ,国证新能源车电池指数,9797.0186,0.00250994367842905
2025-07-03,2025-05-08,980032.SZ,国证新能源车电池指数,9914.3371,0.0119749185736977
2025-07-03,2025-05-09,980032.SZ,国证新能源车电池指数,9945.9859,0.00319222552963216
2025-07-03,2025-05-12,980032.SZ,国证新能源车电池指数,10205.4213,0.026084432715715
2025-07-03,2025-05-13,980032.SZ,国证新能源车电池指数,10164.9438,-0.00396627427816243
2025-07-03,2025-05-14,980032.SZ,国证新能源车电池指数,10260.9131,0.00944120320665243
2025-07-03,2025-05-15,980032.SZ,国证新能源车电池指数,10129.1055,-0.0128456014309292
2025-07-03,2025-05-16,980032.SZ,国证新能源车电池指数,10216.5493,0.00863292420046369
2025-07-03,2025-05-19,980032.SZ,国证新能源车电池指数,10161.5544,-0.00538292317544042
2025-07-03,2025-05-20,980032.SZ,国证新能源车电池指数,10282.0344,0.0118564537724661
2025-07-03,2025-05-21,980032.SZ,国证新能源车电池指数,10487.9632,0.0200280209138377
2025-07-03,2025-05-22,980032.SZ,国证新能源车电池指数,10345.2953,-0.0136030130235393
2025-07-03,2025-05-23,980032.SZ,国证新能源车电池指数,10319.3654,-0.00250644367783293
2025-07-03,2025-05-26,980032.SZ,国证新能源车电池指数,10049.6167,-0.0261400473327555
2025-07-03,2025-05-27,980032.SZ,国证新能源车电池指数,9979.7384,-0.0069533298717751
2025-07-03,2025-05-28,980032.SZ,国证新能源车电池指数,9850.6803,-0.0129320123260946
2025-07-03,2025-05-29,980032.SZ,国证新能源车电池指数,9903.833,0.00539584052890252
2025-07-03,2025-05-30,980032.SZ,国证新能源车电池指数,9733.0358,-0.0172455654290617
2025-07-03,2025-06-03,980032.SZ,国证新能源车电池指数,9774.9784,0.0043093029617749
2025-07-03,2025-06-04,980032.SZ,国证新能源车电池指数,9918.7463,0.0147077460549683
2025-07-03,2025-06-05,980032.SZ,国证新能源车电池指数,9932.8383,0.00142074407125414
2025-07-03,2025-06-06,980032.SZ,国证新能源车电池指数,9885.2936,-0.00478661773845634
2025-07-03,2025-06-09,980032.SZ,国证新能源车电池指数,9864.4476,-0.00210878916130541
2025-07-03,2025-06-10,980032.SZ,国证新能源车电池指数,9821.0245,-0.00440197989393754
2025-07-03,2025-06-11,980032.SZ,国证新能源车电池指数,9993.8988,0.0176024711067568
2025-07-03,2025-06-12,980032.SZ,国证新能源车电池指数,9950.018,-0.00439075888981388
2025-07-03,2025-06-13,980032.SZ,国证新能源车电池指数,9814.5099,-0.0136188798854435
2025-07-03,2025-06-16,980032.SZ,国证新能源车电池指数,9790.8188,-0.00241388518034913
2025-07-03,2025-06-17,980032.SZ,国证新能源车电池指数,9848.1903,0.00585972441855431
2025-07-03,2025-06-18,980032.SZ,国证新能源车电池指数,9864.1122,0.00161673358403713
2025-07-03,2025-06-19,980032.SZ,国证新能源车电池指数,9807.5586,-0.00573326811915209
2025-07-03,2025-06-20,980032.SZ,国证新能源车电池指数,9738.6533,-0.00702573421279384
2025-07-03,2025-06-23,980032.SZ,国证新能源车电池指数,9906.5419,0.0172394061918191
2025-07-03,2025-06-24,980032.SZ,国证新能源车电池指数,10226.9792,0.0323460298492251
2025-07-03,2025-06-25,980032.SZ,国证新能源车电池指数,10442.0089,0.0210257296700087
2025-07-03,2025-06-26,980032.SZ,国证新能源车电池指数,10359.4994,-0.00790168834274796
2025-07-03,2025-06-27,980032.SZ,国证新能源车电池指数,10321.9656,-0.00362312873921311
2025-07-03,2025-06-30,980032.SZ,国证新能源车电池指数,10359.4608,0.00363256393724098
2025-07-03,2025-07-01,980032.SZ,国证新能源车电池指数,10327.2491,-0.00310939928456511
2025-07-03,2025-07-02,980032.SZ,国证新能源车电池指数,10277.5295,-0.00481440890197959
2025-07-03,2025-07-03,980032.SZ,国证新能源车电池指数,10478.9647,0.0195995740026822
2025-07-03,2025-04-07,990001.CSI,中华交易服务半导体芯片行业指数,7907.2145,-0.0858494595253226
2025-07-03,2025-04-08,990001.CSI,中华交易服务半导体芯片行业指数,7903.0634,-0.000524976273250211
2025-07-03,2025-04-09,990001.CSI,中华交易服务半导体芯片行业指数,8304.9063,0.0508464730271556
2025-07-03,2025-04-10,990001.CSI,中华交易服务半导体芯片行业指数,8387.3233,0.00992389281983819
2025-07-03,2025-04-11,990001.CSI,中华交易服务半导体芯片行业指数,8745.8308,0.0427439705346757
2025-07-03,2025-04-14,990001.CSI,中华交易服务半导体芯片行业指数,8751.8455,0.000687721971479149
2025-07-03,2025-04-15,990001.CSI,中华交易服务半导体芯片行业指数,8646.1495,-0.0120769956462325
2025-07-03,2025-04-16,990001.CSI,中华交易服务半导体芯片行业指数,8733.4609,0.0100982986704081
2025-07-03,2025-04-17,990001.CSI,中华交易服务半导体芯片行业指数,8761.1111,0.00316600718965843
2025-07-03,2025-04-18,990001.CSI,中华交易服务半导体芯片行业指数,8668.1498,-0.0106106747122521
2025-07-03,2025-04-21,990001.CSI,中华交易服务半导体芯片行业指数,8765.7179,0.0112559314560992
2025-07-03,2025-04-22,990001.CSI,中华交易服务半导体芯片行业指数,8730.2872,-0.00404196215349328
2025-07-03,2025-04-23,990001.CSI,中华交易服务半导体芯片行业指数,8716.5726,-0.00157092197379272
2025-07-03,2025-04-24,990001.CSI,中华交易服务半导体芯片行业指数,8615.8415,-0.0115562738501138
2025-07-03,2025-04-25,990001.CSI,中华交易服务半导体芯片行业指数,8605.7589,-0.00117023972643882
2025-07-03,2025-04-28,990001.CSI,中华交易服务半导体芯片行业指数,8622.9176,0.00199386250525802
2025-07-03,2025-04-29,990001.CSI,中华交易服务半导体芯片行业指数,8703.4871,0.00934364721286451
2025-07-03,2025-04-30,990001.CSI,中华交易服务半导体芯片行业指数,8791.5995,0.0101238042852962
2025-07-03,2025-05-06,990001.CSI,中华交易服务半导体芯片行业指数,8923.7123,0.0150271631459098
2025-07-03,2025-05-07,990001.CSI,中华交易服务半导体芯片行业指数,8886.1647,-0.0042076210816433
2025-07-03,2025-05-08,990001.CSI,中华交易服务半导体芯片行业指数,8834.9549,-0.00576286865355968
2025-07-03,2025-05-09,990001.CSI,中华交易服务半导体芯片行业指数,8641.1357,-0.0219377690315091
2025-07-03,2025-05-12,990001.CSI,中华交易服务半导体芯片行业指数,8687.0216,0.00531017005091128
2025-07-03,2025-05-13,990001.CSI,中华交易服务半导体芯片行业指数,8643.8959,-0.00496438272928901
2025-07-03,2025-05-14,990001.CSI,中华交易服务半导体芯片行业指数,8689.5253,0.00527880026875382
2025-07-03,2025-05-15,990001.CSI,中华交易服务半导体芯片行业指数,8518.2258,-0.0197133323266806
2025-07-03,2025-05-16,990001.CSI,中华交易服务半导体芯片行业指数,8496.3106,-0.00257274231918103
2025-07-03,2025-05-19,990001.CSI,中华交易服务半导体芯片行业指数,8527.2455,0.00364098035681515
2025-07-03,2025-05-20,990001.CSI,中华交易服务半导体芯片行业指数,8565.301,0.00446281275706184
2025-07-03,2025-05-21,990001.CSI,中华交易服务半导体芯片行业指数,8475.9784,-0.010428425107302
2025-07-03,2025-05-22,990001.CSI,中华交易服务半导体芯片行业指数,8453.2704,-0.00267910073956779
2025-07-03,2025-05-23,990001.CSI,中华交易服务半导体芯片行业指数,8339.3734,-0.0134737201829009
2025-07-03,2025-05-26,990001.CSI,中华交易服务半导体芯片行业指数,8381.1297,0.00500712679444226
2025-07-03,2025-05-27,990001.CSI,中华交易服务半导体芯片行业指数,8276.3134,-0.0125062257418592
2025-07-03,2025-05-28,990001.CSI,中华交易服务半导体芯片行业指数,8219.0284,-0.00692156002695599
2025-07-03,2025-05-29,990001.CSI,中华交易服务半导体芯片行业指数,8378.5926,0.0194139978881203
2025-07-03,2025-05-30,990001.CSI,中华交易服务半导体芯片行业指数,8252.4754,-0.0150523132011455
2025-07-03,2025-06-03,990001.CSI,中华交易服务半导体芯片行业指数,8304.7774,0.00633773473593169
2025-07-03,2025-06-04,990001.CSI,中华交易服务半导体芯片行业指数,8349.3071,0.00536193781665939
2025-07-03,2025-06-05,990001.CSI,中华交易服务半导体芯片行业指数,8498.8103,0.0179060607316743
2025-07-03,2025-06-06,990001.CSI,中华交易服务半导体芯片行业指数,8500.5626,0.000206181799351279
2025-07-03,2025-06-09,990001.CSI,中华交易服务半导体芯片行业指数,8494.178,-0.000751079699124801
2025-07-03,2025-06-10,990001.CSI,中华交易服务半导体芯片行业指数,8319.0829,-0.0206135425935271
2025-07-03,2025-06-11,990001.CSI,中华交易服务半导体芯片行业指数,8308.2981,-0.00129639289927008
2025-07-03,2025-06-12,990001.CSI,中华交易服务半导体芯片行业指数,8236.3284,-0.00866238778793937
2025-07-03,2025-06-13,990001.CSI,中华交易服务半导体芯片行业指数,8218.6325,-0.00214851802169524
2025-07-03,2025-06-16,990001.CSI,中华交易服务半导体芯片行业指数,8238.854,0.00246044582234317
2025-07-03,2025-06-17,990001.CSI,中华交易服务半导体芯片行业指数,8200.7908,-0.0046199629220276
2025-07-03,2025-06-18,990001.CSI,中华交易服务半导体芯片行业指数,8253.2044,0.00639128606963113
2025-07-03,2025-06-19,990001.CSI,中华交易服务半导体芯片行业指数,8260.4098,0.000873042717807859
2025-07-03,2025-06-20,990001.CSI,中华交易服务半导体芯片行业指数,8197.458,-0.00762090520012682
2025-07-03,2025-06-23,990001.CSI,中华交易服务半导体芯片行业指数,8276.0335,0.00958534950712764
2025-07-03,2025-06-24,990001.CSI,中华交易服务半导体芯片行业指数,8430.0205,0.0186063770766516
2025-07-03,2025-06-25,990001.CSI,中华交易服务半导体芯片行业指数,8585.4391,0.0184363252734674
2025-07-03,2025-06-26,990001.CSI,中华交易服务半导体芯片行业指数,8503.8178,-0.00950694531162644
2025-07-03,2025-06-27,990001.CSI,中华交易服务半导体芯片行业指数,8531.1999,0.00321997726715151
2025-07-03,2025-06-30,990001.CSI,中华交易服务半导体芯片行业指数,8658.6024,0.0149337140722725
2025-07-03,2025-07-01,990001.CSI,中华交易服务半导体芯片行业指数,8608.4824,-0.00578846304341207
2025-07-03,2025-07-02,990001.CSI,中华交易服务半导体芯片行业指数,8438.0908,-0.019793453954207
2025-07-03,2025-07-03,990001.CSI,中华交易服务半导体芯片行业指数,8458.8112,0.00245557916963879
2025-07-03,2025-04-07,CN5075.SZ,国证信息技术创新主题指数,6053.8126,-0.0908575584093293
2025-07-03,2025-04-08,CN5075.SZ,国证信息技术创新主题指数,6076.926,0.00381799066591526
2025-07-03,2025-04-09,CN5075.SZ,国证信息技术创新主题指数,6357.4868,0.0461682107038985
2025-07-03,2025-04-10,CN5075.SZ,国证信息技术创新主题指数,6420.6168,0.00993002454995273
2025-07-03,2025-04-11,CN5075.SZ,国证信息技术创新主题指数,6552.1036,0.020478842468842
2025-07-03,2025-04-14,CN5075.SZ,国证信息技术创新主题指数,6584.1391,0.00488934576675493
2025-07-03,2025-04-15,CN5075.SZ,国证信息技术创新主题指数,6512.4053,-0.0108949399322381
2025-07-03,2025-04-16,CN5075.SZ,国证信息技术创新主题指数,6517.4523,0.000774982478439989
2025-07-03,2025-04-17,CN5075.SZ,国证信息技术创新主题指数,6530.6001,0.00201732201400229
2025-07-03,2025-04-18,CN5075.SZ,国证信息技术创新主题指数,6482.5277,-0.00736109993934553
2025-07-03,2025-04-21,CN5075.SZ,国证信息技术创新主题指数,6585.7461,0.0159225544072878
2025-07-03,2025-04-22,CN5075.SZ,国证信息技术创新主题指数,6513.1618,-0.0110214239811037
2025-07-03,2025-04-23,CN5075.SZ,国证信息技术创新主题指数,6519.1105,0.000913335209943744
2025-07-03,2025-04-24,CN5075.SZ,国证信息技术创新主题指数,6404.4442,-0.0175892554666776
2025-07-03,2025-04-25,CN5075.SZ,国证信息技术创新主题指数,6433.6095,0.00455391585736664
2025-07-03,2025-04-28,CN5075.SZ,国证信息技术创新主题指数,6419.468,-0.00219806626435748
2025-07-03,2025-04-29,CN5075.SZ,国证信息技术创新主题指数,6485.7052,0.0103181758986883
2025-07-03,2025-04-30,CN5075.SZ,国证信息技术创新主题指数,6583.1014,0.0150170562794003
2025-07-03,2025-05-06,CN5075.SZ,国证信息技术创新主题指数,6746.6685,0.0248465107950486
2025-07-03,2025-05-07,CN5075.SZ,国证信息技术创新主题指数,6711.6196,-0.00519499364760545
2025-07-03,2025-05-08,CN5075.SZ,国证信息技术创新主题指数,6699.1844,-0.00185278676997724
2025-07-03,2025-05-09,CN5075.SZ,国证信息技术创新主题指数,6567.9039,-0.0195964899846613
2025-07-03,2025-05-12,CN5075.SZ,国证信息技术创新主题指数,6629.8393,0.00943001008282107
2025-07-03,2025-05-13,CN5075.SZ,国证信息技术创新主题指数,6580.3494,-0.00746472090205863
2025-07-03,2025-05-14,CN5075.SZ,国证信息技术创新主题指数,6614.3849,0.00517229373868799
2025-07-03,2025-05-15,CN5075.SZ,国证信息技术创新主题指数,6458.3713,-0.023587015627107
2025-07-03,2025-05-16,CN5075.SZ,国证信息技术创新主题指数,6429.6947,-0.00444022163916158
2025-07-03,2025-05-19,CN5075.SZ,国证信息技术创新主题指数,6432.9713,0.000509604289609555
2025-07-03,2025-05-20,CN5075.SZ,国证信息技术创新主题指数,6441.6576,0.00135027805891186
2025-07-03,2025-05-21,CN5075.SZ,国证信息技术创新主题指数,6387.9598,-0.00833602208226647
2025-07-03,2025-05-22,CN5075.SZ,国证信息技术创新主题指数,6333.37,-0.00854573317759444
2025-07-03,2025-05-23,CN5075.SZ,国证信息技术创新主题指数,6241.7061,-0.0144731635764214
2025-07-03,2025-05-26,CN5075.SZ,国证信息技术创新主题指数,6296.0741,0.00871043896155244
2025-07-03,2025-05-27,CN5075.SZ,国证信息技术创新主题指数,6235.795,-0.00957407728095194
2025-07-03,2025-05-28,CN5075.SZ,国证信息技术创新主题指数,6192.5273,-0.00693860205475005
2025-07-03,2025-05-29,CN5075.SZ,国证信息技术创新主题指数,6327.3964,0.0217793307104193
2025-07-03,2025-05-30,CN5075.SZ,国证信息技术创新主题指数,6235.3147,-0.0145528577915555
2025-07-03,2025-06-03,CN5075.SZ,国证信息技术创新主题指数,6275.1804,0.00639353455568181
2025-07-03,2025-06-04,CN5075.SZ,国证信息技术创新主题指数,6316.4288,0.00657326122448998
2025-07-03,2025-06-05,CN5075.SZ,国证信息技术创新主题指数,6432.7592,0.0184171156967685
2025-07-03,2025-06-06,CN5075.SZ,国证信息技术创新主题指数,6438.5079,0.00089366006425351
2025-07-03,2025-06-09,CN5075.SZ,国证信息技术创新主题指数,6467.8873,0.00456307586420768
2025-07-03,2025-06-10,CN5075.SZ,国证信息技术创新主题指数,6371.605,-0.0148862055775154
2025-07-03,2025-06-11,CN5075.SZ,国证信息技术创新主题指数,6355.5712,-0.00251644601321011
2025-07-03,2025-06-12,CN5075.SZ,国证信息技术创新主题指数,6315.8143,-0.00625544089569796
2025-07-03,2025-06-13,CN5075.SZ,国证信息技术创新主题指数,6266.5403,-0.00780168599953934
2025-07-03,2025-06-16,CN5075.SZ,国证信息技术创新主题指数,6321.9236,0.00883793885439466
2025-07-03,2025-06-17,CN5075.SZ,国证信息技术创新主题指数,6287.8866,-0.00538396256481177
2025-07-03,2025-06-18,CN5075.SZ,国证信息技术创新主题指数,6302.4742,0.00231995278031882
2025-07-03,2025-06-19,CN5075.SZ,国证信息技术创新主题指数,6255.4034,-0.00746862240229396
2025-07-03,2025-06-20,CN5075.SZ,国证信息技术创新主题指数,6186.2575,-0.0110537875143273
2025-07-03,2025-06-23,CN5075.SZ,国证信息技术创新主题指数,6247.8491,0.0099561972646629
2025-07-03,2025-06-24,CN5075.SZ,国证信息技术创新主题指数,6374.4692,0.0202661904878592
2025-07-03,2025-06-25,CN5075.SZ,国证信息技术创新主题指数,6511.6245,0.0215163483729752
2025-07-03,2025-06-26,CN5075.SZ,国证信息技术创新主题指数,6500.5951,-0.00169380160050692
2025-07-03,2025-06-27,CN5075.SZ,国证信息技术创新主题指数,6518.0584,0.00268641558678229
2025-07-03,2025-06-30,CN5075.SZ,国证信息技术创新主题指数,6589.6771,0.0109877352433663
2025-07-03,2025-07-01,CN5075.SZ,国证信息技术创新主题指数,6520.1138,-0.0105564049564735
2025-07-03,2025-07-02,CN5075.SZ,国证信息技术创新主题指数,6400.5404,-0.0183391584361611
2025-07-03,2025-07-03,CN5075.SZ,国证信息技术创新主题指数,6424.6395,0.00376516645375768
2025-07-03,2025-04-07,CSPSADRP.GI,标普中国A股红利机会指数,9932.01,-0.072277643893964
2025-07-03,2025-04-08,CSPSADRP.GI,标普中国A股红利机会指数,10097.21,0.0166330883678127
2025-07-03,2025-04-09,CSPSADRP.GI,标普中国A股红利机会指数,10144.82,0.00471516389180771
2025-07-03,2025-04-10,CSPSADRP.GI,标普中国A股红利机会指数,10273.75,0.0127089490005736
2025-07-03,2025-04-11,CSPSADRP.GI,标普中国A股红利机会指数,10239,-0.00338240661881006
2025-07-03,2025-04-14,CSPSADRP.GI,标普中国A股红利机会指数,10341.77,0.0100371129993164
2025-07-03,2025-04-15,CSPSADRP.GI,标普中国A股红利机会指数,10386.7,0.00434451742786779
2025-07-03,2025-04-16,CSPSADRP.GI,标普中国A股红利机会指数,10413.29,0.00256000462129458
2025-07-03,2025-04-17,CSPSADRP.GI,标普中国A股红利机会指数,10420.31,0.000674138528745427
2025-07-03,2025-04-18,CSPSADRP.GI,标普中国A股红利机会指数,10417.18,-0.000300374940860659
2025-07-03,2025-04-21,CSPSADRP.GI,标普中国A股红利机会指数,10436.89,0.00189206675894993
2025-07-03,2025-04-22,CSPSADRP.GI,标普中国A股红利机会指数,10496.07,0.00567027150808341
2025-07-03,2025-04-23,CSPSADRP.GI,标普中国A股红利机会指数,10424.84,-0.00678634955750101
2025-07-03,2025-04-24,CSPSADRP.GI,标普中国A股红利机会指数,10469.26,0.00426097666726788
2025-07-03,2025-04-25,CSPSADRP.GI,标普中国A股红利机会指数,10454.48,-0.00141175212001621
2025-07-03,2025-04-28,CSPSADRP.GI,标普中国A股红利机会指数,10426.59,-0.00266775583290602
2025-07-03,2025-04-29,CSPSADRP.GI,标普中国A股红利机会指数,10455.93,0.0028139593098031
2025-07-03,2025-04-30,CSPSADRP.GI,标普中国A股红利机会指数,10320.4,-0.0129620225078019
2025-07-03,2025-05-06,CSPSADRP.GI,标普中国A股红利机会指数,10409.36,0.00861982093717306
2025-07-03,2025-05-07,CSPSADRP.GI,标普中国A股红利机会指数,10481.58,0.00693798658130751
2025-07-03,2025-05-08,CSPSADRP.GI,标普中国A股红利机会指数,10511.27,0.00283258821666199
2025-07-03,2025-05-09,CSPSADRP.GI,标普中国A股红利机会指数,10563.58,0.00497656325068241
2025-07-03,2025-05-12,CSPSADRP.GI,标普中国A股红利机会指数,10584.13,0.00194536321966599
2025-07-03,2025-05-13,CSPSADRP.GI,标普中国A股红利机会指数,10683.62,0.00939992233655507
2025-07-03,2025-05-14,CSPSADRP.GI,标普中国A股红利机会指数,10752.32,0.00643040467556877
2025-07-03,2025-05-15,CSPSADRP.GI,标普中国A股红利机会指数,10695.54,-0.00528072081188047
2025-07-03,2025-05-16,CSPSADRP.GI,标普中国A股红利机会指数,10678.74,-0.00157074818101766
2025-07-03,2025-05-19,CSPSADRP.GI,标普中国A股红利机会指数,10720.88,0.00394615844191359
2025-07-03,2025-05-20,CSPSADRP.GI,标普中国A股红利机会指数,10807.16,0.00804784681854476
2025-07-03,2025-05-21,CSPSADRP.GI,标普中国A股红利机会指数,10890.81,0.00774023887866937
2025-07-03,2025-05-22,CSPSADRP.GI,标普中国A股红利机会指数,10831.05,-0.00548719516730167
2025-07-03,2025-05-23,CSPSADRP.GI,标普中国A股红利机会指数,10733.67,-0.00899081806473045
2025-07-03,2025-05-26,CSPSADRP.GI,标普中国A股红利机会指数,10734.72,9.78230185946227e-05
2025-07-03,2025-05-27,CSPSADRP.GI,标普中国A股红利机会指数,10754.05,0.00180069904012403
2025-07-03,2025-05-28,CSPSADRP.GI,标普中国A股红利机会指数,10838.86,0.00788633119615412
2025-07-03,2025-05-29,CSPSADRP.GI,标普中国A股红利机会指数,10835.14,-0.000343209525725086
2025-07-03,2025-05-30,CSPSADRP.GI,标普中国A股红利机会指数,10847.13,0.00110658468649216
2025-07-03,2025-06-03,CSPSADRP.GI,标普中国A股红利机会指数,10980.02,0.0122511668985255
2025-07-03,2025-06-04,CSPSADRP.GI,标普中国A股红利机会指数,11083.46,0.00942074786749014
2025-07-03,2025-06-05,CSPSADRP.GI,标普中国A股红利机会指数,10970.8,-0.0101646958621224
2025-07-03,2025-06-06,CSPSADRP.GI,标普中国A股红利机会指数,10936.2,-0.00315382652131102
2025-07-03,2025-06-09,CSPSADRP.GI,标普中国A股红利机会指数,10979.06,0.00391909438378946
2025-07-03,2025-06-10,CSPSADRP.GI,标普中国A股红利机会指数,10977.85,-0.0001102097993817
2025-07-03,2025-06-11,CSPSADRP.GI,标普中国A股红利机会指数,11011.31,0.003047955656162
2025-07-03,2025-06-12,CSPSADRP.GI,标普中国A股红利机会指数,11059.86,0.00440910300409314
2025-07-03,2025-06-13,CSPSADRP.GI,标普中国A股红利机会指数,10982.44,-0.00700008860871659
2025-07-03,2025-06-16,CSPSADRP.GI,标普中国A股红利机会指数,10987.22,0.000435240256263514
2025-07-03,2025-06-17,CSPSADRP.GI,标普中国A股红利机会指数,10946.71,-0.003687010909038
2025-07-03,2025-06-18,CSPSADRP.GI,标普中国A股红利机会指数,10955.91,0.000840435162711151
2025-07-03,2025-06-19,CSPSADRP.GI,标普中国A股红利机会指数,10890.21,-0.00599676339071797
2025-07-03,2025-06-20,CSPSADRP.GI,标普中国A股红利机会指数,10898.28,0.000741032542072251
2025-07-03,2025-06-23,CSPSADRP.GI,标普中国A股红利机会指数,10946.82,0.00445391382860416
2025-07-03,2025-06-24,CSPSADRP.GI,标普中国A股红利机会指数,10967.91,0.0019265868992091
2025-07-03,2025-06-25,CSPSADRP.GI,标普中国A股红利机会指数,10998.58,0.0027963395031505
2025-07-03,2025-06-26,CSPSADRP.GI,标普中国A股红利机会指数,11017.89,0.00175568118793512
2025-07-03,2025-06-27,CSPSADRP.GI,标普中国A股红利机会指数,10931.03,-0.00788354213011733
2025-07-03,2025-06-30,CSPSADRP.GI,标普中国A股红利机会指数,10967.82,0.00336564806793138
2025-07-03,2025-07-01,CSPSADRP.GI,标普中国A股红利机会指数,11081.02,0.0103211030086199
2025-07-03,2025-07-02,CSPSADRP.GI,标普中国A股红利机会指数,11114.55,0.00302589472810255
2025-07-03,2025-07-03,CSPSADRP.GI,标普中国A股红利机会指数,11123.18,0.000776459685727371
2025-07-03,2025-04-07,GPCCH0.FS,富时中国国企开放共赢指数,1438.9,-0.0676351666580269
2025-07-03,2025-04-08,GPCCH0.FS,富时中国国企开放共赢指数,1498.76,0.0416012231565779
2025-07-03,2025-04-09,GPCCH0.FS,富时中国国企开放共赢指数,1502.54,0.00252208492353678
2025-07-03,2025-04-10,GPCCH0.FS,富时中国国企开放共赢指数,1503.42,0.000585674923795798
2025-07-03,2025-04-11,GPCCH0.FS,富时中国国企开放共赢指数,1494.36,-0.00602626012691077
2025-07-03,2025-04-14,GPCCH0.FS,富时中国国企开放共赢指数,1506.04,0.00781605503359306
2025-07-03,2025-04-15,GPCCH0.FS,富时中国国企开放共赢指数,1512.68,0.00440891344187411
2025-07-03,2025-04-16,GPCCH0.FS,富时中国国企开放共赢指数,1530.88,0.0120316259883122
2025-07-03,2025-04-17,GPCCH0.FS,富时中国国企开放共赢指数,1533.03,0.00140442098662197
2025-07-03,2025-04-18,GPCCH0.FS,富时中国国企开放共赢指数,1533.88,0.000554457512247142
2025-07-03,2025-04-21,GPCCH0.FS,富时中国国企开放共赢指数,1524.5,-0.00611521109865187
2025-07-03,2025-04-22,GPCCH0.FS,富时中国国企开放共赢指数,1530.27,0.00378484749098074
2025-07-03,2025-04-23,GPCCH0.FS,富时中国国企开放共赢指数,1522.47,-0.00509713972044146
2025-07-03,2025-04-24,GPCCH0.FS,富时中国国企开放共赢指数,1522.48,6.56827392320203e-06
2025-07-03,2025-04-25,GPCCH0.FS,富时中国国企开放共赢指数,1521,-0.00097209815564081
2025-07-03,2025-04-28,GPCCH0.FS,富时中国国企开放共赢指数,1525.78,0.00314266929651552
2025-07-03,2025-04-29,GPCCH0.FS,富时中国国企开放共赢指数,1517.91,-0.00515801753857037
2025-07-03,2025-04-30,GPCCH0.FS,富时中国国企开放共赢指数,1514.79,-0.0020554578334685
2025-07-03,2025-05-06,GPCCH0.FS,富时中国国企开放共赢指数,1519.95,0.00340641277008702
2025-07-03,2025-05-07,GPCCH0.FS,富时中国国企开放共赢指数,1535.84,0.0104542912595809
2025-07-03,2025-05-08,GPCCH0.FS,富时中国国企开放共赢指数,1532,-0.00250026044379614
2025-07-03,2025-05-09,GPCCH0.FS,富时中国国企开放共赢指数,1532.45,0.000293733681462127
2025-07-03,2025-05-12,GPCCH0.FS,富时中国国企开放共赢指数,1541.22,0.00572286208359163
2025-07-03,2025-05-13,GPCCH0.FS,富时中国国企开放共赢指数,1547.91,0.00434071709424999
2025-07-03,2025-05-14,GPCCH0.FS,富时中国国企开放共赢指数,1565.79,0.0115510591701067
2025-07-03,2025-05-15,GPCCH0.FS,富时中国国企开放共赢指数,1560.14,-0.00360840214843616
2025-07-03,2025-05-16,GPCCH0.FS,富时中国国企开放共赢指数,1545.51,-0.00937736356993613
2025-07-03,2025-05-19,GPCCH0.FS,富时中国国企开放共赢指数,1549.33,0.00247167601633125
2025-07-03,2025-05-20,GPCCH0.FS,富时中国国企开放共赢指数,1555.72,0.00412436343451694
2025-07-03,2025-05-21,GPCCH0.FS,富时中国国企开放共赢指数,1562.79,0.00454451957935875
2025-07-03,2025-05-22,GPCCH0.FS,富时中国国企开放共赢指数,1562.81,1.27976247608075e-05
2025-07-03,2025-05-23,GPCCH0.FS,富时中国国企开放共赢指数,1549.15,-0.00874066585189492
2025-07-03,2025-05-26,GPCCH0.FS,富时中国国企开放共赢指数,1549.55,0.000258206113029624
2025-07-03,2025-05-27,GPCCH0.FS,富时中国国企开放共赢指数,1548.65,-0.000580813784647027
2025-07-03,2025-05-28,GPCCH0.FS,富时中国国企开放共赢指数,1557.07,0.00543699351047677
2025-07-03,2025-05-29,GPCCH0.FS,富时中国国企开放共赢指数,1558.06,0.000635809565401768
2025-07-03,2025-05-30,GPCCH0.FS,富时中国国企开放共赢指数,1558.98,0.000590477902006281
2025-07-03,2025-06-03,GPCCH0.FS,富时中国国企开放共赢指数,1559.73,0.000481083785552006
2025-07-03,2025-06-04,GPCCH0.FS,富时中国国企开放共赢指数,1563.51,0.00242349637437256
2025-07-03,2025-06-05,GPCCH0.FS,富时中国国企开放共赢指数,1562.14,-0.000876233602599252
2025-07-03,2025-06-06,GPCCH0.FS,富时中国国企开放共赢指数,1568.64,0.00416095868488098
2025-07-03,2025-06-09,GPCCH0.FS,富时中国国企开放共赢指数,1570.62,0.00126223990208074
2025-07-03,2025-06-10,GPCCH0.FS,富时中国国企开放共赢指数,1570.49,-8.27698615832873e-05
2025-07-03,2025-06-11,GPCCH0.FS,富时中国国企开放共赢指数,1583.35,0.00818852714757812
2025-07-03,2025-06-12,GPCCH0.FS,富时中国国企开放共赢指数,1577.88,-0.00345470047683694
2025-07-03,2025-06-13,GPCCH0.FS,富时中国国企开放共赢指数,1588.25,0.00657210941262965
2025-07-03,2025-06-16,GPCCH0.FS,富时中国国企开放共赢指数,1585.35,-0.00182590901936097
2025-07-03,2025-06-17,GPCCH0.FS,富时中国国企开放共赢指数,1593.17,0.00493266471126264
2025-07-03,2025-06-18,GPCCH0.FS,富时中国国企开放共赢指数,1583.19,-0.00626424047653418
2025-07-03,2025-06-19,GPCCH0.FS,富时中国国企开放共赢指数,1576.82,-0.00402352212937174
2025-07-03,2025-06-20,GPCCH0.FS,富时中国国企开放共赢指数,1574.18,-0.00167425578062164
2025-07-03,2025-06-23,GPCCH0.FS,富时中国国企开放共赢指数,1571.26,-0.00185493399738279
2025-07-03,2025-06-24,GPCCH0.FS,富时中国国企开放共赢指数,1574.37,0.00197930323434692
2025-07-03,2025-06-25,GPCCH0.FS,富时中国国企开放共赢指数,1571.36,-0.00191187586145569
2025-07-03,2025-06-26,GPCCH0.FS,富时中国国企开放共赢指数,1572.48,0.000712758374910916
2025-07-03,2025-06-27,GPCCH0.FS,富时中国国企开放共赢指数,1560.96,-0.0073260073260073
2025-07-03,2025-06-30,GPCCH0.FS,富时中国国企开放共赢指数,1558.48,-0.00158876588765888
2025-07-03,2025-07-01,GPCCH0.FS,富时中国国企开放共赢指数,1561.72,0.00207894871926495
2025-07-03,2025-07-02,GPCCH0.FS,富时中国国企开放共赢指数,1572.43,0.00685782342545393
2025-07-03,2025-07-03,GPCCH0.FS,富时中国国企开放共赢指数,1567.94,-0.00285545302493595
2025-07-03,2025-04-07,H11059.CSI,中证工业有色金属主题指数,1962.7771,-0.0849056436636577
2025-07-03,2025-04-08,H11059.CSI,中证工业有色金属主题指数,1957.0607,-0.00291240406259075
2025-07-03,2025-04-09,H11059.CSI,中证工业有色金属主题指数,1976.0457,0.00970077218350962
2025-07-03,2025-04-10,H11059.CSI,中证工业有色金属主题指数,2029.1677,0.0268829815018954
2025-07-03,2025-04-11,H11059.CSI,中证工业有色金属主题指数,2024.1299,-0.00248269278088753
2025-07-03,2025-04-14,H11059.CSI,中证工业有色金属主题指数,2055.5305,0.0155131348042434
2025-07-03,2025-04-15,H11059.CSI,中证工业有色金属主题指数,2032.3475,-0.011278353690203
2025-07-03,2025-04-16,H11059.CSI,中证工业有色金属主题指数,2014.7147,-0.00867607532668502
2025-07-03,2025-04-17,H11059.CSI,中证工业有色金属主题指数,2007.4626,-0.00359956672773565
2025-07-03,2025-04-18,H11059.CSI,中证工业有色金属主题指数,2007.7598,0.000148047590027289
2025-07-03,2025-04-21,H11059.CSI,中证工业有色金属主题指数,2052.5274,0.0222972887493813
2025-07-03,2025-04-22,H11059.CSI,中证工业有色金属主题指数,2045.2253,-0.00355761389592157
2025-07-03,2025-04-23,H11059.CSI,中证工业有色金属主题指数,2052.8385,0.00372242608186002
2025-07-03,2025-04-24,H11059.CSI,中证工业有色金属主题指数,2039.4343,-0.00652959304884426
2025-07-03,2025-04-25,H11059.CSI,中证工业有色金属主题指数,2053.0662,0.00668415746464612
2025-07-03,2025-04-28,H11059.CSI,中证工业有色金属主题指数,2049.3215,-0.00182395482425268
2025-07-03,2025-04-29,H11059.CSI,中证工业有色金属主题指数,2043.5222,-0.00282986344504754
2025-07-03,2025-04-30,H11059.CSI,中证工业有色金属主题指数,2037.7695,-0.00281509053339379
2025-07-03,2025-05-06,H11059.CSI,中证工业有色金属主题指数,2090.3578,0.025806795125749
2025-07-03,2025-05-07,H11059.CSI,中证工业有色金属主题指数,2093.0927,0.00130834061039686
2025-07-03,2025-05-08,H11059.CSI,中证工业有色金属主题指数,2085.3561,-0.00369625291799081
2025-07-03,2025-05-09,H11059.CSI,中证工业有色金属主题指数,2076.4053,-0.00429221656675327
2025-07-03,2025-05-12,H11059.CSI,中证工业有色金属主题指数,2104.9274,0.0137362874194167
2025-07-03,2025-05-13,H11059.CSI,中证工业有色金属主题指数,2103.1769,-0.000831620130936628
2025-07-03,2025-05-14,H11059.CSI,中证工业有色金属主题指数,2134.0297,0.014669617187218
2025-07-03,2025-05-15,H11059.CSI,中证工业有色金属主题指数,2117.0503,-0.00795649657546948
2025-07-03,2025-05-16,H11059.CSI,中证工业有色金属主题指数,2108.6071,-0.00398819054984179
2025-07-03,2025-05-19,H11059.CSI,中证工业有色金属主题指数,2095.6143,-0.00616179277780105
2025-07-03,2025-05-20,H11059.CSI,中证工业有色金属主题指数,2101.1579,0.00264533411515666
2025-07-03,2025-05-21,H11059.CSI,中证工业有色金属主题指数,2128.2357,0.0128870847831093
2025-07-03,2025-05-22,H11059.CSI,中证工业有色金属主题指数,2097.9993,-0.0142072609720814
2025-07-03,2025-05-23,H11059.CSI,中证工业有色金属主题指数,2089.3766,-0.00410996323973978
2025-07-03,2025-05-26,H11059.CSI,中证工业有色金属主题指数,2105.7511,0.00783702660401198
2025-07-03,2025-05-27,H11059.CSI,中证工业有色金属主题指数,2066.8078,-0.0184937811501084
2025-07-03,2025-05-28,H11059.CSI,中证工业有色金属主题指数,2072.362,0.00268733261022147
2025-07-03,2025-05-29,H11059.CSI,中证工业有色金属主题指数,2090.4265,0.00871686510368352
2025-07-03,2025-05-30,H11059.CSI,中证工业有色金属主题指数,2073.7897,-0.00795856730671962
2025-07-03,2025-06-03,H11059.CSI,中证工业有色金属主题指数,2093.6191,0.00956191459529387
2025-07-03,2025-06-04,H11059.CSI,中证工业有色金属主题指数,2125.4562,0.0152067298201475
2025-07-03,2025-06-05,H11059.CSI,中证工业有色金属主题指数,2119.6358,-0.00273842387342538
2025-07-03,2025-06-06,H11059.CSI,中证工业有色金属主题指数,2143.8828,0.0114392293242074
2025-07-03,2025-06-09,H11059.CSI,中证工业有色金属主题指数,2164.9542,0.00982861563141424
2025-07-03,2025-06-10,H11059.CSI,中证工业有色金属主题指数,2164.6074,-0.000160188146243634
2025-07-03,2025-06-11,H11059.CSI,中证工业有色金属主题指数,2206.5086,0.0193574132657961
2025-07-03,2025-06-12,H11059.CSI,中证工业有色金属主题指数,2216.0183,0.00430984044204497
2025-07-03,2025-06-13,H11059.CSI,中证工业有色金属主题指数,2200.7147,-0.00690589964893351
2025-07-03,2025-06-16,H11059.CSI,中证工业有色金属主题指数,2208.0734,0.00334377736468983
2025-07-03,2025-06-17,H11059.CSI,中证工业有色金属主题指数,2206.9339,-0.000516060743270708
2025-07-03,2025-06-18,H11059.CSI,中证工业有色金属主题指数,2199.0321,-0.00358044253160461
2025-07-03,2025-06-19,H11059.CSI,中证工业有色金属主题指数,2157.1589,-0.0190416501878258
2025-07-03,2025-06-20,H11059.CSI,中证工业有色金属主题指数,2147.4803,-0.00448673484368711
2025-07-03,2025-06-23,H11059.CSI,中证工业有色金属主题指数,2156.5673,0.00423147071477215
2025-07-03,2025-06-24,H11059.CSI,中证工业有色金属主题指数,2174.867,0.00848556870912409
2025-07-03,2025-06-25,H11059.CSI,中证工业有色金属主题指数,2187.0793,0.00561519394059484
2025-07-03,2025-06-26,H11059.CSI,中证工业有色金属主题指数,2194.2194,0.003264673576308
2025-07-03,2025-06-27,H11059.CSI,中证工业有色金属主题指数,2242.9822,0.0222233018266085
2025-07-03,2025-06-30,H11059.CSI,中证工业有色金属主题指数,2248.0481,0.0022585555962058
2025-07-03,2025-07-01,H11059.CSI,中证工业有色金属主题指数,2280.4161,0.0143982684356265
2025-07-03,2025-07-02,H11059.CSI,中证工业有色金属主题指数,2297.4255,0.00745890190829646
2025-07-03,2025-07-03,H11059.CSI,中证工业有色金属主题指数,2296.4732,-0.00041450745628091
2025-07-03,2025-04-07,H30007.CSI,中证芯片产业指数,2078.3474,-0.0853660184192688
2025-07-03,2025-04-08,H30007.CSI,中证芯片产业指数,2075.8499,-0.00120167590846454
2025-07-03,2025-04-09,H30007.CSI,中证芯片产业指数,2181.4685,0.0508796902897457
2025-07-03,2025-04-10,H30007.CSI,中证芯片产业指数,2204.1012,0.0103749836406073
2025-07-03,2025-04-11,H30007.CSI,中证芯片产业指数,2299.9768,0.0434987286427682
2025-07-03,2025-04-14,H30007.CSI,中证芯片产业指数,2302.4309,0.00106701076289117
2025-07-03,2025-04-15,H30007.CSI,中证芯片产业指数,2274.9343,-0.0119424213773365
2025-07-03,2025-04-16,H30007.CSI,中证芯片产业指数,2299.4314,0.010768267022041
2025-07-03,2025-04-17,H30007.CSI,中证芯片产业指数,2308.0969,0.00376854034436525
2025-07-03,2025-04-18,H30007.CSI,中证芯片产业指数,2283.3741,-0.010711335386309
2025-07-03,2025-04-21,H30007.CSI,中证芯片产业指数,2307.8937,0.0107383192267969
2025-07-03,2025-04-22,H30007.CSI,中证芯片产业指数,2298.365,-0.00412874301793031
2025-07-03,2025-04-23,H30007.CSI,中证芯片产业指数,2296.8154,-0.000674218411783944
2025-07-03,2025-04-24,H30007.CSI,中证芯片产业指数,2269.9322,-0.011704554053408
2025-07-03,2025-04-25,H30007.CSI,中证芯片产业指数,2264.4001,-0.00243712124970097
2025-07-03,2025-04-28,H30007.CSI,中证芯片产业指数,2270.1415,0.0025355059823573
2025-07-03,2025-04-29,H30007.CSI,中证芯片产业指数,2293.3044,0.0102032846851177
2025-07-03,2025-04-30,H30007.CSI,中证芯片产业指数,2318.4999,0.0109865484930827
2025-07-03,2025-05-06,H30007.CSI,中证芯片产业指数,2352.1109,0.0144968736034883
2025-07-03,2025-05-07,H30007.CSI,中证芯片产业指数,2341.4137,-0.00454791481132977
2025-07-03,2025-05-08,H30007.CSI,中证芯片产业指数,2326.3962,-0.00641386013928247
2025-07-03,2025-05-09,H30007.CSI,中证芯片产业指数,2275.3969,-0.0219220182701467
2025-07-03,2025-05-12,H30007.CSI,中证芯片产业指数,2285.8504,0.00459414355359256
2025-07-03,2025-05-13,H30007.CSI,中证芯片产业指数,2275.2493,-0.00463770507466277
2025-07-03,2025-05-14,H30007.CSI,中证芯片产业指数,2285.2545,0.004397408231265
2025-07-03,2025-05-15,H30007.CSI,中证芯片产业指数,2239.9593,-0.0198206370450206
2025-07-03,2025-05-16,H30007.CSI,中证芯片产业指数,2233.6135,-0.00283299790313152
2025-07-03,2025-05-19,H30007.CSI,中证芯片产业指数,2241.666,0.00360514475758689
2025-07-03,2025-05-20,H30007.CSI,中证芯片产业指数,2250.2573,0.00383255132566584
2025-07-03,2025-05-21,H30007.CSI,中证芯片产业指数,2226.5253,-0.010546349521897
2025-07-03,2025-05-22,H30007.CSI,中证芯片产业指数,2221.9566,-0.00205194165096612
2025-07-03,2025-05-23,H30007.CSI,中证芯片产业指数,2188.7335,-0.0149521822343426
2025-07-03,2025-05-26,H30007.CSI,中证芯片产业指数,2199.793,0.00505292215795139
2025-07-03,2025-05-27,H30007.CSI,中证芯片产业指数,2171.0262,-0.0130770486132106
2025-07-03,2025-05-28,H30007.CSI,中证芯片产业指数,2157.1994,-0.00636878541585528
2025-07-03,2025-05-29,H30007.CSI,中证芯片产业指数,2198.9161,0.0193383606540962
2025-07-03,2025-05-30,H30007.CSI,中证芯片产业指数,2165.8674,-0.0150295411452942
2025-07-03,2025-06-03,H30007.CSI,中证芯片产业指数,2180.8296,0.00690817914337694
2025-07-03,2025-06-04,H30007.CSI,中证芯片产业指数,2191.3476,0.00482293527197175
2025-07-03,2025-06-05,H30007.CSI,中证芯片产业指数,2229.8663,0.0175776312256439
2025-07-03,2025-06-06,H30007.CSI,中证芯片产业指数,2231.7372,0.000839018913376011
2025-07-03,2025-06-09,H30007.CSI,中证芯片产业指数,2229.4598,-0.00102046065280448
2025-07-03,2025-06-10,H30007.CSI,中证芯片产业指数,2184.3655,-0.0202265589179945
2025-07-03,2025-06-11,H30007.CSI,中证芯片产业指数,2181.1824,-0.00145721949920918
2025-07-03,2025-06-12,H30007.CSI,中证芯片产业指数,2160.1193,-0.00965673480585594
2025-07-03,2025-06-13,H30007.CSI,中证芯片产业指数,2157.5941,-0.00116900950794707
2025-07-03,2025-06-16,H30007.CSI,中证芯片产业指数,2162.0398,0.00206048950541726
2025-07-03,2025-06-17,H30007.CSI,中证芯片产业指数,2152.3562,-0.00447891847319359
2025-07-03,2025-06-18,H30007.CSI,中证芯片产业指数,2166.2492,0.00645478661942667
2025-07-03,2025-06-19,H30007.CSI,中证芯片产业指数,2164.7401,-0.000696641919129215
2025-07-03,2025-06-20,H30007.CSI,中证芯片产业指数,2147.87,-0.00779312953088462
2025-07-03,2025-06-23,H30007.CSI,中证芯片产业指数,2169.3835,0.0100162020978924
2025-07-03,2025-06-24,H30007.CSI,中证芯片产业指数,2210.6685,0.0190307522851541
2025-07-03,2025-06-25,H30007.CSI,中证芯片产业指数,2251.4143,0.0184314382730832
2025-07-03,2025-06-26,H30007.CSI,中证芯片产业指数,2229.8672,-0.00957047310217396
2025-07-03,2025-06-27,H30007.CSI,中证芯片产业指数,2236.9477,0.00317530120179366
2025-07-03,2025-06-30,H30007.CSI,中证芯片产业指数,2270.193,0.0148619031191477
2025-07-03,2025-07-01,H30007.CSI,中证芯片产业指数,2257.1748,-0.00573440231733624
2025-07-03,2025-07-02,H30007.CSI,中证芯片产业指数,2211.4005,-0.0202794661716051
2025-07-03,2025-07-03,H30007.CSI,中证芯片产业指数,2214.729,0.00150515476504576
2025-07-03,2025-04-07,H30015.CSI,中证800汽车与零部件指数,8375.1241,-0.0916775119668494
2025-07-03,2025-04-08,H30015.CSI,中证800汽车与零部件指数,8366.2334,-0.00106156038929639
2025-07-03,2025-04-09,H30015.CSI,中证800汽车与零部件指数,8428.7644,0.00747421175220864
2025-07-03,2025-04-10,H30015.CSI,中证800汽车与零部件指数,8657.9862,0.0271951841482245
2025-07-03,2025-04-11,H30015.CSI,中证800汽车与零部件指数,8842.9883,0.0213677979759312
2025-07-03,2025-04-14,H30015.CSI,中证800汽车与零部件指数,8981.1746,0.0156266519090611
2025-07-03,2025-04-15,H30015.CSI,中证800汽车与零部件指数,8938.2579,-0.00477851750037239
2025-07-03,2025-04-16,H30015.CSI,中证800汽车与零部件指数,8870.7389,-0.00755393285306749
2025-07-03,2025-04-17,H30015.CSI,中证800汽车与零部件指数,8761.8541,-0.0122746031900454
2025-07-03,2025-04-18,H30015.CSI,中证800汽车与零部件指数,8745.7217,-0.00184120847207447
2025-07-03,2025-04-21,H30015.CSI,中证800汽车与零部件指数,8885.7323,0.0160090390253327
2025-07-03,2025-04-22,H30015.CSI,中证800汽车与零部件指数,8875.906,-0.00110585145582187
2025-07-03,2025-04-23,H30015.CSI,中证800汽车与零部件指数,9102.1065,0.0254847786806214
2025-07-03,2025-04-24,H30015.CSI,中证800汽车与零部件指数,9044.2573,-0.00635558373218337
2025-07-03,2025-04-25,H30015.CSI,中证800汽车与零部件指数,9103.7848,0.00658180080745829
2025-07-03,2025-04-28,H30015.CSI,中证800汽车与零部件指数,8976.4408,-0.0139880283637636
2025-07-03,2025-04-29,H30015.CSI,中证800汽车与零部件指数,8971.373,-0.000564566748994855
2025-07-03,2025-04-30,H30015.CSI,中证800汽车与零部件指数,9103.141,0.0146876069025332
2025-07-03,2025-05-06,H30015.CSI,中证800汽车与零部件指数,9216.8056,0.012486305551018
2025-07-03,2025-05-07,H30015.CSI,中证800汽车与零部件指数,9212.8536,-0.000428781963243252
2025-07-03,2025-05-08,H30015.CSI,中证800汽车与零部件指数,9211.2226,-0.000177035267335812
2025-07-03,2025-05-09,H30015.CSI,中证800汽车与零部件指数,9170.5967,-0.00441047858294064
2025-07-03,2025-05-12,H30015.CSI,中证800汽车与零部件指数,9312.0647,0.0154262590132221
2025-07-03,2025-05-13,H30015.CSI,中证800汽车与零部件指数,9278.7546,-0.003577090696116
2025-07-03,2025-05-14,H30015.CSI,中证800汽车与零部件指数,9309.8344,0.00334956589971669
2025-07-03,2025-05-15,H30015.CSI,中证800汽车与零部件指数,9234.8429,-0.00805508420214218
2025-07-03,2025-05-16,H30015.CSI,中证800汽车与零部件指数,9385.5856,0.0163232554827761
2025-07-03,2025-05-19,H30015.CSI,中证800汽车与零部件指数,9335.7221,-0.00531277451670142
2025-07-03,2025-05-20,H30015.CSI,中证800汽车与零部件指数,9434.6236,0.0105938778961725
2025-07-03,2025-05-21,H30015.CSI,中证800汽车与零部件指数,9545.7824,0.0117820068624677
2025-07-03,2025-05-22,H30015.CSI,中证800汽车与零部件指数,9570.1174,0.00254929339265053
2025-07-03,2025-05-23,H30015.CSI,中证800汽车与零部件指数,9711.0399,0.0147252634539259
2025-07-03,2025-05-26,H30015.CSI,中证800汽车与零部件指数,9445.4175,-0.0273526216280916
2025-07-03,2025-05-27,H30015.CSI,中证800汽车与零部件指数,9306.7036,-0.0146858410440829
2025-07-03,2025-05-28,H30015.CSI,中证800汽车与零部件指数,9185.0224,-0.0130745756209536
2025-07-03,2025-05-29,H30015.CSI,中证800汽车与零部件指数,9297.1468,0.0122073082804894
2025-07-03,2025-05-30,H30015.CSI,中证800汽车与零部件指数,9174.4287,-0.0131995441870403
2025-07-03,2025-06-03,H30015.CSI,中证800汽车与零部件指数,9077.1721,-0.0106008344693986
2025-07-03,2025-06-04,H30015.CSI,中证800汽车与零部件指数,9079.809,0.000290497962465608
2025-07-03,2025-06-05,H30015.CSI,中证800汽车与零部件指数,9135.5039,0.00613392858814543
2025-07-03,2025-06-06,H30015.CSI,中证800汽车与零部件指数,9074.4451,-0.00668368167408906
2025-07-03,2025-06-09,H30015.CSI,中证800汽车与零部件指数,9086.2028,0.00129569355155379
2025-07-03,2025-06-10,H30015.CSI,中证800汽车与零部件指数,9068.2822,-0.00197228703722085
2025-07-03,2025-06-11,H30015.CSI,中证800汽车与零部件指数,9250.1939,0.0200602160351826
2025-07-03,2025-06-12,H30015.CSI,中证800汽车与零部件指数,9257.8689,0.000829712337165001
2025-07-03,2025-06-13,H30015.CSI,中证800汽车与零部件指数,9119.1712,-0.0149816012192611
2025-07-03,2025-06-16,H30015.CSI,中证800汽车与零部件指数,9069.341,-0.00546433430266124
2025-07-03,2025-06-17,H30015.CSI,中证800汽车与零部件指数,9001.4659,-0.00748401675491095
2025-07-03,2025-06-18,H30015.CSI,中证800汽车与零部件指数,9035.9366,0.00382945404481294
2025-07-03,2025-06-19,H30015.CSI,中证800汽车与零部件指数,8956.2185,-0.00882233945731759
2025-07-03,2025-06-20,H30015.CSI,中证800汽车与零部件指数,8943.1488,-0.00145928775632265
2025-07-03,2025-06-23,H30015.CSI,中证800汽车与零部件指数,8912.9902,-0.00337225743129765
2025-07-03,2025-06-24,H30015.CSI,中证800汽车与零部件指数,9093.7395,0.0202793109769155
2025-07-03,2025-06-25,H30015.CSI,中证800汽车与零部件指数,9210.9829,0.0128927599036679
2025-07-03,2025-06-26,H30015.CSI,中证800汽车与零部件指数,9089.2625,-0.0132147026350468
2025-07-03,2025-06-27,H30015.CSI,中证800汽车与零部件指数,9085.361,-0.000429242746592506
2025-07-03,2025-06-30,H30015.CSI,中证800汽车与零部件指数,9120.3905,0.00385559803292335
2025-07-03,2025-07-01,H30015.CSI,中证800汽车与零部件指数,9119.2799,-0.000121771101796564
2025-07-03,2025-07-02,H30015.CSI,中证800汽车与零部件指数,9101.3445,-0.00196675616898223
2025-07-03,2025-07-03,H30015.CSI,中证800汽车与零部件指数,9178.6427,0.00849305286707924
2025-07-03,2025-04-07,H30022.CSI,中证800银行指数,6941.182,-0.0450943306779279
2025-07-03,2025-04-08,H30022.CSI,中证800银行指数,7054.6467,0.0163465963001692
2025-07-03,2025-04-09,H30022.CSI,中证800银行指数,6991.6608,-0.0089282855227889
2025-07-03,2025-04-10,H30022.CSI,中证800银行指数,7036.7109,0.0064434046914863
2025-07-03,2025-04-11,H30022.CSI,中证800银行指数,7055.6843,0.0026963449642361
2025-07-03,2025-04-14,H30022.CSI,中证800银行指数,7097.9692,0.00599302607686103
2025-07-03,2025-04-15,H30022.CSI,中证800银行指数,7204.9862,0.0150771293851206
2025-07-03,2025-04-16,H30022.CSI,中证800银行指数,7278.7916,0.0102436559836852
2025-07-03,2025-04-17,H30022.CSI,中证800银行指数,7282.7113,0.000538509716365709
2025-07-03,2025-04-18,H30022.CSI,中证800银行指数,7338.5998,0.00767413367051906
2025-07-03,2025-04-21,H30022.CSI,中证800银行指数,7247.1062,-0.0124674464466641
2025-07-03,2025-04-22,H30022.CSI,中证800银行指数,7297.578,0.00696440739339521
2025-07-03,2025-04-23,H30022.CSI,中证800银行指数,7262.2123,-0.00484622432264514
2025-07-03,2025-04-24,H30022.CSI,中证800银行指数,7346.7096,0.0116352010254506
2025-07-03,2025-04-25,H30022.CSI,中证800银行指数,7303.3992,-0.00589521055793474
2025-07-03,2025-04-28,H30022.CSI,中证800银行指数,7373.0748,0.00954016042283445
2025-07-03,2025-04-29,H30022.CSI,中证800银行指数,7349.4329,-0.00320651839853847
2025-07-03,2025-04-30,H30022.CSI,中证800银行指数,7193.4036,-0.0212301142309905
2025-07-03,2025-05-06,H30022.CSI,中证800银行指数,7185.8272,-0.00105324272365304
2025-07-03,2025-05-07,H30022.CSI,中证800银行指数,7293.5627,0.0149927763361748
2025-07-03,2025-05-08,H30022.CSI,中证800银行指数,7370.6721,0.0105722543524578
2025-07-03,2025-05-09,H30022.CSI,中证800银行指数,7472.3293,0.0137921208026606
2025-07-03,2025-05-12,H30022.CSI,中证800银行指数,7485.6385,0.00178113135351254
2025-07-03,2025-05-13,H30022.CSI,中证800银行指数,7600.6136,0.0153594245834874
2025-07-03,2025-05-14,H30022.CSI,中证800银行指数,7659.8564,0.00779447596178295
2025-07-03,2025-05-15,H30022.CSI,中证800银行指数,7651.57,-0.00108179573705847
2025-07-03,2025-05-16,H30022.CSI,中证800银行指数,7580.9081,-0.00923495439498034
2025-07-03,2025-05-19,H30022.CSI,中证800银行指数,7552.5371,-0.00374242763871524
2025-07-03,2025-05-20,H30022.CSI,中证800银行指数,7564.574,0.00159375582544308
2025-07-03,2025-05-21,H30022.CSI,中证800银行指数,7618.8437,0.00717419117058027
2025-07-03,2025-05-22,H30022.CSI,中证800银行指数,7688.8239,0.00918514708472107
2025-07-03,2025-05-23,H30022.CSI,中证800银行指数,7613.5027,-0.00979619262706755
2025-07-03,2025-05-26,H30022.CSI,中证800银行指数,7559.4878,-0.00709461888021656
2025-07-03,2025-05-27,H30022.CSI,中证800银行指数,7600.6775,0.00544874217536262
2025-07-03,2025-05-28,H30022.CSI,中证800银行指数,7590.716,-0.00131060685050766
2025-07-03,2025-05-29,H30022.CSI,中证800银行指数,7577.1096,-0.00179250547642684
2025-07-03,2025-05-30,H30022.CSI,中证800银行指数,7621.114,0.00580754434382214
2025-07-03,2025-06-03,H30022.CSI,中证800银行指数,7754.9506,0.0175612909083895
2025-07-03,2025-06-04,H30022.CSI,中证800银行指数,7750.5035,-0.000573453040435878
2025-07-03,2025-06-05,H30022.CSI,中证800银行指数,7702.0535,-0.0062512067764372
2025-07-03,2025-06-06,H30022.CSI,中证800银行指数,7725.1719,0.00300158912165438
2025-07-03,2025-06-09,H30022.CSI,中证800银行指数,7742.559,0.00225070719785525
2025-07-03,2025-06-10,H30022.CSI,中证800银行指数,7783.0823,0.00523383806310029
2025-07-03,2025-06-11,H30022.CSI,中证800银行指数,7810.7595,0.00355607186628371
2025-07-03,2025-06-12,H30022.CSI,中证800银行指数,7835.183,0.00312690462431986
2025-07-03,2025-06-13,H30022.CSI,中证800银行指数,7767.8471,-0.00859404304915401
2025-07-03,2025-06-16,H30022.CSI,中证800银行指数,7870.3638,0.0131975692466964
2025-07-03,2025-06-17,H30022.CSI,中证800银行指数,7853.846,-0.00209873398736671
2025-07-03,2025-06-18,H30022.CSI,中证800银行指数,7925.3814,0.00910832730868427
2025-07-03,2025-06-19,H30022.CSI,中证800银行指数,7915.5384,-0.00124195915669112
2025-07-03,2025-06-20,H30022.CSI,中证800银行指数,7967.6176,0.00657936294011274
2025-07-03,2025-06-23,H30022.CSI,中证800银行指数,8065.6676,0.0123060624797053
2025-07-03,2025-06-24,H30022.CSI,中证800银行指数,8100.7352,0.00434776161616179
2025-07-03,2025-06-25,H30022.CSI,中证800银行指数,8185.9699,0.0105218474491056
2025-07-03,2025-06-26,H30022.CSI,中证800银行指数,8267.2693,0.00993155374294741
2025-07-03,2025-06-27,H30022.CSI,中证800银行指数,8023.1984,-0.0295225534748215
2025-07-03,2025-06-30,H30022.CSI,中证800银行指数,7999.8648,-0.00290826660848864
2025-07-03,2025-07-01,H30022.CSI,中证800银行指数,8122.4665,0.0153254715004685
2025-07-03,2025-07-02,H30022.CSI,中证800银行指数,8183.4436,0.00750721471119631
2025-07-03,2025-07-03,H30022.CSI,中证800银行指数,8179.8092,-0.000444116215330137
2025-07-03,2025-04-07,H30035.CSI,沪深300非银行金融指数,8569.0955,-0.0888088331284532
2025-07-03,2025-04-08,H30035.CSI,沪深300非银行金融指数,8734.2832,0.0192771454116716
2025-07-03,2025-04-09,H30035.CSI,沪深300非银行金融指数,8827.1471,0.0106321146078707
2025-07-03,2025-04-10,H30035.CSI,沪深300非银行金融指数,8955.8507,0.0145804299556762
2025-07-03,2025-04-11,H30035.CSI,沪深300非银行金融指数,8958.5966,0.000306604039301384
2025-07-03,2025-04-14,H30035.CSI,沪深300非银行金融指数,8966.8711,0.000923637972492175
2025-07-03,2025-04-15,H30035.CSI,沪深300非银行金融指数,8972.3625,0.00061240982933275
2025-07-03,2025-04-16,H30035.CSI,沪深300非银行金融指数,8974.4384,0.000231366042109826
2025-07-03,2025-04-17,H30035.CSI,沪深300非银行金融指数,8990.3403,0.00177191031808754
2025-07-03,2025-04-18,H30035.CSI,沪深300非银行金融指数,9032.4489,0.00468376041338492
2025-07-03,2025-04-21,H30035.CSI,沪深300非银行金融指数,9056.7785,0.00269357737523435
2025-07-03,2025-04-22,H30035.CSI,沪深300非银行金融指数,9071.5787,0.00163415722268123
2025-07-03,2025-04-23,H30035.CSI,沪深300非银行金融指数,9087.1672,0.00171838888417519
2025-07-03,2025-04-24,H30035.CSI,沪深300非银行金融指数,9091.0401,0.000426194425034998
2025-07-03,2025-04-25,H30035.CSI,沪深300非银行金融指数,9128.2253,0.00409031305449847
2025-07-03,2025-04-28,H30035.CSI,沪深300非银行金融指数,9081.1061,-0.00516192342447985
2025-07-03,2025-04-29,H30035.CSI,沪深300非银行金融指数,9037.5716,-0.00479396447091418
2025-07-03,2025-04-30,H30035.CSI,沪深300非银行金融指数,9038.8452,0.000140922811610267
2025-07-03,2025-05-06,H30035.CSI,沪深300非银行金融指数,9133.9421,0.0105209125608214
2025-07-03,2025-05-07,H30035.CSI,沪深300非银行金融指数,9218.0896,0.00921261587589872
2025-07-03,2025-05-08,H30035.CSI,沪深300非银行金融指数,9285.1739,0.00727746234968252
2025-07-03,2025-05-09,H30035.CSI,沪深300非银行金融指数,9212.5504,-0.0078214474798366
2025-07-03,2025-05-12,H30035.CSI,沪深300非银行金融指数,9409.8047,0.0214114758058745
2025-07-03,2025-05-13,H30035.CSI,沪深300非银行金融指数,9358.1577,-0.00548863676203615
2025-07-03,2025-05-14,H30035.CSI,沪深300非银行金融指数,9755.7099,0.0424818872201738
2025-07-03,2025-05-15,H30035.CSI,沪深300非银行金融指数,9596.2357,-0.0163467550423984
2025-07-03,2025-05-16,H30035.CSI,沪深300非银行金融指数,9473.6334,-0.0127760826049738
2025-07-03,2025-05-19,H30035.CSI,沪深300非银行金融指数,9458.7041,-0.00157587900751999
2025-07-03,2025-05-20,H30035.CSI,沪深300非银行金融指数,9486.6409,0.00295355470523706
2025-07-03,2025-05-21,H30035.CSI,沪深300非银行金融指数,9475.7665,-0.00114628561517494
2025-07-03,2025-05-22,H30035.CSI,沪深300非银行金融指数,9455.7444,-0.00211297946187261
2025-07-03,2025-05-23,H30035.CSI,沪深300非银行金融指数,9323.0397,-0.0140342943280066
2025-07-03,2025-05-26,H30035.CSI,沪深300非银行金融指数,9332.1892,0.000981385931457579
2025-07-03,2025-05-27,H30035.CSI,沪深300非银行金融指数,9313.6284,-0.0019889009537013
2025-07-03,2025-05-28,H30035.CSI,沪深300非银行金融指数,9286.0148,-0.00296485953852299
2025-07-03,2025-05-29,H30035.CSI,沪深300非银行金融指数,9368.7846,0.00891338230475358
2025-07-03,2025-05-30,H30035.CSI,沪深300非银行金融指数,9320.2556,-0.00517986079005384
2025-07-03,2025-06-03,H30035.CSI,沪深300非银行金融指数,9415.2637,0.0101937225841746
2025-07-03,2025-06-04,H30035.CSI,沪深300非银行金融指数,9501.3405,0.00914226119869599
2025-07-03,2025-06-05,H30035.CSI,沪深300非银行金融指数,9585.3136,0.00883802659214239
2025-07-03,2025-06-06,H30035.CSI,沪深300非银行金融指数,9504.5027,-0.00843069964867926
2025-07-03,2025-06-09,H30035.CSI,沪深300非银行金融指数,9612.2044,0.0113316502082745
2025-07-03,2025-06-10,H30035.CSI,沪深300非银行金融指数,9504.9745,-0.0111555992296627
2025-07-03,2025-06-11,H30035.CSI,沪深300非银行金融指数,9701.4931,0.0206753421589925
2025-07-03,2025-06-12,H30035.CSI,沪深300非银行金融指数,9719.0559,0.00181031927961683
2025-07-03,2025-06-13,H30035.CSI,沪深300非银行金融指数,9633.4478,-0.00880827323979061
2025-07-03,2025-06-16,H30035.CSI,沪深300非银行金融指数,9721.3068,0.00912020304921368
2025-07-03,2025-06-17,H30035.CSI,沪深300非银行金融指数,9738.7005,0.00178923475596937
2025-07-03,2025-06-18,H30035.CSI,沪深300非银行金融指数,9631.9747,-0.0109589364618
2025-07-03,2025-06-19,H30035.CSI,沪深300非银行金融指数,9475.6355,-0.0162312718699313
2025-07-03,2025-06-20,H30035.CSI,沪深300非银行金融指数,9549.8011,0.00782697899259643
2025-07-03,2025-06-23,H30035.CSI,沪深300非银行金融指数,9644.1329,0.0098778811215241
2025-07-03,2025-06-24,H30035.CSI,沪深300非银行金融指数,9900.8499,0.0266189819926681
2025-07-03,2025-06-25,H30035.CSI,沪深300非银行金融指数,10335.5698,0.0439073316322067
2025-07-03,2025-06-26,H30035.CSI,沪深300非银行金融指数,10171.1612,-0.0159070668750163
2025-07-03,2025-06-27,H30035.CSI,沪深300非银行金融指数,10095.5085,-0.00743796096752458
2025-07-03,2025-06-30,H30035.CSI,沪深300非银行金融指数,10017.9555,-0.00768193102903136
2025-07-03,2025-07-01,H30035.CSI,沪深300非银行金融指数,9995.6393,-0.00222762019655598
2025-07-03,2025-07-02,H30035.CSI,沪深300非银行金融指数,9973.7767,-0.00218721377831232
2025-07-03,2025-07-03,H30035.CSI,沪深300非银行金融指数,10021.1129,0.00474606575059977
2025-07-03,2025-04-07,H30184.CSI,中证全指半导体产品与设备指数,5926.7333,-0.0919921100414749
2025-07-03,2025-04-08,H30184.CSI,中证全指半导体产品与设备指数,5933.4759,0.00113765875039462
2025-07-03,2025-04-09,H30184.CSI,中证全指半导体产品与设备指数,6230.5885,0.0500739541219
2025-07-03,2025-04-10,H30184.CSI,中证全指半导体产品与设备指数,6299.7287,0.0110968971871597
2025-07-03,2025-04-11,H30184.CSI,中证全指半导体产品与设备指数,6600.9376,0.0478129955024889
2025-07-03,2025-04-14,H30184.CSI,中证全指半导体产品与设备指数,6607.8166,0.00104212468240883
2025-07-03,2025-04-15,H30184.CSI,中证全指半导体产品与设备指数,6535.2042,-0.0109888643095815
2025-07-03,2025-04-16,H30184.CSI,中证全指半导体产品与设备指数,6589.1008,0.00824711797069777
2025-07-03,2025-04-17,H30184.CSI,中证全指半导体产品与设备指数,6623.1858,0.00517293649537121
2025-07-03,2025-04-18,H30184.CSI,中证全指半导体产品与设备指数,6547.8105,-0.0113805202324236
2025-07-03,2025-04-21,H30184.CSI,中证全指半导体产品与设备指数,6619.8501,0.0110020899352539
2025-07-03,2025-04-22,H30184.CSI,中证全指半导体产品与设备指数,6597.9063,-0.00331484847368368
2025-07-03,2025-04-23,H30184.CSI,中证全指半导体产品与设备指数,6600.3155,0.000365146137343508
2025-07-03,2025-04-24,H30184.CSI,中证全指半导体产品与设备指数,6516.5588,-0.0126898024798966
2025-07-03,2025-04-25,H30184.CSI,中证全指半导体产品与设备指数,6500.5772,-0.00245246003151234
2025-07-03,2025-04-28,H30184.CSI,中证全指半导体产品与设备指数,6505.7373,0.000793791049816361
2025-07-03,2025-04-29,H30184.CSI,中证全指半导体产品与设备指数,6568.1571,0.00959457738940683
2025-07-03,2025-04-30,H30184.CSI,中证全指半导体产品与设备指数,6642.1637,0.011267483233615
2025-07-03,2025-05-06,H30184.CSI,中证全指半导体产品与设备指数,6754.8285,0.0169620631301213
2025-07-03,2025-05-07,H30184.CSI,中证全指半导体产品与设备指数,6722.2891,-0.00481720594386659
2025-07-03,2025-05-08,H30184.CSI,中证全指半导体产品与设备指数,6689.9171,-0.00481562151202342
2025-07-03,2025-05-09,H30184.CSI,中证全指半导体产品与设备指数,6534.3961,-0.0232470743172587
2025-07-03,2025-05-12,H30184.CSI,中证全指半导体产品与设备指数,6576.1657,0.00639226630292589
2025-07-03,2025-05-13,H30184.CSI,中证全指半导体产品与设备指数,6538.3676,-0.00574774142324308
2025-07-03,2025-05-14,H30184.CSI,中证全指半导体产品与设备指数,6563.895,0.00390424668077705
2025-07-03,2025-05-15,H30184.CSI,中证全指半导体产品与设备指数,6430.6414,-0.0203009950646682
2025-07-03,2025-05-16,H30184.CSI,中证全指半导体产品与设备指数,6417.2299,-0.0020855617917056
2025-07-03,2025-05-19,H30184.CSI,中证全指半导体产品与设备指数,6444.7035,0.004281224208595
2025-07-03,2025-05-20,H30184.CSI,中证全指半导体产品与设备指数,6473.4007,0.00445283479682201
2025-07-03,2025-05-21,H30184.CSI,中证全指半导体产品与设备指数,6408.9224,-0.00996049881478833
2025-07-03,2025-05-22,H30184.CSI,中证全指半导体产品与设备指数,6383.453,-0.00397405342277202
2025-07-03,2025-05-23,H30184.CSI,中证全指半导体产品与设备指数,6285.7401,-0.0153072169560895
2025-07-03,2025-05-26,H30184.CSI,中证全指半导体产品与设备指数,6332.8758,0.00749883056730272
2025-07-03,2025-05-27,H30184.CSI,中证全指半导体产品与设备指数,6255.7503,-0.0121785903333206
2025-07-03,2025-05-28,H30184.CSI,中证全指半导体产品与设备指数,6210.8165,-0.00718279947970424
2025-07-03,2025-05-29,H30184.CSI,中证全指半导体产品与设备指数,6339.2983,0.0206867808765563
2025-07-03,2025-05-30,H30184.CSI,中证全指半导体产品与设备指数,6239.9412,-0.0156732015592326
2025-07-03,2025-06-03,H30184.CSI,中证全指半导体产品与设备指数,6293.8736,0.00864309426505483
2025-07-03,2025-06-04,H30184.CSI,中证全指半导体产品与设备指数,6320.0816,0.00416404930661463
2025-07-03,2025-06-05,H30184.CSI,中证全指半导体产品与设备指数,6437.7313,0.0186152185123685
2025-07-03,2025-06-06,H30184.CSI,中证全指半导体产品与设备指数,6442.5045,0.000741441321106429
2025-07-03,2025-06-09,H30184.CSI,中证全指半导体产品与设备指数,6446.0461,0.000549724101861271
2025-07-03,2025-06-10,H30184.CSI,中证全指半导体产品与设备指数,6307.1173,-0.0215525607240071
2025-07-03,2025-06-11,H30184.CSI,中证全指半导体产品与设备指数,6302.6246,-0.000712322252195863
2025-07-03,2025-06-12,H30184.CSI,中证全指半导体产品与设备指数,6243.5769,-0.00936874774359875
2025-07-03,2025-06-13,H30184.CSI,中证全指半导体产品与设备指数,6229.4664,-0.00226000259562753
2025-07-03,2025-06-16,H30184.CSI,中证全指半导体产品与设备指数,6240.3903,0.00175358518668634
2025-07-03,2025-06-17,H30184.CSI,中证全指半导体产品与设备指数,6215.714,-0.0039542879233051
2025-07-03,2025-06-18,H30184.CSI,中证全指半导体产品与设备指数,6260.3325,0.00717833864299422
2025-07-03,2025-06-19,H30184.CSI,中证全指半导体产品与设备指数,6261.2067,0.000139641145258551
2025-07-03,2025-06-20,H30184.CSI,中证全指半导体产品与设备指数,6216.4661,-0.007145683275398
2025-07-03,2025-06-23,H30184.CSI,中证全指半导体产品与设备指数,6281.4494,0.0104534150037432
2025-07-03,2025-06-24,H30184.CSI,中证全指半导体产品与设备指数,6399.5709,0.0188048159712946
2025-07-03,2025-06-25,H30184.CSI,中证全指半导体产品与设备指数,6520.8156,0.0189457546286425
2025-07-03,2025-06-26,H30184.CSI,中证全指半导体产品与设备指数,6451.7425,-0.0105927086789572
2025-07-03,2025-06-27,H30184.CSI,中证全指半导体产品与设备指数,6473.3453,0.00334836673968297
2025-07-03,2025-06-30,H30184.CSI,中证全指半导体产品与设备指数,6570.7926,0.0150536230471128
2025-07-03,2025-07-01,H30184.CSI,中证全指半导体产品与设备指数,6542.2951,-0.0043369958138687
2025-07-03,2025-07-02,H30184.CSI,中证全指半导体产品与设备指数,6408.3739,-0.020470064091117
2025-07-03,2025-07-03,H30184.CSI,中证全指半导体产品与设备指数,6415.9606,0.0011838728698399
2025-07-03,2025-04-07,H30198.CSI,中证油气产业指数,1632.0963,-0.0891960922121151
2025-07-03,2025-04-08,H30198.CSI,中证油气产业指数,1658.4603,0.0161534585918734
2025-07-03,2025-04-09,H30198.CSI,中证油气产业指数,1654.1765,-0.00258299821828711
2025-07-03,2025-04-10,H30198.CSI,中证油气产业指数,1677.9012,0.0143423026502916
2025-07-03,2025-04-11,H30198.CSI,中证油气产业指数,1674.566,-0.00198772132709601
2025-07-03,2025-04-14,H30198.CSI,中证油气产业指数,1691.8323,0.0103109104090253
2025-07-03,2025-04-15,H30198.CSI,中证油气产业指数,1685.3885,-0.00380876993541268
2025-07-03,2025-04-16,H30198.CSI,中证油气产业指数,1683.9377,-0.000860810430354797
2025-07-03,2025-04-17,H30198.CSI,中证油气产业指数,1684.7818,0.000501265575323817
2025-07-03,2025-04-18,H30198.CSI,中证油气产业指数,1687.3689,0.00153556976933156
2025-07-03,2025-04-21,H30198.CSI,中证油气产业指数,1694.7795,0.00439180786133964
2025-07-03,2025-04-22,H30198.CSI,中证油气产业指数,1695.5758,0.000469854633006861
2025-07-03,2025-04-23,H30198.CSI,中证油气产业指数,1713.3596,0.0104883544575241
2025-07-03,2025-04-24,H30198.CSI,中证油气产业指数,1711.1046,-0.00131612768271183
2025-07-03,2025-04-25,H30198.CSI,中证油气产业指数,1720.9516,0.00575476215773141
2025-07-03,2025-04-28,H30198.CSI,中证油气产业指数,1715.8699,-0.00295284306659183
2025-07-03,2025-04-29,H30198.CSI,中证油气产业指数,1704.1218,-0.00684673121196433
2025-07-03,2025-04-30,H30198.CSI,中证油气产业指数,1702.452,-0.000979859538209005
2025-07-03,2025-05-06,H30198.CSI,中证油气产业指数,1723.2623,0.0122237220197692
2025-07-03,2025-05-07,H30198.CSI,中证油气产业指数,1737.251,0.00811756863711333
2025-07-03,2025-05-08,H30198.CSI,中证油气产业指数,1729.4539,-0.00448818276691165
2025-07-03,2025-05-09,H30198.CSI,中证油气产业指数,1722.9274,-0.00377373458754804
2025-07-03,2025-05-12,H30198.CSI,中证油气产业指数,1740.9685,0.0104711899062027
2025-07-03,2025-05-13,H30198.CSI,中证油气产业指数,1750.4355,0.00543777788053035
2025-07-03,2025-05-14,H30198.CSI,中证油气产业指数,1769.7084,0.0110103457111101
2025-07-03,2025-05-15,H30198.CSI,中证油气产业指数,1751.3712,-0.0103617070473305
2025-07-03,2025-05-16,H30198.CSI,中证油气产业指数,1739.7928,-0.00661104853157346
2025-07-03,2025-05-19,H30198.CSI,中证油气产业指数,1746.9709,0.00412583613404993
2025-07-03,2025-05-20,H30198.CSI,中证油气产业指数,1752.4468,0.00313451128464703
2025-07-03,2025-05-21,H30198.CSI,中证油气产业指数,1758.4828,0.00344432709740472
2025-07-03,2025-05-22,H30198.CSI,中证油气产业指数,1747.1247,-0.00645903388989644
2025-07-03,2025-05-23,H30198.CSI,中证油气产业指数,1732.3151,-0.00847655579478679
2025-07-03,2025-05-26,H30198.CSI,中证油气产业指数,1742.28,0.00575235994883383
2025-07-03,2025-05-27,H30198.CSI,中证油气产业指数,1740.5458,-0.000995362398695909
2025-07-03,2025-05-28,H30198.CSI,中证油气产业指数,1750.268,0.00558571914625849
2025-07-03,2025-05-29,H30198.CSI,中证油气产业指数,1752.7629,0.00142543884707935
2025-07-03,2025-05-30,H30198.CSI,中证油气产业指数,1747.0193,-0.003276883599031
2025-07-03,2025-06-03,H30198.CSI,中证油气产业指数,1749.948,0.00167639819434173
2025-07-03,2025-06-04,H30198.CSI,中证油气产业指数,1758.4675,0.00486843037621676
2025-07-03,2025-06-05,H30198.CSI,中证油气产业指数,1756.9037,-0.000889297072592998
2025-07-03,2025-06-06,H30198.CSI,中证油气产业指数,1767.2772,0.00590442151154891
2025-07-03,2025-06-09,H30198.CSI,中证油气产业指数,1779.0343,0.00665266320416524
2025-07-03,2025-06-10,H30198.CSI,中证油气产业指数,1772.2244,-0.00382786324018591
2025-07-03,2025-06-11,H30198.CSI,中证油气产业指数,1779.7512,0.0042470919596862
2025-07-03,2025-06-12,H30198.CSI,中证油气产业指数,1783.9188,0.0023416756229746
2025-07-03,2025-06-13,H30198.CSI,中证油气产业指数,1819.9966,0.0202239025677626
2025-07-03,2025-06-16,H30198.CSI,中证油气产业指数,1822.7798,0.00152923362604085
2025-07-03,2025-06-17,H30198.CSI,中证油气产业指数,1839.4766,0.00916007517748429
2025-07-03,2025-06-18,H30198.CSI,中证油气产业指数,1827.2845,-0.00662802668976603
2025-07-03,2025-06-19,H30198.CSI,中证油气产业指数,1830.192,0.00159115890273243
2025-07-03,2025-06-20,H30198.CSI,中证油气产业指数,1804.406,-0.0140892321679912
2025-07-03,2025-06-23,H30198.CSI,中证油气产业指数,1825.2637,0.0115593164731218
2025-07-03,2025-06-24,H30198.CSI,中证油气产业指数,1777.2384,-0.0263114310551401
2025-07-03,2025-06-25,H30198.CSI,中证油气产业指数,1772.3043,-0.00277627357140153
2025-07-03,2025-06-26,H30198.CSI,中证油气产业指数,1774.3934,0.00117874791591932
2025-07-03,2025-06-27,H30198.CSI,中证油气产业指数,1768.4126,-0.00337061668511607
2025-07-03,2025-06-30,H30198.CSI,中证油气产业指数,1772.186,0.00213377805609372
2025-07-03,2025-07-01,H30198.CSI,中证油气产业指数,1776.4325,0.00239619317611139
2025-07-03,2025-07-02,H30198.CSI,中证油气产业指数,1787.6226,0.00629919797121481
2025-07-03,2025-07-03,H30198.CSI,中证油气产业指数,1780.639,-0.00390664114450112
2025-07-03,2025-04-07,H30199.CSI,中证全指电力公用事业指数,2645.6851,-0.0512353374923769
2025-07-03,2025-04-08,H30199.CSI,中证全指电力公用事业指数,2715.3959,0.0263488651767363
2025-07-03,2025-04-09,H30199.CSI,中证全指电力公用事业指数,2725.8883,0.00386404059901535
2025-07-03,2025-04-10,H30199.CSI,中证全指电力公用事业指数,2726.5434,0.000240325328077384
2025-07-03,2025-04-11,H30199.CSI,中证全指电力公用事业指数,2709.1298,-0.00638669459653562
2025-07-03,2025-04-14,H30199.CSI,中证全指电力公用事业指数,2742.985,0.0124967065070118
2025-07-03,2025-04-15,H30199.CSI,中证全指电力公用事业指数,2758.2771,0.00557498491606756
2025-07-03,2025-04-16,H30199.CSI,中证全指电力公用事业指数,2770.3849,0.00438962423318534
2025-07-03,2025-04-17,H30199.CSI,中证全指电力公用事业指数,2765.3946,-0.00180130205012308
2025-07-03,2025-04-18,H30199.CSI,中证全指电力公用事业指数,2753.0487,-0.00446442616182163
2025-07-03,2025-04-21,H30199.CSI,中证全指电力公用事业指数,2760.0063,0.00252723462538107
2025-07-03,2025-04-22,H30199.CSI,中证全指电力公用事业指数,2754.2087,-0.00210057491535431
2025-07-03,2025-04-23,H30199.CSI,中证全指电力公用事业指数,2745.611,-0.00312165886339699
2025-07-03,2025-04-24,H30199.CSI,中证全指电力公用事业指数,2773.0533,0.00999497015418438
2025-07-03,2025-04-25,H30199.CSI,中证全指电力公用事业指数,2806.429,0.0120357225012588
2025-07-03,2025-04-28,H30199.CSI,中证全指电力公用事业指数,2827.2399,0.00741543791059729
2025-07-03,2025-04-29,H30199.CSI,中证全指电力公用事业指数,2775.0995,-0.0184421562528175
2025-07-03,2025-04-30,H30199.CSI,中证全指电力公用事业指数,2751.4465,-0.0085232979934593
2025-07-03,2025-05-06,H30199.CSI,中证全指电力公用事业指数,2775.1849,0.00862760733308843
2025-07-03,2025-05-07,H30199.CSI,中证全指电力公用事业指数,2782.4426,0.00261521313408686
2025-07-03,2025-05-08,H30199.CSI,中证全指电力公用事业指数,2790.6325,0.00294342100713973
2025-07-03,2025-05-09,H30199.CSI,中证全指电力公用事业指数,2808.8899,0.00654238779201477
2025-07-03,2025-05-12,H30199.CSI,中证全指电力公用事业指数,2798.8207,-0.00358476136782715
2025-07-03,2025-05-13,H30199.CSI,中证全指电力公用事业指数,2804.3165,0.00196361274589685
2025-07-03,2025-05-14,H30199.CSI,中证全指电力公用事业指数,2810.0086,0.00202976375883401
2025-07-03,2025-05-15,H30199.CSI,中证全指电力公用事业指数,2815.9656,0.00211992233760427
2025-07-03,2025-05-16,H30199.CSI,中证全指电力公用事业指数,2802.8305,-0.00466451010623137
2025-07-03,2025-05-19,H30199.CSI,中证全指电力公用事业指数,2821.9991,0.00683901505995466
2025-07-03,2025-05-20,H30199.CSI,中证全指电力公用事业指数,2853.1448,0.0110367505078226
2025-07-03,2025-05-21,H30199.CSI,中证全指电力公用事业指数,2855.2676,0.000744021123638694
2025-07-03,2025-05-22,H30199.CSI,中证全指电力公用事业指数,2835.9515,-0.0067650751894498
2025-07-03,2025-05-23,H30199.CSI,中证全指电力公用事业指数,2807.4594,-0.0100467515047419
2025-07-03,2025-05-26,H30199.CSI,中证全指电力公用事业指数,2829.9965,0.00802757824387412
2025-07-03,2025-05-27,H30199.CSI,中证全指电力公用事业指数,2825.3599,-0.00163837658456478
2025-07-03,2025-05-28,H30199.CSI,中证全指电力公用事业指数,2817.0699,-0.00293413947016097
2025-07-03,2025-05-29,H30199.CSI,中证全指电力公用事业指数,2819.9874,0.00103565055307997
2025-07-03,2025-05-30,H30199.CSI,中证全指电力公用事业指数,2806.9237,-0.00463253842907252
2025-07-03,2025-06-03,H30199.CSI,中证全指电力公用事业指数,2794.67,-0.00436552657273859
2025-07-03,2025-06-04,H30199.CSI,中证全指电力公用事业指数,2787.809,-0.00245503046871365
2025-07-03,2025-06-05,H30199.CSI,中证全指电力公用事业指数,2784.5634,-0.00116421175195291
2025-07-03,2025-06-06,H30199.CSI,中证全指电力公用事业指数,2792.5944,0.00288411461559823
2025-07-03,2025-06-09,H30199.CSI,中证全指电力公用事业指数,2795.3725,0.000994809700971988
2025-07-03,2025-06-10,H30199.CSI,中证全指电力公用事业指数,2792.7007,-0.000955793905821123
2025-07-03,2025-06-11,H30199.CSI,中证全指电力公用事业指数,2795.3053,0.000932645592848669
2025-07-03,2025-06-12,H30199.CSI,中证全指电力公用事业指数,2783.8674,-0.00409182496094429
2025-07-03,2025-06-13,H30199.CSI,中证全指电力公用事业指数,2802.4069,0.0066596203540441
2025-07-03,2025-06-16,H30199.CSI,中证全指电力公用事业指数,2796.5618,-0.00208574279488105
2025-07-03,2025-06-17,H30199.CSI,中证全指电力公用事业指数,2823.3954,0.00959521080492487
2025-07-03,2025-06-18,H30199.CSI,中证全指电力公用事业指数,2824.8758,0.000524333219498629
2025-07-03,2025-06-19,H30199.CSI,中证全指电力公用事业指数,2792.4084,-0.0114933902580779
2025-07-03,2025-06-20,H30199.CSI,中证全指电力公用事业指数,2777.404,-0.00537328279058313
2025-07-03,2025-06-23,H30199.CSI,中证全指电力公用事业指数,2770.1031,-0.00262867771487341
2025-07-03,2025-06-24,H30199.CSI,中证全指电力公用事业指数,2782.6393,0.00452553552970647
2025-07-03,2025-06-25,H30199.CSI,中证全指电力公用事业指数,2808.4887,0.00928952595472943
2025-07-03,2025-06-26,H30199.CSI,中证全指电力公用事业指数,2805.1567,-0.00118640320682073
2025-07-03,2025-06-27,H30199.CSI,中证全指电力公用事业指数,2777.7213,-0.00978034489124968
2025-07-03,2025-06-30,H30199.CSI,中证全指电力公用事业指数,2786.7693,0.00325734622836338
2025-07-03,2025-07-01,H30199.CSI,中证全指电力公用事业指数,2817.3501,0.0109735671338134
2025-07-03,2025-07-02,H30199.CSI,中证全指电力公用事业指数,2825.0536,0.00273430696454802
2025-07-03,2025-07-03,H30199.CSI,中证全指电力公用事业指数,2820.7531,-0.00152227200220212
2025-07-03,2025-04-07,H30202.CSI,中证全指软件指数,12500.1484,-0.114926467547783
2025-07-03,2025-04-08,H30202.CSI,中证全指软件指数,12632.1182,0.0105574586618509
2025-07-03,2025-04-09,H30202.CSI,中证全指软件指数,13096.5518,0.0367660904249612
2025-07-03,2025-04-10,H30202.CSI,中证全指软件指数,13219.5509,0.00939171637529812
2025-07-03,2025-04-11,H30202.CSI,中证全指软件指数,13329.5579,0.00832153836632976
2025-07-03,2025-04-14,H30202.CSI,中证全指软件指数,13420.4303,0.00681736038672365
2025-07-03,2025-04-15,H30202.CSI,中证全指软件指数,13256.4408,-0.0122193921010119
2025-07-03,2025-04-16,H30202.CSI,中证全指软件指数,13138.54,-0.00889385030105516
2025-07-03,2025-04-17,H30202.CSI,中证全指软件指数,13249.774,0.00846623749670794
2025-07-03,2025-04-18,H30202.CSI,中证全指软件指数,13243.6695,-0.000460724839533078
2025-07-03,2025-04-21,H30202.CSI,中证全指软件指数,13565.0867,0.024269497211479
2025-07-03,2025-04-22,H30202.CSI,中证全指软件指数,13402.7323,-0.0119685486418601
2025-07-03,2025-04-23,H30202.CSI,中证全指软件指数,13449.5933,0.00349637663060687
2025-07-03,2025-04-24,H30202.CSI,中证全指软件指数,13161.4928,-0.0214207592433298
2025-07-03,2025-04-25,H30202.CSI,中证全指软件指数,13314.7893,0.0116473489998035
2025-07-03,2025-04-28,H30202.CSI,中证全指软件指数,13229.3138,-0.00641959088304911
2025-07-03,2025-04-29,H30202.CSI,中证全指软件指数,13307.632,0.0059200500633676
2025-07-03,2025-04-30,H30202.CSI,中证全指软件指数,13635.1689,0.0246127109616499
2025-07-03,2025-05-06,H30202.CSI,中证全指软件指数,14106.6371,0.0345773641278473
2025-07-03,2025-05-07,H30202.CSI,中证全指软件指数,14015.7493,-0.00644291047935164
2025-07-03,2025-05-08,H30202.CSI,中证全指软件指数,14094.3634,0.00560898303168145
2025-07-03,2025-05-09,H30202.CSI,中证全指软件指数,13830.7677,-0.0187022068694497
2025-07-03,2025-05-12,H30202.CSI,中证全指软件指数,14035.8994,0.0148315483601102
2025-07-03,2025-05-13,H30202.CSI,中证全指软件指数,13922.5319,-0.00807696726580986
2025-07-03,2025-05-14,H30202.CSI,中证全指软件指数,14032.1604,0.00787417840285221
2025-07-03,2025-05-15,H30202.CSI,中证全指软件指数,13629.3026,-0.0287096062556411
2025-07-03,2025-05-16,H30202.CSI,中证全指软件指数,13571.7141,-0.00422534458953183
2025-07-03,2025-05-19,H30202.CSI,中证全指软件指数,13533.9749,-0.00278072465437507
2025-07-03,2025-05-20,H30202.CSI,中证全指软件指数,13559.5218,0.00188761248552338
2025-07-03,2025-05-21,H30202.CSI,中证全指软件指数,13484.965,-0.00549848299222466
2025-07-03,2025-05-22,H30202.CSI,中证全指软件指数,13379.7524,-0.00780221528198266
2025-07-03,2025-05-23,H30202.CSI,中证全指软件指数,13145.9214,-0.0174764818517867
2025-07-03,2025-05-26,H30202.CSI,中证全指软件指数,13276.8881,0.00996253484369691
2025-07-03,2025-05-27,H30202.CSI,中证全指软件指数,13155.6719,-0.00912986530330107
2025-07-03,2025-05-28,H30202.CSI,中证全指软件指数,13008.4327,-0.0111920699390504
2025-07-03,2025-05-29,H30202.CSI,中证全指软件指数,13463.3167,0.0349683940018386
2025-07-03,2025-05-30,H30202.CSI,中证全指软件指数,13254.8941,-0.0154807767390631
2025-07-03,2025-06-03,H30202.CSI,中证全指软件指数,13353.1116,0.00740990454235324
2025-07-03,2025-06-04,H30202.CSI,中证全指软件指数,13472.111,0.0089117355987649
2025-07-03,2025-06-05,H30202.CSI,中证全指软件指数,13796.8137,0.0241018426882023
2025-07-03,2025-06-06,H30202.CSI,中证全指软件指数,13659.2322,-0.00997197635567115
2025-07-03,2025-06-09,H30202.CSI,中证全指软件指数,13840.5393,0.0132735938115174
2025-07-03,2025-06-10,H30202.CSI,中证全指软件指数,13447.6589,-0.0283862060201657
2025-07-03,2025-06-11,H30202.CSI,中证全指软件指数,13491.6485,0.00327117160891088
2025-07-03,2025-06-12,H30202.CSI,中证全指软件指数,13446.0429,-0.00338028373626831
2025-07-03,2025-06-13,H30202.CSI,中证全指软件指数,13268.8917,-0.0131749691204689
2025-07-03,2025-06-16,H30202.CSI,中证全指软件指数,13576.5912,0.0231895403894209
2025-07-03,2025-06-17,H30202.CSI,中证全指软件指数,13557.3768,-0.00141525952405497
2025-07-03,2025-06-18,H30202.CSI,中证全指软件指数,13517.3378,-0.0029532999333618
2025-07-03,2025-06-19,H30202.CSI,中证全指软件指数,13286.9709,-0.0170423276689882
2025-07-03,2025-06-20,H30202.CSI,中证全指软件指数,13005.7642,-0.0211640939169966
2025-07-03,2025-06-23,H30202.CSI,中证全指软件指数,13296.5272,0.0223564717558082
2025-07-03,2025-06-24,H30202.CSI,中证全指软件指数,13640.572,0.0258747863126245
2025-07-03,2025-06-25,H30202.CSI,中证全指软件指数,14215.913,0.0421786564375746
2025-07-03,2025-06-26,H30202.CSI,中证全指软件指数,14261.1846,0.00318457210592094
2025-07-03,2025-06-27,H30202.CSI,中证全指软件指数,14163.4192,-0.0068553491692408
2025-07-03,2025-06-30,H30202.CSI,中证全指软件指数,14342.6263,0.0126528133828023
2025-07-03,2025-07-01,H30202.CSI,中证全指软件指数,14098.3672,-0.0170302910283593
2025-07-03,2025-07-02,H30202.CSI,中证全指软件指数,13862.0291,-0.0167635086139621
2025-07-03,2025-07-03,H30202.CSI,中证全指软件指数,13909.5063,0.00342498198910857
2025-07-03,2025-04-07,H30217.CSI,中证全指医疗器械指数,9003.4901,-0.0926620927420384
2025-07-03,2025-04-08,H30217.CSI,中证全指医疗器械指数,9184.1168,0.0200618535694286
2025-07-03,2025-04-09,H30217.CSI,中证全指医疗器械指数,9258.0532,0.00805046381814312
2025-07-03,2025-04-10,H30217.CSI,中证全指医疗器械指数,9440.3266,0.0196880916605664
2025-07-03,2025-04-11,H30217.CSI,中证全指医疗器械指数,9449.5381,0.000975760732684794
2025-07-03,2025-04-14,H30217.CSI,中证全指医疗器械指数,9475.8368,0.00278306724854627
2025-07-03,2025-04-15,H30217.CSI,中证全指医疗器械指数,9475.8704,3.54586098416654e-06
2025-07-03,2025-04-16,H30217.CSI,中证全指医疗器械指数,9358.722,-0.0123628115471061
2025-07-03,2025-04-17,H30217.CSI,中证全指医疗器械指数,9388.1818,0.00314784433173676
2025-07-03,2025-04-18,H30217.CSI,中证全指医疗器械指数,9330.2243,-0.00617345309610429
2025-07-03,2025-04-21,H30217.CSI,中证全指医疗器械指数,9440.4575,0.0118146355816977
2025-07-03,2025-04-22,H30217.CSI,中证全指医疗器械指数,9481.5661,0.00435451353920069
2025-07-03,2025-04-23,H30217.CSI,中证全指医疗器械指数,9415.6196,-0.00695523284913868
2025-07-03,2025-04-24,H30217.CSI,中证全指医疗器械指数,9354.1112,-0.00653259186469268
2025-07-03,2025-04-25,H30217.CSI,中证全指医疗器械指数,9343.2998,-0.00115579126320398
2025-07-03,2025-04-28,H30217.CSI,中证全指医疗器械指数,9217.3011,-0.0134854604579852
2025-07-03,2025-04-29,H30217.CSI,中证全指医疗器械指数,9283.3321,0.00716381067338667
2025-07-03,2025-04-30,H30217.CSI,中证全指医疗器械指数,9360.238,0.00828429912574169
2025-07-03,2025-05-06,H30217.CSI,中证全指医疗器械指数,9475.3658,0.012299665884564
2025-07-03,2025-05-07,H30217.CSI,中证全指医疗器械指数,9507.4518,0.003386254491621
2025-07-03,2025-05-08,H30217.CSI,中证全指医疗器械指数,9549.8368,0.00445808202782572
2025-07-03,2025-05-09,H30217.CSI,中证全指医疗器械指数,9509.5393,-0.00421970561842466
2025-07-03,2025-05-12,H30217.CSI,中证全指医疗器械指数,9626.6552,0.0123156229029937
2025-07-03,2025-05-13,H30217.CSI,中证全指医疗器械指数,9738.1346,0.0115802838767924
2025-07-03,2025-05-14,H30217.CSI,中证全指医疗器械指数,9712.2749,-0.00265550858169483
2025-07-03,2025-05-15,H30217.CSI,中证全指医疗器械指数,9643.5961,-0.00707134020681388
2025-07-03,2025-05-16,H30217.CSI,中证全指医疗器械指数,9630.4187,-0.00136644047130929
2025-07-03,2025-05-19,H30217.CSI,中证全指医疗器械指数,9627.6318,-0.000289385133379616
2025-07-03,2025-05-20,H30217.CSI,中证全指医疗器械指数,9684.0391,0.00585889668111328
2025-07-03,2025-05-21,H30217.CSI,中证全指医疗器械指数,9717.855,0.00349192105182627
2025-07-03,2025-05-22,H30217.CSI,中证全指医疗器械指数,9608.7563,-0.0112266235707366
2025-07-03,2025-05-23,H30217.CSI,中证全指医疗器械指数,9665.9944,0.00595686873648793
2025-07-03,2025-05-26,H30217.CSI,中证全指医疗器械指数,9608.7987,-0.00591720806293872
2025-07-03,2025-05-27,H30217.CSI,中证全指医疗器械指数,9648.297,0.00411063872115469
2025-07-03,2025-05-28,H30217.CSI,中证全指医疗器械指数,9616.8287,-0.00326153931621309
2025-07-03,2025-05-29,H30217.CSI,中证全指医疗器械指数,9744.0096,0.0132248274319371
2025-07-03,2025-05-30,H30217.CSI,中证全指医疗器械指数,9723.059,-0.00215010050893216
2025-07-03,2025-06-03,H30217.CSI,中证全指医疗器械指数,9893.8671,0.017567321148622
2025-07-03,2025-06-04,H30217.CSI,中证全指医疗器械指数,9912.4234,0.0018755356032627
2025-07-03,2025-06-05,H30217.CSI,中证全指医疗器械指数,9897.3718,-0.0015184581401152
2025-07-03,2025-06-06,H30217.CSI,中证全指医疗器械指数,9821.4562,-0.00767027868954062
2025-07-03,2025-06-09,H30217.CSI,中证全指医疗器械指数,9957.8798,0.0138903638342347
2025-07-03,2025-06-10,H30217.CSI,中证全指医疗器械指数,9915.0957,-0.00429650697330175
2025-07-03,2025-06-11,H30217.CSI,中证全指医疗器械指数,9934.0924,0.00191593713008742
2025-07-03,2025-06-12,H30217.CSI,中证全指医疗器械指数,9942.3373,0.000829960067615154
2025-07-03,2025-06-13,H30217.CSI,中证全指医疗器械指数,9754.8863,-0.0188538161947089
2025-07-03,2025-06-16,H30217.CSI,中证全指医疗器械指数,9680.675,-0.00760760276621586
2025-07-03,2025-06-17,H30217.CSI,中证全指医疗器械指数,9649.3865,-0.00323205768192802
2025-07-03,2025-06-18,H30217.CSI,中证全指医疗器械指数,9553.0269,-0.00998608564389036
2025-07-03,2025-06-19,H30217.CSI,中证全指医疗器械指数,9422.8676,-0.0136249276132574
2025-07-03,2025-06-20,H30217.CSI,中证全指医疗器械指数,9423.5763,7.52106503121297e-05
2025-07-03,2025-06-23,H30217.CSI,中证全指医疗器械指数,9497.246,0.00781759468536358
2025-07-03,2025-06-24,H30217.CSI,中证全指医疗器械指数,9557.8547,0.00638171318295866
2025-07-03,2025-06-25,H30217.CSI,中证全指医疗器械指数,9654.0626,0.0100658466800085
2025-07-03,2025-06-26,H30217.CSI,中证全指医疗器械指数,9601.0419,-0.00549206092780041
2025-07-03,2025-06-27,H30217.CSI,中证全指医疗器械指数,9603.3473,0.000240119772834113
2025-07-03,2025-06-30,H30217.CSI,中证全指医疗器械指数,9700.3656,0.0101025503888628
2025-07-03,2025-07-01,H30217.CSI,中证全指医疗器械指数,9805.4547,0.0108335195118832
2025-07-03,2025-07-02,H30217.CSI,中证全指医疗器械指数,9722.9521,-0.0084139494316362
2025-07-03,2025-07-03,H30217.CSI,中证全指医疗器械指数,9735.7832,0.00131967121384857
2025-07-03,2025-04-07,H30269.CSI,中证红利低波动指数,10575.6606,-0.0535060719901005
2025-07-03,2025-04-08,H30269.CSI,中证红利低波动指数,10805.7259,0.0217542249795724
2025-07-03,2025-04-09,H30269.CSI,中证红利低波动指数,10777.0133,-0.00265716530899596
2025-07-03,2025-04-10,H30269.CSI,中证红利低波动指数,10838.954,0.00574748293202898
2025-07-03,2025-04-11,H30269.CSI,中证红利低波动指数,10787.0443,-0.00478917984152349
2025-07-03,2025-04-14,H30269.CSI,中证红利低波动指数,10874.5854,0.00811539264745575
2025-07-03,2025-04-15,H30269.CSI,中证红利低波动指数,10997.3913,0.0112929270848339
2025-07-03,2025-04-16,H30269.CSI,中证红利低波动指数,11092.5416,0.00865207915262611
2025-07-03,2025-04-17,H30269.CSI,中证红利低波动指数,11105.36,0.0011555872821789
2025-07-03,2025-04-18,H30269.CSI,中证红利低波动指数,11126.957,0.00194473659566197
2025-07-03,2025-04-21,H30269.CSI,中证红利低波动指数,11055.186,-0.00645019118883994
2025-07-03,2025-04-22,H30269.CSI,中证红利低波动指数,11118.1093,0.00569174503260284
2025-07-03,2025-04-23,H30269.CSI,中证红利低波动指数,11065.8913,-0.00469666186857876
2025-07-03,2025-04-24,H30269.CSI,中证红利低波动指数,11180.8293,0.0103866915808219
2025-07-03,2025-04-25,H30269.CSI,中证红利低波动指数,11160.1247,-0.00185179466070551
2025-07-03,2025-04-28,H30269.CSI,中证红利低波动指数,11215.7669,0.00498580450449637
2025-07-03,2025-04-29,H30269.CSI,中证红利低波动指数,11183.8026,-0.00284994332398258
2025-07-03,2025-04-30,H30269.CSI,中证红利低波动指数,10971.4835,-0.0189845178419011
2025-07-03,2025-05-06,H30269.CSI,中证红利低波动指数,10989.8017,0.00166961924520059
2025-07-03,2025-05-07,H30269.CSI,中证红利低波动指数,11086.3512,0.00878537235116794
2025-07-03,2025-05-08,H30269.CSI,中证红利低波动指数,11144.8682,0.00527829210389807
2025-07-03,2025-05-09,H30269.CSI,中证红利低波动指数,11220.361,0.00677377234483578
2025-07-03,2025-05-12,H30269.CSI,中证红利低波动指数,11225.6825,0.000474271727977316
2025-07-03,2025-05-13,H30269.CSI,中证红利低波动指数,11341.6468,0.0103302672242869
2025-07-03,2025-05-14,H30269.CSI,中证红利低波动指数,11408.4634,0.00589126087051128
2025-07-03,2025-05-15,H30269.CSI,中证红利低波动指数,11361.2502,-0.00413843638223887
2025-07-03,2025-05-16,H30269.CSI,中证红利低波动指数,11291.2705,-0.00615950698806011
2025-07-03,2025-05-19,H30269.CSI,中证红利低波动指数,11315.2715,0.00212562439275543
2025-07-03,2025-05-20,H30269.CSI,中证红利低波动指数,11355.5872,0.00356294588247397
2025-07-03,2025-05-21,H30269.CSI,中证红利低波动指数,11419.0487,0.00558857053204598
2025-07-03,2025-05-22,H30269.CSI,中证红利低波动指数,11471.2389,0.00457045077669216
2025-07-03,2025-05-23,H30269.CSI,中证红利低波动指数,11381.436,-0.00782852669906475
2025-07-03,2025-05-26,H30269.CSI,中证红利低波动指数,11338.1181,-0.00380601358211741
2025-07-03,2025-05-27,H30269.CSI,中证红利低波动指数,11347.4312,0.000821397335771357
2025-07-03,2025-05-28,H30269.CSI,中证红利低波动指数,11402.55,0.00485738128996083
2025-07-03,2025-05-29,H30269.CSI,中证红利低波动指数,11381.564,-0.0018404655099078
2025-07-03,2025-05-30,H30269.CSI,中证红利低波动指数,11420.3111,0.00340437395071547
2025-07-03,2025-06-03,H30269.CSI,中证红利低波动指数,11539.2017,0.0104104519534498
2025-07-03,2025-06-04,H30269.CSI,中证红利低波动指数,11585.3733,0.00400128199509675
2025-07-03,2025-06-05,H30269.CSI,中证红利低波动指数,11493.1267,-0.00796233298757831
2025-07-03,2025-06-06,H30269.CSI,中证红利低波动指数,11503.0106,0.000859983558695099
2025-07-03,2025-06-09,H30269.CSI,中证红利低波动指数,11508.6044,0.000486290084788843
2025-07-03,2025-06-10,H30269.CSI,中证红利低波动指数,11522.101,0.00117273993708578
2025-07-03,2025-06-11,H30269.CSI,中证红利低波动指数,11533.3473,0.000976063306509678
2025-07-03,2025-06-12,H30269.CSI,中证红利低波动指数,11570.5681,0.00322723308609651
2025-07-03,2025-06-13,H30269.CSI,中证红利低波动指数,11457.8901,-0.00973832909725492
2025-07-03,2025-06-16,H30269.CSI,中证红利低波动指数,11522.9117,0.00567483187851492
2025-07-03,2025-06-17,H30269.CSI,中证红利低波动指数,11496.2152,-0.00231681893388114
2025-07-03,2025-06-18,H30269.CSI,中证红利低波动指数,11563.4999,0.00585276970110993
2025-07-03,2025-06-19,H30269.CSI,中证红利低波动指数,11532.3805,-0.00269117484058623
2025-07-03,2025-06-20,H30269.CSI,中证红利低波动指数,11574.3579,0.00363995967701558
2025-07-03,2025-06-23,H30269.CSI,中证红利低波动指数,11639.5817,0.00563519813051561
2025-07-03,2025-06-24,H30269.CSI,中证红利低波动指数,11668.0086,0.00244226130566183
2025-07-03,2025-06-25,H30269.CSI,中证红利低波动指数,11737.6464,0.00596826779850002
2025-07-03,2025-06-26,H30269.CSI,中证红利低波动指数,11767.4254,0.00253705035789809
2025-07-03,2025-06-27,H30269.CSI,中证红利低波动指数,11578.3421,-0.0160683661525486
2025-07-03,2025-06-30,H30269.CSI,中证红利低波动指数,11544.8644,-0.00289140705213742
2025-07-03,2025-07-01,H30269.CSI,中证红利低波动指数,11664.2806,0.0103436641490566
2025-07-03,2025-07-02,H30269.CSI,中证红利低波动指数,11690.3539,0.00223531145161227
2025-07-03,2025-07-03,H30269.CSI,中证红利低波动指数,11692.7168,0.00020212390661678
2025-07-03,2025-04-07,H30590.CSI,中证机器人指数,1439.6982,-0.133543621441924
2025-07-03,2025-04-08,H30590.CSI,中证机器人指数,1416.6591,-0.0160027289052663
2025-07-03,2025-04-09,H30590.CSI,中证机器人指数,1456.9319,0.028428010662551
2025-07-03,2025-04-10,H30590.CSI,中证机器人指数,1502.021,0.0309479804787032
2025-07-03,2025-04-11,H30590.CSI,中证机器人指数,1525.0854,0.0153555775851335
2025-07-03,2025-04-14,H30590.CSI,中证机器人指数,1533.3949,0.00544854734036537
2025-07-03,2025-04-15,H30590.CSI,中证机器人指数,1523.9904,-0.00613312330698379
2025-07-03,2025-04-16,H30590.CSI,中证机器人指数,1505.2733,-0.0122816390444453
2025-07-03,2025-04-17,H30590.CSI,中证机器人指数,1498.4093,-0.00455996927601121
2025-07-03,2025-04-18,H30590.CSI,中证机器人指数,1498.5645,0.000103576506098824
2025-07-03,2025-04-21,H30590.CSI,中证机器人指数,1540.3853,0.0279072405625516
2025-07-03,2025-04-22,H30590.CSI,中证机器人指数,1526.6173,-0.00893802349321304
2025-07-03,2025-04-23,H30590.CSI,中证机器人指数,1574.8632,0.0316031398307881
2025-07-03,2025-04-24,H30590.CSI,中证机器人指数,1559.1524,-0.00997597759602231
2025-07-03,2025-04-25,H30590.CSI,中证机器人指数,1567.1566,0.0051336867390257
2025-07-03,2025-04-28,H30590.CSI,中证机器人指数,1542.336,-0.0158379832621705
2025-07-03,2025-04-29,H30590.CSI,中证机器人指数,1565.903,0.0152800686750487
2025-07-03,2025-04-30,H30590.CSI,中证机器人指数,1611.4715,0.0291004615228403
2025-07-03,2025-05-06,H30590.CSI,中证机器人指数,1650.8925,0.0244627348358315
2025-07-03,2025-05-07,H30590.CSI,中证机器人指数,1649.6585,-0.000747474472141518
2025-07-03,2025-05-08,H30590.CSI,中证机器人指数,1662.8772,0.00801299177981374
2025-07-03,2025-05-09,H30590.CSI,中证机器人指数,1637.683,-0.0151509684539544
2025-07-03,2025-05-12,H30590.CSI,中证机器人指数,1684.3637,0.0285041122121925
2025-07-03,2025-05-13,H30590.CSI,中证机器人指数,1669.7052,-0.00870269289227732
2025-07-03,2025-05-14,H30590.CSI,中证机器人指数,1665.7409,-0.00237425145468795
2025-07-03,2025-05-15,H30590.CSI,中证机器人指数,1635.3778,-0.0182279849165018
2025-07-03,2025-05-16,H30590.CSI,中证机器人指数,1641.2813,0.00360986923021711
2025-07-03,2025-05-19,H30590.CSI,中证机器人指数,1631.3187,-0.00607001371428528
2025-07-03,2025-05-20,H30590.CSI,中证机器人指数,1637.4194,0.00373973522157267
2025-07-03,2025-05-21,H30590.CSI,中证机器人指数,1623.3326,-0.0086030494081113
2025-07-03,2025-05-22,H30590.CSI,中证机器人指数,1608.7571,-0.00897875148937433
2025-07-03,2025-05-23,H30590.CSI,中证机器人指数,1591.0057,-0.011034232576192
2025-07-03,2025-05-26,H30590.CSI,中证机器人指数,1595.8382,0.00303738698107736
2025-07-03,2025-05-27,H30590.CSI,中证机器人指数,1572.2815,-0.0147613335737921
2025-07-03,2025-05-28,H30590.CSI,中证机器人指数,1569.5668,-0.00172659921267282
2025-07-03,2025-05-29,H30590.CSI,中证机器人指数,1588.5791,0.0121130875092412
2025-07-03,2025-05-30,H30590.CSI,中证机器人指数,1553.4749,-0.0220978609123084
2025-07-03,2025-06-03,H30590.CSI,中证机器人指数,1555.5063,0.00130764906468728
2025-07-03,2025-06-04,H30590.CSI,中证机器人指数,1566.1777,0.00686040294404466
2025-07-03,2025-06-05,H30590.CSI,中证机器人指数,1589.0414,0.0145984073199357
2025-07-03,2025-06-06,H30590.CSI,中证机器人指数,1577.8605,-0.00703625468788927
2025-07-03,2025-06-09,H30590.CSI,中证机器人指数,1583.1033,0.00332272719926752
2025-07-03,2025-06-10,H30590.CSI,中证机器人指数,1560.216,-0.0144572372504056
2025-07-03,2025-06-11,H30590.CSI,中证机器人指数,1564.0416,0.00245196818902005
2025-07-03,2025-06-12,H30590.CSI,中证机器人指数,1562.7282,-0.000839747484977393
2025-07-03,2025-06-13,H30590.CSI,中证机器人指数,1537.4478,-0.0161770933678679
2025-07-03,2025-06-16,H30590.CSI,中证机器人指数,1538.3417,0.000581418113837717
2025-07-03,2025-06-17,H30590.CSI,中证机器人指数,1531.3346,-0.00455496980937331
2025-07-03,2025-06-18,H30590.CSI,中证机器人指数,1540.3094,0.00586077007598473
2025-07-03,2025-06-19,H30590.CSI,中证机器人指数,1528.2847,-0.00780667832060244
2025-07-03,2025-06-20,H30590.CSI,中证机器人指数,1498.5635,-0.0194474236377554
2025-07-03,2025-06-23,H30590.CSI,中证机器人指数,1505.976,0.00494640367258392
2025-07-03,2025-06-24,H30590.CSI,中证机器人指数,1558.9286,0.0351616493224327
2025-07-03,2025-06-25,H30590.CSI,中证机器人指数,1584.9752,0.0167080134394866
2025-07-03,2025-06-26,H30590.CSI,中证机器人指数,1575.2099,-0.00616116895709162
2025-07-03,2025-06-27,H30590.CSI,中证机器人指数,1571.8245,-0.00214917389739622
2025-07-03,2025-06-30,H30590.CSI,中证机器人指数,1594.274,0.0142824469271219
2025-07-03,2025-07-01,H30590.CSI,中证机器人指数,1587.0032,-0.00456057114398134
2025-07-03,2025-07-02,H30590.CSI,中证机器人指数,1567.9965,-0.011976472385185
2025-07-03,2025-07-03,H30590.CSI,中证机器人指数,1573.6989,0.00363674281160709
2025-07-03,2025-04-07,SPCLLHCP.GI,标普中国A股大盘红利低波50指数,3527.82,-0.0455342359014317
2025-07-03,2025-04-08,SPCLLHCP.GI,标普中国A股大盘红利低波50指数,3616.29,0.0250778100923517
2025-07-03,2025-04-09,SPCLLHCP.GI,标普中国A股大盘红利低波50指数,3621.52,0.00144623357086959
2025-07-03,2025-04-10,SPCLLHCP.GI,标普中国A股大盘红利低波50指数,3624.86,0.000922264684442009
2025-07-03,2025-04-11,SPCLLHCP.GI,标普中国A股大盘红利低波50指数,3603.52,-0.00588712391650992
2025-07-03,2025-04-14,SPCLLHCP.GI,标普中国A股大盘红利低波50指数,3618.74,0.00422364798863328
2025-07-03,2025-04-15,SPCLLHCP.GI,标普中国A股大盘红利低波50指数,3650,0.00863836584004374
2025-07-03,2025-04-16,SPCLLHCP.GI,标普中国A股大盘红利低波50指数,3687.88,0.0103780821917809
2025-07-03,2025-04-17,SPCLLHCP.GI,标普中国A股大盘红利低波50指数,3683.1,-0.00129613761836078
2025-07-03,2025-04-18,SPCLLHCP.GI,标普中国A股大盘红利低波50指数,3685.76,0.000722217697048722
2025-07-03,2025-04-21,SPCLLHCP.GI,标普中国A股大盘红利低波50指数,3667.62,-0.00492164438270537
2025-07-03,2025-04-22,SPCLLHCP.GI,标普中国A股大盘红利低波50指数,3682,0.00392079877413698
2025-07-03,2025-04-23,SPCLLHCP.GI,标普中国A股大盘红利低波50指数,3658.73,-0.00631993481803372
2025-07-03,2025-04-24,SPCLLHCP.GI,标普中国A股大盘红利低波50指数,3681.29,0.00616607402022007
2025-07-03,2025-04-25,SPCLLHCP.GI,标普中国A股大盘红利低波50指数,3664.69,-0.00450928886341473
2025-07-03,2025-04-28,SPCLLHCP.GI,标普中国A股大盘红利低波50指数,3694.42,0.00811255522295196
2025-07-03,2025-04-29,SPCLLHCP.GI,标普中国A股大盘红利低波50指数,3685.45,-0.00242798598968186
2025-07-03,2025-04-30,SPCLLHCP.GI,标普中国A股大盘红利低波50指数,3638.27,-0.0128016931446634
2025-07-03,2025-05-06,SPCLLHCP.GI,标普中国A股大盘红利低波50指数,3636.81,-0.000401289623914725
2025-07-03,2025-05-07,SPCLLHCP.GI,标普中国A股大盘红利低波50指数,3672.39,0.0097832991000355
2025-07-03,2025-05-08,SPCLLHCP.GI,标普中国A股大盘红利低波50指数,3677.75,0.00145953997260651
2025-07-03,2025-05-09,SPCLLHCP.GI,标普中国A股大盘红利低波50指数,3699.29,0.005856841819047
2025-07-03,2025-05-12,SPCLLHCP.GI,标普中国A股大盘红利低波50指数,3695.58,-0.0010028951501504
2025-07-03,2025-05-13,SPCLLHCP.GI,标普中国A股大盘红利低波50指数,3722.17,0.00719508169218375
2025-07-03,2025-05-14,SPCLLHCP.GI,标普中国A股大盘红利低波50指数,3736.51,0.00385259136471472
2025-07-03,2025-05-15,SPCLLHCP.GI,标普中国A股大盘红利低波50指数,3726,-0.00281278519259953
2025-07-03,2025-05-16,SPCLLHCP.GI,标普中国A股大盘红利低波50指数,3701.67,-0.00652979066022541
2025-07-03,2025-05-19,SPCLLHCP.GI,标普中国A股大盘红利低波50指数,3713.79,0.00327419786204608
2025-07-03,2025-05-20,SPCLLHCP.GI,标普中国A股大盘红利低波50指数,3726.32,0.00337391182592461
2025-07-03,2025-05-21,SPCLLHCP.GI,标普中国A股大盘红利低波50指数,3753.05,0.00717329697932545
2025-07-03,2025-05-22,SPCLLHCP.GI,标普中国A股大盘红利低波50指数,3763.61,0.00281371151463472
2025-07-03,2025-05-23,SPCLLHCP.GI,标普中国A股大盘红利低波50指数,3727.03,-0.00971939175419345
2025-07-03,2025-05-26,SPCLLHCP.GI,标普中国A股大盘红利低波50指数,3703.95,-0.00619259839604203
2025-07-03,2025-05-27,SPCLLHCP.GI,标普中国A股大盘红利低波50指数,3703.39,-0.000151189945868602
2025-07-03,2025-05-28,SPCLLHCP.GI,标普中国A股大盘红利低波50指数,3715.19,0.00318626987705861
2025-07-03,2025-05-29,SPCLLHCP.GI,标普中国A股大盘红利低波50指数,3710.71,-0.00120586026555847
2025-07-03,2025-05-30,SPCLLHCP.GI,标普中国A股大盘红利低波50指数,3726.9,0.00436304642507768
2025-07-03,2025-06-03,SPCLLHCP.GI,标普中国A股大盘红利低波50指数,3745.09,0.00488073197563654
2025-07-03,2025-06-04,SPCLLHCP.GI,标普中国A股大盘红利低波50指数,3754.63,0.0025473353110339
2025-07-03,2025-06-05,SPCLLHCP.GI,标普中国A股大盘红利低波50指数,3729.97,-0.00656789084410458
2025-07-03,2025-06-06,SPCLLHCP.GI,标普中国A股大盘红利低波50指数,3720.05,-0.00265953881666603
2025-07-03,2025-06-09,SPCLLHCP.GI,标普中国A股大盘红利低波50指数,3727.25,0.0019354578567492
2025-07-03,2025-06-10,SPCLLHCP.GI,标普中国A股大盘红利低波50指数,3726.68,-0.000152927761754684
2025-07-03,2025-06-11,SPCLLHCP.GI,标普中国A股大盘红利低波50指数,3734.74,0.00216278295963157
2025-07-03,2025-06-12,SPCLLHCP.GI,标普中国A股大盘红利低波50指数,3729.57,-0.00138429984416577
2025-07-03,2025-06-13,SPCLLHCP.GI,标普中国A股大盘红利低波50指数,3709.89,-0.00527674772158726
2025-07-03,2025-06-16,SPCLLHCP.GI,标普中国A股大盘红利低波50指数,3720.66,0.00290305103385813
2025-07-03,2025-06-17,SPCLLHCP.GI,标普中国A股大盘红利低波50指数,3718.63,-0.000545602124354172
2025-07-03,2025-06-18,SPCLLHCP.GI,标普中国A股大盘红利低波50指数,3724.83,0.00166728069208277
2025-07-03,2025-06-19,SPCLLHCP.GI,标普中国A股大盘红利低波50指数,3712.01,-0.00344176781222227
2025-07-03,2025-06-20,SPCLLHCP.GI,标普中国A股大盘红利低波50指数,3735.98,0.0064574179487662
2025-07-03,2025-06-23,SPCLLHCP.GI,标普中国A股大盘红利低波50指数,3738.61,0.000703965224653214
2025-07-03,2025-06-24,SPCLLHCP.GI,标普中国A股大盘红利低波50指数,3751.3,0.00339430964984322
2025-07-03,2025-06-25,SPCLLHCP.GI,标普中国A股大盘红利低波50指数,3762.9,0.00309226134939888
2025-07-03,2025-06-26,SPCLLHCP.GI,标普中国A股大盘红利低波50指数,3768.37,0.00145366605543584
2025-07-03,2025-06-27,SPCLLHCP.GI,标普中国A股大盘红利低波50指数,3720.28,-0.0127614857352117
2025-07-03,2025-06-30,SPCLLHCP.GI,标普中国A股大盘红利低波50指数,3713.8,-0.00174180438031546
2025-07-03,2025-07-01,SPCLLHCP.GI,标普中国A股大盘红利低波50指数,3740.47,0.0071813237115621
2025-07-03,2025-07-02,SPCLLHCP.GI,标普中国A股大盘红利低波50指数,3768.17,0.00740548647629846
2025-07-03,2025-07-03,SPCLLHCP.GI,标普中国A股大盘红利低波50指数,3768.36,5.04223535562343e-05
