月末交易日,收益日期,对标指数代码,对标指数,收盘价,日收益率
2021-03-18,2020-12-16,000015.SH,上证红利指数,2624.0391,-0.00129297140334095
2021-03-18,2020-12-17,000015.SH,上证红利指数,2650.7283,0.0101710374666293
2021-03-18,2020-12-18,000015.SH,上证红利指数,2670.549,0.00747745440375747
2021-03-18,2020-12-21,000015.SH,上证红利指数,2676.0009,0.0020414903452437
2021-03-18,2020-12-22,000015.SH,上证红利指数,2612.2127,-0.0238371369755518
2021-03-18,2020-12-23,000015.SH,上证红利指数,2619.9303,0.00295443016565988
2021-03-18,2020-12-24,000015.SH,上证红利指数,2605.4405,-0.00553060514625137
2021-03-18,2020-12-25,000015.SH,上证红利指数,2615.9199,0.00402212217089581
2021-03-18,2020-12-28,000015.SH,上证红利指数,2603.0641,-0.00491444711284927
2021-03-18,2020-12-29,000015.SH,上证红利指数,2579.4125,-0.00908606130751832
2021-03-18,2020-12-30,000015.SH,上证红利指数,2585.1822,0.00223682718448504
2021-03-18,2020-12-31,000015.SH,上证红利指数,2594.9893,0.00379358174445121
2021-03-18,2021-01-04,000015.SH,上证红利指数,2593.4162,-0.000606206738501758
2021-03-18,2021-01-05,000015.SH,上证红利指数,2578.0706,-0.00591713740355293
2021-03-18,2021-01-06,000015.SH,上证红利指数,2580.5486,0.000961183917926878
2021-03-18,2021-01-07,000015.SH,上证红利指数,2568.7542,-0.00457050101672185
2021-03-18,2021-01-08,000015.SH,上证红利指数,2578.9444,0.00396698134839069
2021-03-18,2021-01-11,000015.SH,上证红利指数,2545.1088,-0.0131199416319328
2021-03-18,2021-01-12,000015.SH,上证红利指数,2567.397,0.00875726805863852
2021-03-18,2021-01-13,000015.SH,上证红利指数,2572.8004,0.00210462191862026
2021-03-18,2021-01-14,000015.SH,上证红利指数,2569.3993,-0.0013219447571603
2021-03-18,2021-01-15,000015.SH,上证红利指数,2584.9128,0.00603779256887016
2021-03-18,2021-01-18,000015.SH,上证红利指数,2601.7505,0.00651383675302308
2021-03-18,2021-01-19,000015.SH,上证红利指数,2610.8915,0.00351340376411957
2021-03-18,2021-01-20,000015.SH,上证红利指数,2602.8624,-0.00307523311481928
2021-03-18,2021-01-21,000015.SH,上证红利指数,2610.6691,0.0029992749520682
2021-03-18,2021-01-22,000015.SH,上证红利指数,2580.6895,-0.0114834928716168
2021-03-18,2021-01-25,000015.SH,上证红利指数,2544.1449,-0.0141607891999406
2021-03-18,2021-01-26,000015.SH,上证红利指数,2536.1953,-0.00312466479405316
2021-03-18,2021-01-27,000015.SH,上证红利指数,2533.3479,-0.00112270533740033
2021-03-18,2021-01-28,000015.SH,上证红利指数,2505.337,-0.0110568706335202
2021-03-18,2021-01-29,000015.SH,上证红利指数,2483.4996,-0.00871635233104362
2021-03-18,2021-02-01,000015.SH,上证红利指数,2504.4403,0.00843193210097559
2021-03-18,2021-02-02,000015.SH,上证红利指数,2510.206,0.00230219103246343
2021-03-18,2021-02-03,000015.SH,上证红利指数,2487.5868,-0.0090108939266339
2021-03-18,2021-02-04,000015.SH,上证红利指数,2472.3239,-0.00613562509657961
2021-03-18,2021-02-05,000015.SH,上证红利指数,2490.7074,0.00743571665508713
2021-03-18,2021-02-08,000015.SH,上证红利指数,2505.1658,0.00580493718370945
2021-03-18,2021-02-09,000015.SH,上证红利指数,2521.7273,0.00661093968311399
2021-03-18,2021-02-10,000015.SH,上证红利指数,2535.1329,0.00531603873265762
2021-03-18,2021-02-18,000015.SH,上证红利指数,2608.957,0.029120406271403
2021-03-18,2021-02-19,000015.SH,上证红利指数,2661.5495,0.0201584387937404
2021-03-18,2021-02-22,000015.SH,上证红利指数,2701.3656,0.0149597443143552
2021-03-18,2021-02-23,000015.SH,上证红利指数,2675.6979,-0.00950174978166596
2021-03-18,2021-02-24,000015.SH,上证红利指数,2642.5939,-0.0123720992567958
2021-03-18,2021-02-25,000015.SH,上证红利指数,2687.7277,0.0170793552501578
2021-03-18,2021-02-26,000015.SH,上证红利指数,2629.7573,-0.0215685539870724
2021-03-18,2021-03-01,000015.SH,上证红利指数,2673.5864,0.0166665950504254
2021-03-18,2021-03-02,000015.SH,上证红利指数,2652.716,-0.00780614383735656
2021-03-18,2021-03-03,000015.SH,上证红利指数,2723.6448,0.0267381807928178
2021-03-18,2021-03-04,000015.SH,上证红利指数,2717.5662,-0.00223178881475283
2021-03-18,2021-03-05,000015.SH,上证红利指数,2691.7957,-0.00948293366321673
2021-03-18,2021-03-08,000015.SH,上证红利指数,2674.6732,-0.00636099537568913
2021-03-18,2021-03-09,000015.SH,上证红利指数,2671.7419,-0.00109594697400794
2021-03-18,2021-03-10,000015.SH,上证红利指数,2650.0008,-0.00813742525054539
2021-03-18,2021-03-11,000015.SH,上证红利指数,2703.121,0.0200453524391391
2021-03-18,2021-03-12,000015.SH,上证红利指数,2729.9548,0.0099269696029145
2021-03-18,2021-03-15,000015.SH,上证红利指数,2754.3278,0.00892798664651884
2021-03-18,2021-03-16,000015.SH,上证红利指数,2761.0501,0.00244063179408061
2021-03-18,2021-03-17,000015.SH,上证红利指数,2746.2422,-0.0053631406398601
2021-03-18,2021-03-18,000015.SH,上证红利指数,2744.9712,-0.0004628142412203
2021-03-18,2021-03-19,000015.SH,上证红利指数,2725.7858,-0.00698929008799798
2021-03-18,2020-12-16,000018.SH,上证180金融股指数,5632.0712,-0.00034465664172223
2021-03-18,2020-12-17,000018.SH,上证180金融股指数,5712.0278,0.014196660013815
2021-03-18,2020-12-18,000018.SH,上证180金融股指数,5643.3905,-0.0120162755510398
2021-03-18,2020-12-21,000018.SH,上证180金融股指数,5636.4743,-0.0012255398594162
2021-03-18,2020-12-22,000018.SH,上证180金融股指数,5477.5007,-0.0282044397860557
2021-03-18,2020-12-23,000018.SH,上证180金融股指数,5506.758,0.00534135942693714
2021-03-18,2020-12-24,000018.SH,上证180金融股指数,5498.2236,-0.00154980480347955
2021-03-18,2020-12-25,000018.SH,上证180金融股指数,5503.9364,0.0010390264957576
2021-03-18,2020-12-28,000018.SH,上证180金融股指数,5518.9669,0.00273086367785802
2021-03-18,2020-12-29,000018.SH,上证180金融股指数,5534.956,0.00289711829944106
2021-03-18,2020-12-30,000018.SH,上证180金融股指数,5573.0738,0.00688673947904905
2021-03-18,2020-12-31,000018.SH,上证180金融股指数,5695.4867,0.0219650599279702
2021-03-18,2021-01-04,000018.SH,上证180金融股指数,5633.0799,-0.0109572374209918
2021-03-18,2021-01-05,000018.SH,上证180金融股指数,5578.7204,-0.00965004952264203
2021-03-18,2021-01-06,000018.SH,上证180金融股指数,5660.6853,0.0146924194300901
2021-03-18,2021-01-07,000018.SH,上证180金融股指数,5720.9313,0.0106428809953452
2021-03-18,2021-01-08,000018.SH,上证180金融股指数,5725.7524,0.000842712444388161
2021-03-18,2021-01-11,000018.SH,上证180金融股指数,5697.2623,-0.00497578274603705
2021-03-18,2021-01-12,000018.SH,上证180金融股指数,5891.2792,0.034054408904431
2021-03-18,2021-01-13,000018.SH,上证180金融股指数,5840.7308,-0.0085802078434849
2021-03-18,2021-01-14,000018.SH,上证180金融股指数,5782.2858,-0.0100064533020424
2021-03-18,2021-01-15,000018.SH,上证180金融股指数,5893.2412,0.0191888474277768
2021-03-18,2021-01-18,000018.SH,上证180金融股指数,5953.5778,0.0102382709195747
2021-03-18,2021-01-19,000018.SH,上证180金融股指数,5964.2732,0.00179646598386607
2021-03-18,2021-01-20,000018.SH,上证180金融股指数,5900.8826,-0.0106283863723747
2021-03-18,2021-01-21,000018.SH,上证180金融股指数,5925.4305,0.0041600387033629
2021-03-18,2021-01-22,000018.SH,上证180金融股指数,5807.9023,-0.0198345419796926
2021-03-18,2021-01-25,000018.SH,上证180金融股指数,5817.8065,0.00170529728091329
2021-03-18,2021-01-26,000018.SH,上证180金融股指数,5718.6449,-0.0170444995033781
2021-03-18,2021-01-27,000018.SH,上证180金融股指数,5750.7766,0.00561876118588867
2021-03-18,2021-01-28,000018.SH,上证180金融股指数,5693.7174,-0.00992199905661428
2021-03-18,2021-01-29,000018.SH,上证180金融股指数,5654.301,-0.00692278826483383
2021-03-18,2021-02-01,000018.SH,上证180金融股指数,5713.6148,0.0104900322780834
2021-03-18,2021-02-02,000018.SH,上证180金融股指数,5673.2064,-0.00707230035878514
2021-03-18,2021-02-03,000018.SH,上证180金融股指数,5689.1547,0.00281116160342765
2021-03-18,2021-02-04,000018.SH,上证180金融股指数,5688.5456,-0.000107063356881376
2021-03-18,2021-02-05,000018.SH,上证180金融股指数,5772.9381,0.0148355143711953
2021-03-18,2021-02-08,000018.SH,上证180金融股指数,5779.2237,0.00108880432998215
2021-03-18,2021-02-09,000018.SH,上证180金融股指数,5811.6673,0.00561383356730083
2021-03-18,2021-02-10,000018.SH,上证180金融股指数,5815.7467,0.000701932817110729
2021-03-18,2021-02-18,000018.SH,上证180金融股指数,5926.5514,0.0190525319818349
2021-03-18,2021-02-19,000018.SH,上证180金融股指数,5973.4679,0.00791632381691643
2021-03-18,2021-02-22,000018.SH,上证180金融股指数,5891.3435,-0.0137481947463047
2021-03-18,2021-02-23,000018.SH,上证180金融股指数,5943.5066,0.00885419429371237
2021-03-18,2021-02-24,000018.SH,上证180金融股指数,5859.3118,-0.0141658461353437
2021-03-18,2021-02-25,000018.SH,上证180金融股指数,5974.118,0.0195938028080362
2021-03-18,2021-02-26,000018.SH,上证180金融股指数,5794.7852,-0.0300182888921846
2021-03-18,2021-03-01,000018.SH,上证180金融股指数,5754.2392,-0.00699698066461552
2021-03-18,2021-03-02,000018.SH,上证180金融股指数,5696.1278,-0.010098885009855
2021-03-18,2021-03-03,000018.SH,上证180金融股指数,5898.3015,0.0354931818769937
2021-03-18,2021-03-04,000018.SH,上证180金融股指数,5845.3594,-0.00897582125973029
2021-03-18,2021-03-05,000018.SH,上证180金融股指数,5826.9772,-0.00314475103104872
2021-03-18,2021-03-08,000018.SH,上证180金融股指数,5756.1809,-0.0121497472137011
2021-03-18,2021-03-09,000018.SH,上证180金融股指数,5656.1567,-0.0173768340046437
2021-03-18,2021-03-10,000018.SH,上证180金融股指数,5628.9803,-0.00480474665774366
2021-03-18,2021-03-11,000018.SH,上证180金融股指数,5783.997,0.0275390375766638
2021-03-18,2021-03-12,000018.SH,上证180金融股指数,5811.2977,0.00472004048411501
2021-03-18,2021-03-15,000018.SH,上证180金融股指数,5794.8328,-0.00283325701934012
2021-03-18,2021-03-16,000018.SH,上证180金融股指数,5852.6339,0.0099745932272628
2021-03-18,2021-03-17,000018.SH,上证180金融股指数,5772.1069,-0.013759104255607
2021-03-18,2021-03-18,000018.SH,上证180金融股指数,5760.6152,-0.00199090214354825
2021-03-18,2021-03-19,000018.SH,上证180金融股指数,5632.6374,-0.0222159952638393
2021-03-18,2020-12-16,000300.SH,沪深300指数,4953.867,0.00177286606944249
2021-03-18,2020-12-17,000300.SH,沪深300指数,5017.4784,0.0128407565241457
2021-03-18,2020-12-18,000300.SH,沪深300指数,4999.9678,-0.00348992035521256
2021-03-18,2020-12-21,000300.SH,沪深300指数,5046.8396,0.00937442037126712
2021-03-18,2020-12-22,000300.SH,沪深300指数,4964.7727,-0.0162610478050461
2021-03-18,2020-12-23,000300.SH,沪深300指数,5007.1235,0.00853025960282117
2021-03-18,2020-12-24,000300.SH,沪深300指数,5000.0154,-0.00141959749944243
2021-03-18,2020-12-25,000300.SH,沪深300指数,5042.0137,0.00839963412912703
2021-03-18,2020-12-28,000300.SH,沪深300指数,5064.4147,0.00444286773754698
2021-03-18,2020-12-29,000300.SH,沪深300指数,5042.9361,-0.00424108239003418
2021-03-18,2020-12-30,000300.SH,沪深300指数,5113.7105,0.0140343638302298
2021-03-18,2020-12-31,000300.SH,沪深300指数,5211.2885,0.0190816433585748
2021-03-18,2021-01-04,000300.SH,沪深300指数,5267.7181,0.0108283392869153
2021-03-18,2021-01-05,000300.SH,沪深300指数,5368.5049,0.0191329144966963
2021-03-18,2021-01-06,000300.SH,沪深300指数,5417.6677,0.00915763344092313
2021-03-18,2021-01-07,000300.SH,沪深300指数,5513.6568,0.0177177902587122
2021-03-18,2021-01-08,000300.SH,沪深300指数,5495.4306,-0.00330564644502362
2021-03-18,2021-01-11,000300.SH,沪深300指数,5441.1583,-0.00987589580332426
2021-03-18,2021-01-12,000300.SH,沪深300指数,5596.3525,0.0285222725462702
2021-03-18,2021-01-13,000300.SH,沪深300指数,5577.9711,-0.0032845322020012
2021-03-18,2021-01-14,000300.SH,沪深300指数,5470.4563,-0.0192748936974593
2021-03-18,2021-01-15,000300.SH,沪深300指数,5458.0812,-0.00226216961097014
2021-03-18,2021-01-18,000300.SH,沪深300指数,5518.5205,0.0110733603596809
2021-03-18,2021-01-19,000300.SH,沪深300指数,5437.5234,-0.0146773215755925
2021-03-18,2021-01-20,000300.SH,沪深300指数,5476.4336,0.0071558680556667
2021-03-18,2021-01-21,000300.SH,沪深300指数,5564.9693,0.0161666709516937
2021-03-18,2021-01-22,000300.SH,沪深300指数,5569.776,0.000863742410941892
2021-03-18,2021-01-25,000300.SH,沪深300指数,5625.9232,0.0100806926526309
2021-03-18,2021-01-26,000300.SH,沪深300指数,5512.9678,-0.0200776647644247
2021-03-18,2021-01-27,000300.SH,沪深300指数,5528.0034,0.00272731504072987
2021-03-18,2021-01-28,000300.SH,沪深300指数,5377.1427,-0.0272902690327577
2021-03-18,2021-01-29,000300.SH,沪深300指数,5351.9646,-0.00468243106138877
2021-03-18,2021-02-01,000300.SH,沪深300指数,5417.6484,0.0122728390243836
2021-03-18,2021-02-02,000300.SH,沪深300指数,5501.0915,0.0154020884780932
2021-03-18,2021-02-03,000300.SH,沪深300指数,5485.2008,-0.00288864491710428
2021-03-18,2021-02-04,000300.SH,沪深300指数,5473.9475,-0.00205157484845397
2021-03-18,2021-02-05,000300.SH,沪深300指数,5483.414,0.0017293735462387
2021-03-18,2021-02-08,000300.SH,沪深300指数,5564.5618,0.0147987731730634
2021-03-18,2021-02-09,000300.SH,沪深300指数,5686.2502,0.021868460513818
2021-03-18,2021-02-10,000300.SH,沪深300指数,5807.7191,0.0213618633946147
2021-03-18,2021-02-18,000300.SH,沪深300指数,5768.3814,-0.00677334756083503
2021-03-18,2021-02-19,000300.SH,沪深300指数,5778.842,0.00181343764821085
2021-03-18,2021-02-22,000300.SH,沪深300指数,5597.3327,-0.0314092858050107
2021-03-18,2021-02-23,000300.SH,沪深300指数,5579.6681,-0.00315589602168909
2021-03-18,2021-02-24,000300.SH,沪深300指数,5437.5683,-0.0254674287884614
2021-03-18,2021-02-25,000300.SH,沪深300指数,5469.5584,0.00588316288367352
2021-03-18,2021-02-26,000300.SH,沪深300指数,5336.7609,-0.0242793824086419
2021-03-18,2021-03-01,000300.SH,沪深300指数,5418.7837,0.0153693975684763
2021-03-18,2021-03-02,000300.SH,沪深300指数,5349.6301,-0.0127618306669077
2021-03-18,2021-03-03,000300.SH,沪深300指数,5452.2125,0.0191756061788271
2021-03-18,2021-03-04,000300.SH,沪深300指数,5280.7058,-0.0314563491426646
2021-03-18,2021-03-05,000300.SH,沪深300指数,5262.7958,-0.00339159208604267
2021-03-18,2021-03-08,000300.SH,沪深300指数,5080.0246,-0.034728917280051
2021-03-18,2021-03-09,000300.SH,沪深300指数,4970.9994,-0.0214615496153306
2021-03-18,2021-03-10,000300.SH,沪深300指数,5003.6121,0.00656059222215966
2021-03-18,2021-03-11,000300.SH,沪深300指数,5128.2156,0.0249027097843977
2021-03-18,2021-03-12,000300.SH,沪深300指数,5146.3786,0.0035417777676896
2021-03-18,2021-03-15,000300.SH,沪深300指数,5035.5441,-0.0215364062022176
2021-03-18,2021-03-16,000300.SH,沪深300指数,5079.3624,0.00870180046680558
2021-03-18,2021-03-17,000300.SH,沪深300指数,5100.8581,0.00423196816986326
2021-03-18,2021-03-18,000300.SH,沪深300指数,5141.7681,0.00802021918625817
2021-03-18,2021-03-19,000300.SH,沪深300指数,5007.0907,-0.0261928187698703
2021-03-18,2020-12-16,000819.SH,中证申万有色金属指数,4624.1735,-0.00109452084394934
2021-03-18,2020-12-17,000819.SH,中证申万有色金属指数,4804.3093,0.0389552424881983
2021-03-18,2020-12-18,000819.SH,中证申万有色金属指数,4903.8763,0.0207245191311891
2021-03-18,2020-12-21,000819.SH,中证申万有色金属指数,5055.2681,0.0308718635500655
2021-03-18,2020-12-22,000819.SH,中证申万有色金属指数,4813.2492,-0.0478745924474312
2021-03-18,2020-12-23,000819.SH,中证申万有色金属指数,4899.047,0.0178253392739356
2021-03-18,2020-12-24,000819.SH,中证申万有色金属指数,4914.6791,0.00319084507660383
2021-03-18,2020-12-25,000819.SH,中证申万有色金属指数,5161.8946,0.0503014530490911
2021-03-18,2020-12-28,000819.SH,中证申万有色金属指数,5190.0635,0.00545708546625501
2021-03-18,2020-12-29,000819.SH,中证申万有色金属指数,4928.5695,-0.0503835839388094
2021-03-18,2020-12-30,000819.SH,中证申万有色金属指数,5067.0029,0.0280879472228202
2021-03-18,2020-12-31,000819.SH,中证申万有色金属指数,5154.768,0.0173209097630473
2021-03-18,2021-01-04,000819.SH,中证申万有色金属指数,5449.337,0.0571449578332139
2021-03-18,2021-01-05,000819.SH,中证申万有色金属指数,5508.7168,0.0108967017455517
2021-03-18,2021-01-06,000819.SH,中证申万有色金属指数,5535.7058,0.00489932610077171
2021-03-18,2021-01-07,000819.SH,中证申万有色金属指数,5752.1093,0.039092305086011
2021-03-18,2021-01-08,000819.SH,中证申万有色金属指数,5731.4053,-0.00359937527612697
2021-03-18,2021-01-11,000819.SH,中证申万有色金属指数,5486.2814,-0.0427685510218585
2021-03-18,2021-01-12,000819.SH,中证申万有色金属指数,5612.4535,0.0229977448841761
2021-03-18,2021-01-13,000819.SH,中证申万有色金属指数,5435.9306,-0.0314520022303971
2021-03-18,2021-01-14,000819.SH,中证申万有色金属指数,5326.9045,-0.0200565658435743
2021-03-18,2021-01-15,000819.SH,中证申万有色金属指数,5383.048,0.0105396107626858
2021-03-18,2021-01-18,000819.SH,中证申万有色金属指数,5464.8867,0.0152030411023643
2021-03-18,2021-01-19,000819.SH,中证申万有色金属指数,5272.7418,-0.0351599055109414
2021-03-18,2021-01-20,000819.SH,中证申万有色金属指数,5431.6244,0.0301328238754266
2021-03-18,2021-01-21,000819.SH,中证申万有色金属指数,5625.3389,0.035664192833363
2021-03-18,2021-01-22,000819.SH,中证申万有色金属指数,5678.0456,0.00936951549710208
2021-03-18,2021-01-25,000819.SH,中证申万有色金属指数,5758.7526,0.0142138696455696
2021-03-18,2021-01-26,000819.SH,中证申万有色金属指数,5654.4643,-0.0181095294838678
2021-03-18,2021-01-27,000819.SH,中证申万有色金属指数,5619.6631,-0.00615464138662969
2021-03-18,2021-01-28,000819.SH,中证申万有色金属指数,5412.2173,-0.0369142769430429
2021-03-18,2021-01-29,000819.SH,中证申万有色金属指数,5346.1063,-0.0122151414726086
2021-03-18,2021-02-01,000819.SH,中证申万有色金属指数,5407.0984,0.0114086957081267
2021-03-18,2021-02-02,000819.SH,中证申万有色金属指数,5566.0213,0.0293915309549388
2021-03-18,2021-02-03,000819.SH,中证申万有色金属指数,5596.4663,0.00546979581267504
2021-03-18,2021-02-04,000819.SH,中证申万有色金属指数,5366.792,-0.04103916430266
2021-03-18,2021-02-05,000819.SH,中证申万有色金属指数,5098.6691,-0.0499596220610004
2021-03-18,2021-02-08,000819.SH,中证申万有色金属指数,5307.6518,0.0409876961813427
2021-03-18,2021-02-09,000819.SH,中证申万有色金属指数,5572.533,0.0499055344964416
2021-03-18,2021-02-10,000819.SH,中证申万有色金属指数,5722.1157,0.0268428558431149
2021-03-18,2021-02-18,000819.SH,中证申万有色金属指数,6097.2187,0.065553200890363
2021-03-18,2021-02-19,000819.SH,中证申万有色金属指数,6182.6264,0.0140076490941681
2021-03-18,2021-02-22,000819.SH,中证申万有色金属指数,6478.979,0.047933124343402
2021-03-18,2021-02-23,000819.SH,中证申万有色金属指数,6389.0098,-0.0138863237556412
2021-03-18,2021-02-24,000819.SH,中证申万有色金属指数,6105.4095,-0.0443887721067512
2021-03-18,2021-02-25,000819.SH,中证申万有色金属指数,6035.9593,-0.0113751911317331
2021-03-18,2021-02-26,000819.SH,中证申万有色金属指数,5766.0966,-0.044709164954111
2021-03-18,2021-03-01,000819.SH,中证申万有色金属指数,5980.2866,0.0371464466967135
2021-03-18,2021-03-02,000819.SH,中证申万有色金属指数,5778.9924,-0.0336596242728568
2021-03-18,2021-03-03,000819.SH,中证申万有色金属指数,5994.7622,0.0373369239938783
2021-03-18,2021-03-04,000819.SH,中证申万有色金属指数,5758.8455,-0.039353804559587
2021-03-18,2021-03-05,000819.SH,中证申万有色金属指数,5563.3924,-0.0339396325183582
2021-03-18,2021-03-08,000819.SH,中证申万有色金属指数,5408.0487,-0.0279224776594942
2021-03-18,2021-03-09,000819.SH,中证申万有色金属指数,5319.9126,-0.0162972090099708
2021-03-18,2021-03-10,000819.SH,中证申万有色金属指数,5315.7721,-0.000778302260078356
2021-03-18,2021-03-11,000819.SH,中证申万有色金属指数,5643.3093,0.0616161102918613
2021-03-18,2021-03-12,000819.SH,中证申万有色金属指数,5576.252,-0.0118826200080863
2021-03-18,2021-03-15,000819.SH,中证申万有色金属指数,5588.2007,0.00214278336057983
2021-03-18,2021-03-16,000819.SH,中证申万有色金属指数,5470.2465,-0.0211077243521336
2021-03-18,2021-03-17,000819.SH,中证申万有色金属指数,5500.399,0.00551209163974598
2021-03-18,2021-03-18,000819.SH,中证申万有色金属指数,5500.785,7.01767271791276e-05
2021-03-18,2021-03-19,000819.SH,中证申万有色金属指数,5382.9072,-0.0214292687316447
2021-03-18,2020-12-16,000905.SH,中证小盘500指数,6235.4352,-0.00481147648872016
2021-03-18,2020-12-17,000905.SH,中证小盘500指数,6308.9013,0.0117820324714466
2021-03-18,2020-12-18,000905.SH,中证小盘500指数,6291.918,-0.00269195842388603
2021-03-18,2020-12-21,000905.SH,中证小盘500指数,6398.5987,0.0169551955381491
2021-03-18,2020-12-22,000905.SH,中证小盘500指数,6250.0606,-0.0232141609380816
2021-03-18,2020-12-23,000905.SH,中证小盘500指数,6307.604,0.00920685473033656
2021-03-18,2020-12-24,000905.SH,中证小盘500指数,6205.2247,-0.0162310918694326
2021-03-18,2020-12-25,000905.SH,中证小盘500指数,6278.4981,0.0118083395110575
2021-03-18,2020-12-28,000905.SH,中证小盘500指数,6244.4818,-0.00541790400478104
2021-03-18,2020-12-29,000905.SH,中证小盘500指数,6199.8523,-0.00714703019872687
2021-03-18,2020-12-30,000905.SH,中证小盘500指数,6269.2484,0.0111931860054151
2021-03-18,2020-12-31,000905.SH,中证小盘500指数,6367.1149,0.0156105634608448
2021-03-18,2021-01-04,000905.SH,中证小盘500指数,6482.7868,0.0181670822368858
2021-03-18,2021-01-05,000905.SH,中证小盘500指数,6539.7315,0.00878398469004105
2021-03-18,2021-01-06,000905.SH,中证小盘500指数,6528.1425,-0.00177209110190535
2021-03-18,2021-01-07,000905.SH,中证小盘500指数,6538.1162,0.00152780059565183
2021-03-18,2021-01-08,000905.SH,中证小盘500指数,6557.5964,0.00297948207160958
2021-03-18,2021-01-11,000905.SH,中证小盘500指数,6455.3987,-0.0155846279286113
2021-03-18,2021-01-12,000905.SH,中证小盘500指数,6543.2286,0.0136056507245634
2021-03-18,2021-01-13,000905.SH,中证小盘500指数,6496.9131,-0.00707838634890434
2021-03-18,2021-01-14,000905.SH,中证小盘500指数,6439.8854,-0.00877766088636767
2021-03-18,2021-01-15,000905.SH,中证小盘500指数,6417.5011,-0.00347588483484496
2021-03-18,2021-01-18,000905.SH,中证小盘500指数,6514.4644,0.0151091988126031
2021-03-18,2021-01-19,000905.SH,中证小盘500指数,6476.3736,-0.00584711154458073
2021-03-18,2021-01-20,000905.SH,中证小盘500指数,6535.4185,0.00911696941016493
2021-03-18,2021-01-21,000905.SH,中证小盘500指数,6622.4959,0.0133239210312239
2021-03-18,2021-01-22,000905.SH,中证小盘500指数,6637.8052,0.00231171151045939
2021-03-18,2021-01-25,000905.SH,中证小盘500指数,6645.3137,0.00113117209284774
2021-03-18,2021-01-26,000905.SH,中证小盘500指数,6532.961,-0.0169070573748835
2021-03-18,2021-01-27,000905.SH,中证小盘500指数,6557.1608,0.00370426212555053
2021-03-18,2021-01-28,000905.SH,中证小盘500指数,6414.3811,-0.0217746223334954
2021-03-18,2021-01-29,000905.SH,中证小盘500指数,6346.1371,-0.0106392181780406
2021-03-18,2021-02-01,000905.SH,中证小盘500指数,6393.278,0.00742828263196516
2021-03-18,2021-02-02,000905.SH,中证小盘500指数,6454.7853,0.00962062028274069
2021-03-18,2021-02-03,000905.SH,中证小盘500指数,6399.3315,-0.00859111456425965
2021-03-18,2021-02-04,000905.SH,中证小盘500指数,6328.7881,-0.0110235576950499
2021-03-18,2021-02-05,000905.SH,中证小盘500指数,6239.8709,-0.0140496408783223
2021-03-18,2021-02-08,000905.SH,中证小盘500指数,6323.1622,0.0133482409067149
2021-03-18,2021-02-09,000905.SH,中证小盘500指数,6457.8814,0.0213056688629623
2021-03-18,2021-02-10,000905.SH,中证小盘500指数,6525.1658,0.0104189587625438
2021-03-18,2021-02-18,000905.SH,中证小盘500指数,6614.5443,0.0136975063530187
2021-03-18,2021-02-19,000905.SH,中证小盘500指数,6703.4821,0.013445793990676
2021-03-18,2021-02-22,000905.SH,中证小盘500指数,6657.056,-0.00692566927269045
2021-03-18,2021-02-23,000905.SH,中证小盘500指数,6631.2286,-0.00387970297981555
2021-03-18,2021-02-24,000905.SH,中证小盘500指数,6536.1861,-0.0143325627471206
2021-03-18,2021-02-25,000905.SH,中证小盘500指数,6499.1528,-0.00566588824635827
2021-03-18,2021-02-26,000905.SH,中证小盘500指数,6364.3529,-0.0207411495233656
2021-03-18,2021-03-01,000905.SH,中证小盘500指数,6488.4388,0.0194970175208229
2021-03-18,2021-03-02,000905.SH,中证小盘500指数,6433.3282,-0.00849366106373695
2021-03-18,2021-03-03,000905.SH,中证小盘500指数,6524.7513,0.0142108558988177
2021-03-18,2021-03-04,000905.SH,中证小盘500指数,6401.9917,-0.0188144489124054
2021-03-18,2021-03-05,000905.SH,中证小盘500指数,6403.4964,0.000235036230990415
2021-03-18,2021-03-08,000905.SH,中证小盘500指数,6256.4092,-0.0229698262967712
2021-03-18,2021-03-09,000905.SH,中证小盘500指数,6108.0027,-0.0237207150708748
2021-03-18,2021-03-10,000905.SH,中证小盘500指数,6062.2552,-0.0074897642072097
2021-03-18,2021-03-11,000905.SH,中证小盘500指数,6213.8319,0.0250033518879245
2021-03-18,2021-03-12,000905.SH,中证小盘500指数,6222.3802,0.00137568896899176
2021-03-18,2021-03-15,000905.SH,中证小盘500指数,6173.8721,-0.00779574671441641
2021-03-18,2021-03-16,000905.SH,中证小盘500指数,6195.2438,0.00346163633678143
2021-03-18,2021-03-17,000905.SH,中证小盘500指数,6225.3588,0.0048609870688221
2021-03-18,2021-03-18,000905.SH,中证小盘500指数,6273.8556,0.00779020158645305
2021-03-18,2021-03-19,000905.SH,中证小盘500指数,6206.6023,-0.0107196123544827
2021-03-18,2020-12-16,000913.SH,沪深300医药卫生指数,15864.3419,0.008416594665553
2021-03-18,2020-12-17,000913.SH,沪深300医药卫生指数,16383.6183,0.0327323001025337
2021-03-18,2020-12-18,000913.SH,沪深300医药卫生指数,16391.0323,0.00045252519097061
2021-03-18,2020-12-21,000913.SH,沪深300医药卫生指数,16584.0578,0.0117762869639395
2021-03-18,2020-12-22,000913.SH,沪深300医药卫生指数,16486.4205,-0.00588741918157076
2021-03-18,2020-12-23,000913.SH,沪深300医药卫生指数,16448.9485,-0.0022729009004715
2021-03-18,2020-12-24,000913.SH,沪深300医药卫生指数,16545.2036,0.00585174790960052
2021-03-18,2020-12-25,000913.SH,沪深300医药卫生指数,16959.6427,0.0250488969504128
2021-03-18,2020-12-28,000913.SH,沪深300医药卫生指数,16710.9734,-0.0146624138490843
2021-03-18,2020-12-29,000913.SH,沪深300医药卫生指数,16497.8848,-0.0127514175804982
2021-03-18,2020-12-30,000913.SH,沪深300医药卫生指数,16797.6163,0.0181678744659437
2021-03-18,2020-12-31,000913.SH,沪深300医药卫生指数,16952.0859,0.00919592382878731
2021-03-18,2021-01-04,000913.SH,沪深300医药卫生指数,16964.7254,0.000745601460172107
2021-03-18,2021-01-05,000913.SH,沪深300医药卫生指数,17341.8867,0.0222320898869368
2021-03-18,2021-01-06,000913.SH,沪深300医药卫生指数,17658.3321,0.018247460929381
2021-03-18,2021-01-07,000913.SH,沪深300医药卫生指数,17892.2456,0.013246636130487
2021-03-18,2021-01-08,000913.SH,沪深300医药卫生指数,17863.1582,-0.00162569867697304
2021-03-18,2021-01-11,000913.SH,沪深300医药卫生指数,17513.4511,-0.0195770029064627
2021-03-18,2021-01-12,000913.SH,沪深300医药卫生指数,17851.8013,0.0193194475530869
2021-03-18,2021-01-13,000913.SH,沪深300医药卫生指数,17547.9931,-0.0170183498513397
2021-03-18,2021-01-14,000913.SH,沪深300医药卫生指数,17232.3949,-0.0179848600464745
2021-03-18,2021-01-15,000913.SH,沪深300医药卫生指数,17189.8364,-0.00246967993984393
2021-03-18,2021-01-18,000913.SH,沪深300医药卫生指数,17218.4659,0.00166548996359261
2021-03-18,2021-01-19,000913.SH,沪深300医药卫生指数,16889.3346,-0.0191150188356792
2021-03-18,2021-01-20,000913.SH,沪深300医药卫生指数,17492.7645,0.0357284590714428
2021-03-18,2021-01-21,000913.SH,沪深300医药卫生指数,17858.8026,0.0209251144951959
2021-03-18,2021-01-22,000913.SH,沪深300医药卫生指数,18664.5344,0.0451167873931257
2021-03-18,2021-01-25,000913.SH,沪深300医药卫生指数,18750.4336,0.00460226856770674
2021-03-18,2021-01-26,000913.SH,沪深300医药卫生指数,18180.6776,-0.0303862839737211
2021-03-18,2021-01-27,000913.SH,沪深300医药卫生指数,18081.5608,-0.00545176600018471
2021-03-18,2021-01-28,000913.SH,沪深300医药卫生指数,17555.5657,-0.0290901380593206
2021-03-18,2021-01-29,000913.SH,沪深300医药卫生指数,17463.4195,-0.00524883114418806
2021-03-18,2021-02-01,000913.SH,沪深300医药卫生指数,17854.1066,0.0223717411129016
2021-03-18,2021-02-02,000913.SH,沪深300医药卫生指数,18227.7062,0.0209251355091609
2021-03-18,2021-02-03,000913.SH,沪深300医药卫生指数,18389.8405,0.00889493709307199
2021-03-18,2021-02-04,000913.SH,沪深300医药卫生指数,18167.5859,-0.0120857274428237
2021-03-18,2021-02-05,000913.SH,沪深300医药卫生指数,18699.1352,0.0292581140348429
2021-03-18,2021-02-08,000913.SH,沪深300医药卫生指数,19138.3447,0.0234882252736479
2021-03-18,2021-02-09,000913.SH,沪深300医药卫生指数,19541.5661,0.0210687709057722
2021-03-18,2021-02-10,000913.SH,沪深300医药卫生指数,20071.9604,0.0271418522592208
2021-03-18,2021-02-18,000913.SH,沪深300医药卫生指数,19214.0763,-0.0427404240992822
2021-03-18,2021-02-19,000913.SH,沪深300医药卫生指数,19192.2351,-0.00113672911770413
2021-03-18,2021-02-22,000913.SH,沪深300医药卫生指数,18203.6967,-0.0515072056406812
2021-03-18,2021-02-23,000913.SH,沪深300医药卫生指数,18123.2901,-0.00441704788456521
2021-03-18,2021-02-24,000913.SH,沪深300医药卫生指数,17323.9672,-0.0441047346033488
2021-03-18,2021-02-25,000913.SH,沪深300医药卫生指数,17343.7241,0.00114043739357816
2021-03-18,2021-02-26,000913.SH,沪深300医药卫生指数,17074.7798,-0.0155067215350825
2021-03-18,2021-03-01,000913.SH,沪深300医药卫生指数,17300.1327,0.0131979974347896
2021-03-18,2021-03-02,000913.SH,沪深300医药卫生指数,16905.9343,-0.0227858599026814
2021-03-18,2021-03-03,000913.SH,沪深300医药卫生指数,17255.9309,0.0207025884396108
2021-03-18,2021-03-04,000913.SH,沪深300医药卫生指数,16558.3871,-0.0404234233459987
2021-03-18,2021-03-05,000913.SH,沪深300医药卫生指数,16570.741,0.000746081120425179
2021-03-18,2021-03-08,000913.SH,沪深300医药卫生指数,15517.8769,-0.0635375388463317
2021-03-18,2021-03-09,000913.SH,沪深300医药卫生指数,15057.2514,-0.0296835387320284
2021-03-18,2021-03-10,000913.SH,沪深300医药卫生指数,15453.3684,0.0263073910023179
2021-03-18,2021-03-11,000913.SH,沪深300医药卫生指数,15873.8142,0.0272073886493251
2021-03-18,2021-03-12,000913.SH,沪深300医药卫生指数,15912.6114,0.00244410067493406
2021-03-18,2021-03-15,000913.SH,沪深300医药卫生指数,15244.9552,-0.0419576764125591
2021-03-18,2021-03-16,000913.SH,沪深300医药卫生指数,15391.3021,0.00959969367440316
2021-03-18,2021-03-17,000913.SH,沪深300医药卫生指数,15466.4125,0.00488005494999677
2021-03-18,2021-03-18,000913.SH,沪深300医药卫生指数,15816.1101,0.022610130177247
2021-03-18,2021-03-19,000913.SH,沪深300医药卫生指数,15410.2463,-0.0256614172153492
2021-03-18,2020-12-16,000928.SH,中证能源指数,1548.5897,-0.000894594323797127
2021-03-18,2020-12-17,000928.SH,中证能源指数,1578.4332,0.0192714054600776
2021-03-18,2020-12-18,000928.SH,中证能源指数,1618.8977,0.0256358647296573
2021-03-18,2020-12-21,000928.SH,中证能源指数,1610.8022,-0.00500062480785535
2021-03-18,2020-12-22,000928.SH,中证能源指数,1542.4172,-0.0424540021114945
2021-03-18,2020-12-23,000928.SH,中证能源指数,1558.2898,0.0102907306790925
2021-03-18,2020-12-24,000928.SH,中证能源指数,1555.8921,-0.00153867400017638
2021-03-18,2020-12-25,000928.SH,中证能源指数,1585.1515,0.0188055457059007
2021-03-18,2020-12-28,000928.SH,中证能源指数,1578.371,-0.00427750912136782
2021-03-18,2020-12-29,000928.SH,中证能源指数,1547.1239,-0.0197970565855556
2021-03-18,2020-12-30,000928.SH,中证能源指数,1560.9539,0.00893916770337522
2021-03-18,2020-12-31,000928.SH,中证能源指数,1563.8951,0.00188423245555169
2021-03-18,2021-01-04,000928.SH,中证能源指数,1578.6548,0.00943778134479745
2021-03-18,2021-01-05,000928.SH,中证能源指数,1558.41,-0.012824082883731
2021-03-18,2021-01-06,000928.SH,中证能源指数,1580.7461,0.0143326210689099
2021-03-18,2021-01-07,000928.SH,中证能源指数,1608.6007,0.0176211726854805
2021-03-18,2021-01-08,000928.SH,中证能源指数,1623.9564,0.00954599858125138
2021-03-18,2021-01-11,000928.SH,中证能源指数,1578.9972,-0.0276849797198989
2021-03-18,2021-01-12,000928.SH,中证能源指数,1608.9852,0.0189918006187726
2021-03-18,2021-01-13,000928.SH,中证能源指数,1624.7864,0.00982059996574236
2021-03-18,2021-01-14,000928.SH,中证能源指数,1614.1387,-0.00655329217428213
2021-03-18,2021-01-15,000928.SH,中证能源指数,1628.7931,0.00907877371380805
2021-03-18,2021-01-18,000928.SH,中证能源指数,1642.398,0.00835274903853644
2021-03-18,2021-01-19,000928.SH,中证能源指数,1643.096,0.000424988340219645
2021-03-18,2021-01-20,000928.SH,中证能源指数,1644.1442,0.000637942031384675
2021-03-18,2021-01-21,000928.SH,中证能源指数,1654.4557,0.00627165184173029
2021-03-18,2021-01-22,000928.SH,中证能源指数,1622.4569,-0.0193409832611414
2021-03-18,2021-01-25,000928.SH,中证能源指数,1601.1061,-0.0131595483368464
2021-03-18,2021-01-26,000928.SH,中证能源指数,1605.1796,0.00254417867747803
2021-03-18,2021-01-27,000928.SH,中证能源指数,1613.2482,0.00502660263063404
2021-03-18,2021-01-28,000928.SH,中证能源指数,1577.9578,-0.0218753692085323
2021-03-18,2021-01-29,000928.SH,中证能源指数,1545.8675,-0.0203366021575481
2021-03-18,2021-02-01,000928.SH,中证能源指数,1558.1794,0.00796439539611238
2021-03-18,2021-02-02,000928.SH,中证能源指数,1563.3332,0.0033075780619356
2021-03-18,2021-02-03,000928.SH,中证能源指数,1572.2668,0.00571445677735238
2021-03-18,2021-02-04,000928.SH,中证能源指数,1573.2157,0.000603523524124405
2021-03-18,2021-02-05,000928.SH,中证能源指数,1540.9011,-0.0205404764267226
2021-03-18,2021-02-08,000928.SH,中证能源指数,1571.6545,0.0199580622013964
2021-03-18,2021-02-09,000928.SH,中证能源指数,1607.6284,0.0228891909767699
2021-03-18,2021-02-10,000928.SH,中证能源指数,1610.1686,0.0015800915186619
2021-03-18,2021-02-18,000928.SH,中证能源指数,1707.4594,0.0604227408235385
2021-03-18,2021-02-19,000928.SH,中证能源指数,1727.1966,0.0115593963756913
2021-03-18,2021-02-22,000928.SH,中证能源指数,1782.3745,0.0319465080003052
2021-03-18,2021-02-23,000928.SH,中证能源指数,1751.5115,-0.0173156651422021
2021-03-18,2021-02-24,000928.SH,中证能源指数,1703.2767,-0.027538957066511
2021-03-18,2021-02-25,000928.SH,中证能源指数,1710.927,0.0044915191994348
2021-03-18,2021-02-26,000928.SH,中证能源指数,1653.0102,-0.0338511228123701
2021-03-18,2021-03-01,000928.SH,中证能源指数,1671.5795,0.0112336269915334
2021-03-18,2021-03-02,000928.SH,中证能源指数,1661.6775,-0.00592373859574136
2021-03-18,2021-03-03,000928.SH,中证能源指数,1714.2671,0.0316484997841038
2021-03-18,2021-03-04,000928.SH,中证能源指数,1705.2114,-0.00528254902634495
2021-03-18,2021-03-05,000928.SH,中证能源指数,1701.6175,-0.00210759792011705
2021-03-18,2021-03-08,000928.SH,中证能源指数,1707.2384,0.00330326880159615
2021-03-18,2021-03-09,000928.SH,中证能源指数,1669.4931,-0.0221089802103795
2021-03-18,2021-03-10,000928.SH,中证能源指数,1651.1318,-0.0109981287134399
2021-03-18,2021-03-11,000928.SH,中证能源指数,1688.7743,0.0227979983184867
2021-03-18,2021-03-12,000928.SH,中证能源指数,1712.2831,0.0139206287068674
2021-03-18,2021-03-15,000928.SH,中证能源指数,1740.5388,0.0165017688955758
2021-03-18,2021-03-16,000928.SH,中证能源指数,1704.2765,-0.0208339509581746
2021-03-18,2021-03-17,000928.SH,中证能源指数,1714.5373,0.0060206193067851
2021-03-18,2021-03-18,000928.SH,中证能源指数,1703.6175,-0.00636894863704618
2021-03-18,2021-03-19,000928.SH,中证能源指数,1670.9998,-0.0191461404922173
2021-03-18,2020-12-16,399324.SZ,深证红利指数,12911.7874,0.00332663583127069
2021-03-18,2020-12-17,399324.SZ,深证红利指数,13032.6072,0.00935732569450454
2021-03-18,2020-12-18,399324.SZ,深证红利指数,12998.35,-0.00262857611483913
2021-03-18,2020-12-21,399324.SZ,深证红利指数,13046.3003,0.00368895282862836
2021-03-18,2020-12-22,399324.SZ,深证红利指数,12912.721,-0.0102388644235026
2021-03-18,2020-12-23,399324.SZ,深证红利指数,12933.7011,0.00162476212411011
2021-03-18,2020-12-24,399324.SZ,深证红利指数,12940.4022,0.000518111555863898
2021-03-18,2020-12-25,399324.SZ,深证红利指数,12949.7579,0.000722983710660818
2021-03-18,2020-12-28,399324.SZ,深证红利指数,13226.7577,0.0213903458380484
2021-03-18,2020-12-29,399324.SZ,深证红利指数,13150.9105,-0.00573437585539205
2021-03-18,2020-12-30,399324.SZ,深证红利指数,13275.9554,0.00950845950932444
2021-03-18,2020-12-31,399324.SZ,深证红利指数,13488.6181,0.0160186362180759
2021-03-18,2021-01-04,399324.SZ,深证红利指数,13749.3153,0.0193271985363719
2021-03-18,2021-01-05,399324.SZ,深证红利指数,14322.1317,0.0416614491341252
2021-03-18,2021-01-06,399324.SZ,深证红利指数,14469.6893,0.0103027679880923
2021-03-18,2021-01-07,399324.SZ,深证红利指数,14730.018,0.0179913123635627
2021-03-18,2021-01-08,399324.SZ,深证红利指数,14547.4128,-0.0123968076617421
2021-03-18,2021-01-11,399324.SZ,深证红利指数,14266.5656,-0.0193056458808951
2021-03-18,2021-01-12,399324.SZ,深证红利指数,14648.612,0.0267791429774802
2021-03-18,2021-01-13,399324.SZ,深证红利指数,14601.7565,-0.00319863069620518
2021-03-18,2021-01-14,399324.SZ,深证红利指数,14177.5001,-0.0290551619594533
2021-03-18,2021-01-15,399324.SZ,深证红利指数,14171.2045,-0.000444055718962666
2021-03-18,2021-01-18,399324.SZ,深证红利指数,14331.6661,0.0113230741959867
2021-03-18,2021-01-19,399324.SZ,深证红利指数,14062.3066,-0.0187947094301897
2021-03-18,2021-01-20,399324.SZ,深证红利指数,14081.8795,0.00139186980889749
2021-03-18,2021-01-21,399324.SZ,深证红利指数,14353.9212,0.0193185646844942
2021-03-18,2021-01-22,399324.SZ,深证红利指数,14339.9873,-0.000970738225872347
2021-03-18,2021-01-25,399324.SZ,深证红利指数,14644.8104,0.0212568598299945
2021-03-18,2021-01-26,399324.SZ,深证红利指数,14397.1625,-0.0169102837958216
2021-03-18,2021-01-27,399324.SZ,深证红利指数,14412.7312,0.00108137280523168
2021-03-18,2021-01-28,399324.SZ,深证红利指数,13984.0063,-0.0297462634979275
2021-03-18,2021-01-29,399324.SZ,深证红利指数,13983.7237,-2.02088009642054e-05
2021-03-18,2021-02-01,399324.SZ,深证红利指数,14279.8169,0.0211741311793796
2021-03-18,2021-02-02,399324.SZ,深证红利指数,14609.5305,0.0230894837314055
2021-03-18,2021-02-03,399324.SZ,深证红利指数,14637.8411,0.00193781723512609
2021-03-18,2021-02-04,399324.SZ,深证红利指数,14592.1989,-0.00311809642475214
2021-03-18,2021-02-05,399324.SZ,深证红利指数,14662.8152,0.00483931863072407
2021-03-18,2021-02-08,399324.SZ,深证红利指数,14913.8587,0.017121098273134
2021-03-18,2021-02-09,399324.SZ,深证红利指数,15268.4189,0.0237738741617552
2021-03-18,2021-02-10,399324.SZ,深证红利指数,15662.6612,0.0258207678595981
2021-03-18,2021-02-18,399324.SZ,深证红利指数,15335.6783,-0.020876586413042
2021-03-18,2021-02-19,399324.SZ,深证红利指数,15527.8482,0.0125309031815046
2021-03-18,2021-02-22,399324.SZ,深证红利指数,14781.4523,-0.0480682120527169
2021-03-18,2021-02-23,399324.SZ,深证红利指数,14692.4183,-0.00602335942321452
2021-03-18,2021-02-24,399324.SZ,深证红利指数,14396.6985,-0.020127374130098
2021-03-18,2021-02-25,399324.SZ,深证红利指数,14514.4796,0.0081811187474683
2021-03-18,2021-02-26,399324.SZ,深证红利指数,14149.2096,-0.0251659039845976
2021-03-18,2021-03-01,399324.SZ,深证红利指数,14445.1556,0.0209160800049213
2021-03-18,2021-03-02,399324.SZ,深证红利指数,14300.3565,-0.0100240595539172
2021-03-18,2021-03-03,399324.SZ,深证红利指数,14528.8962,0.0159813987854078
2021-03-18,2021-03-04,399324.SZ,深证红利指数,13994.8586,-0.03675692858209
2021-03-18,2021-03-05,399324.SZ,深证红利指数,13846.6407,-0.0105908822830121
2021-03-18,2021-03-08,399324.SZ,深证红利指数,13275.7357,-0.0412305780419362
2021-03-18,2021-03-09,399324.SZ,深证红利指数,12982.0164,-0.0221245215058025
2021-03-18,2021-03-10,399324.SZ,深证红利指数,13144.3891,0.0125075100043781
2021-03-18,2021-03-11,399324.SZ,深证红利指数,13440.9767,0.022563817743344
2021-03-18,2021-03-12,399324.SZ,深证红利指数,13529.3438,0.00657445526261502
2021-03-18,2021-03-15,399324.SZ,深证红利指数,13192.4985,-0.0248973863758271
2021-03-18,2021-03-16,399324.SZ,深证红利指数,13399.1243,0.0156623705509611
2021-03-18,2021-03-17,399324.SZ,深证红利指数,13575.9641,0.013197862490163
2021-03-18,2021-03-18,399324.SZ,深证红利指数,13765.2514,0.0139428256148675
2021-03-18,2021-03-19,399324.SZ,深证红利指数,13321.5522,-0.0322332798077338
2021-03-18,2020-12-16,399330.SZ,深证100指数,6491.4311,0.0030341661337645
2021-03-18,2020-12-17,399330.SZ,深证100指数,6546.2314,0.00844194433489398
2021-03-18,2020-12-18,399330.SZ,深证100指数,6546.1507,-1.23277035394276e-05
2021-03-18,2020-12-21,399330.SZ,深证100指数,6683.8858,0.0210406246834494
2021-03-18,2020-12-22,399330.SZ,深证100指数,6598.5413,-0.0127686951204343
2021-03-18,2020-12-23,399330.SZ,深证100指数,6661.8443,0.00959348394167048
2021-03-18,2020-12-24,399330.SZ,深证100指数,6654.717,-0.00106986889501459
2021-03-18,2020-12-25,399330.SZ,深证100指数,6693.1446,0.00577449048547063
2021-03-18,2020-12-28,399330.SZ,深证100指数,6744.0669,0.00760812787460186
2021-03-18,2020-12-29,399330.SZ,深证100指数,6700.4005,-0.00647478749061636
2021-03-18,2020-12-30,399330.SZ,深证100指数,6838.2287,0.0205701435309724
2021-03-18,2020-12-31,399330.SZ,深证100指数,6967.4405,0.018895507253216
2021-03-18,2021-01-04,399330.SZ,深证100指数,7155.1407,0.0269396200799992
2021-03-18,2021-01-05,399330.SZ,深证100指数,7369.3526,0.0299381813693755
2021-03-18,2021-01-06,399330.SZ,深证100指数,7421.2463,0.00704182617072768
2021-03-18,2021-01-07,399330.SZ,深证100指数,7558.6728,0.0185179812722291
2021-03-18,2021-01-08,399330.SZ,深证100指数,7515.7341,-0.00568071950409077
2021-03-18,2021-01-11,399330.SZ,深证100指数,7412.6302,-0.0137184070947907
2021-03-18,2021-01-12,399330.SZ,深证100指数,7620.6692,0.0280654766779005
2021-03-18,2021-01-13,399330.SZ,深证100指数,7571.6704,-0.00642972404575703
2021-03-18,2021-01-14,399330.SZ,深证100指数,7366.592,-0.0270849613316502
2021-03-18,2021-01-15,399330.SZ,深证100指数,7359.1055,-0.00101627726905462
2021-03-18,2021-01-18,399330.SZ,深证100指数,7462.1414,0.0140011445684534
2021-03-18,2021-01-19,399330.SZ,深证100指数,7304.7427,-0.02109296669184
2021-03-18,2021-01-20,399330.SZ,深证100指数,7428.1753,0.016897597228168
2021-03-18,2021-01-21,399330.SZ,深证100指数,7599.4449,0.0230567525782543
2021-03-18,2021-01-22,399330.SZ,深证100指数,7666.2889,0.00879590560621057
2021-03-18,2021-01-25,399330.SZ,深证100指数,7744.7064,0.0102288735818448
2021-03-18,2021-01-26,399330.SZ,深证100指数,7555.8262,-0.0243882970179475
2021-03-18,2021-01-27,399330.SZ,深证100指数,7587.3241,0.00416869038094059
2021-03-18,2021-01-28,399330.SZ,深证100指数,7308.4532,-0.0367548421979232
2021-03-18,2021-01-29,399330.SZ,深证100指数,7275.2993,-0.00453637713654653
2021-03-18,2021-02-01,399330.SZ,深证100指数,7412.3576,0.0188388538187014
2021-03-18,2021-02-02,399330.SZ,深证100指数,7596.941,0.024902117512517
2021-03-18,2021-02-03,399330.SZ,深证100指数,7571.9143,-0.0032943128030084
2021-03-18,2021-02-04,399330.SZ,深证100指数,7534.7727,-0.00490517965846493
2021-03-18,2021-02-05,399330.SZ,深证100指数,7511.303,-0.00311485175923099
2021-03-18,2021-02-08,399330.SZ,深证100指数,7660.1996,0.0198230054093145
2021-03-18,2021-02-09,399330.SZ,深证100指数,7853.3941,0.0252205569160366
2021-03-18,2021-02-10,399330.SZ,深证100指数,8066.4588,0.0271302697008418
2021-03-18,2021-02-18,399330.SZ,深证100指数,7872.7393,-0.0240154328935518
2021-03-18,2021-02-19,399330.SZ,深证100指数,7863.9439,-0.00111719690756173
2021-03-18,2021-02-22,399330.SZ,深证100指数,7527.056,-0.0428395604398959
2021-03-18,2021-02-23,399330.SZ,深证100指数,7482.0727,-0.00597621433931139
2021-03-18,2021-02-24,399330.SZ,深证100指数,7244.5886,-0.0317404159946213
2021-03-18,2021-02-25,399330.SZ,深证100指数,7240.7387,-0.000531417339557416
2021-03-18,2021-02-26,399330.SZ,深证100指数,7066.481,-0.0240662876012913
2021-03-18,2021-03-01,399330.SZ,深证100指数,7246.1511,0.0254256821747629
2021-03-18,2021-03-02,399330.SZ,深证100指数,7189.83,-0.00777255390106346
2021-03-18,2021-03-03,399330.SZ,深证100指数,7277.7037,0.0122219440515283
2021-03-18,2021-03-04,399330.SZ,深证100指数,6980.3384,-0.0408597700947897
2021-03-18,2021-03-05,399330.SZ,深证100指数,6962.4452,-0.00256337142623342
2021-03-18,2021-03-08,399330.SZ,深证100指数,6642.5061,-0.045952117511819
2021-03-18,2021-03-09,399330.SZ,深证100指数,6453.8698,-0.0283983630816688
2021-03-18,2021-03-10,399330.SZ,深证100指数,6551.4129,0.0151138933729342
2021-03-18,2021-03-11,399330.SZ,深证100指数,6696.4773,0.0221424602928018
2021-03-18,2021-03-12,399330.SZ,深证100指数,6723.0941,0.00397474654323116
2021-03-18,2021-03-15,399330.SZ,深证100指数,6490.7813,-0.0345544471852626
2021-03-18,2021-03-16,399330.SZ,深证100指数,6566.4945,0.0116647282508193
2021-03-18,2021-03-17,399330.SZ,深证100指数,6662.6837,0.0146484855808529
2021-03-18,2021-03-18,399330.SZ,深证100指数,6758.355,0.0143592738763811
2021-03-18,2021-03-19,399330.SZ,深证100指数,6531.3833,-0.0335838676719408
2021-03-18,2020-12-16,399673.SZ,创业板50指数,2611.6144,0.001952215399049
2021-03-18,2020-12-17,399673.SZ,创业板50指数,2636.5869,0.00956209308694267
2021-03-18,2020-12-18,399673.SZ,创业板50指数,2643.4316,0.00259604566798077
2021-03-18,2020-12-21,399673.SZ,创业板50指数,2752.4861,0.0412548976111204
2021-03-18,2020-12-22,399673.SZ,创业板50指数,2685.7686,-0.0242389961569652
2021-03-18,2020-12-23,399673.SZ,创业板50指数,2716.9555,0.0116119087846958
2021-03-18,2020-12-24,399673.SZ,创业板50指数,2698.8366,-0.0066688247194332
2021-03-18,2020-12-25,399673.SZ,创业板50指数,2722.6127,0.00880975899022562
2021-03-18,2020-12-28,399673.SZ,创业板50指数,2721.4752,-0.000417797213683846
2021-03-18,2020-12-29,399673.SZ,创业板50指数,2684.9018,-0.0134388143606819
2021-03-18,2020-12-30,399673.SZ,创业板50指数,2784.0034,0.0369106981864289
2021-03-18,2020-12-31,399673.SZ,创业板50指数,2853.1836,0.0248491794226975
2021-03-18,2021-01-04,399673.SZ,创业板50指数,2963.7585,0.0387549192417902
2021-03-18,2021-01-05,399673.SZ,创业板50指数,2977.5142,0.00464130258926287
2021-03-18,2021-01-06,399673.SZ,创业板50指数,3008.3503,0.0103563234056112
2021-03-18,2021-01-07,399673.SZ,创业板50指数,3060.0548,0.0171869944799978
2021-03-18,2021-01-08,399673.SZ,创业板50指数,3048.985,-0.00361751691505652
2021-03-18,2021-01-11,399673.SZ,创业板50指数,2989.2935,-0.0195774987413844
2021-03-18,2021-01-12,399673.SZ,创业板50指数,3093.7052,0.0349285541884727
2021-03-18,2021-01-13,399673.SZ,创业板50指数,3052.8421,-0.0132084660167362
2021-03-18,2021-01-14,399673.SZ,创业板50指数,3001.8088,-0.0167166523286613
2021-03-18,2021-01-15,399673.SZ,创业板50指数,3003.695,0.000628354477473891
2021-03-18,2021-01-18,399673.SZ,创业板50指数,3070.2814,0.0221681628793868
2021-03-18,2021-01-19,399673.SZ,创业板50指数,2999.1203,-0.0231773869326766
2021-03-18,2021-01-20,399673.SZ,创业板50指数,3128.8304,0.0432493821604956
2021-03-18,2021-01-21,399673.SZ,创业板50指数,3210.3944,0.0260685270764438
2021-03-18,2021-01-22,399673.SZ,创业板50指数,3285.7056,0.0234585507624856
2021-03-18,2021-01-25,399673.SZ,创业板50指数,3276.8112,-0.00270699846023936
2021-03-18,2021-01-26,399673.SZ,创业板50指数,3173.4274,-0.0315501240962556
2021-03-18,2021-01-27,399673.SZ,创业板50指数,3209.1452,0.0112552756051705
2021-03-18,2021-01-28,399673.SZ,创业板50指数,3085.6734,-0.0384749808142055
2021-03-18,2021-01-29,399673.SZ,创业板50指数,3042.5117,-0.0139877733009592
2021-03-18,2021-02-01,399673.SZ,创业板50指数,3078.0738,0.0116884020528172
2021-03-18,2021-02-02,399673.SZ,创业板50指数,3158.3148,0.0260685757437005
2021-03-18,2021-02-03,399673.SZ,创业板50指数,3165.7577,0.00235660485775524
2021-03-18,2021-02-04,399673.SZ,创业板50指数,3154.8525,-0.00344473615273844
2021-03-18,2021-02-05,399673.SZ,创业板50指数,3152.063,-0.000884193476557105
2021-03-18,2021-02-08,399673.SZ,创业板50指数,3246.5799,0.0299857268081254
2021-03-18,2021-02-09,399673.SZ,创业板50指数,3301.095,0.0167915473141442
2021-03-18,2021-02-10,399673.SZ,创业板50指数,3385.2099,0.0254809086075984
2021-03-18,2021-02-18,399673.SZ,创业板50指数,3278.2034,-0.0316100044490594
2021-03-18,2021-02-19,399673.SZ,创业板50指数,3225.1674,-0.0161783738007227
2021-03-18,2021-02-22,399673.SZ,创业板50指数,3067.5224,-0.0488796333486442
2021-03-18,2021-02-23,399673.SZ,创业板50指数,3051.4276,-0.00524684025127242
2021-03-18,2021-02-24,399673.SZ,创业板50指数,2931.2763,-0.0393754385652145
2021-03-18,2021-02-25,399673.SZ,创业板50指数,2902.3805,-0.00985775377094267
2021-03-18,2021-02-26,399673.SZ,创业板50指数,2839.4304,-0.0216891272526122
2021-03-18,2021-03-01,399673.SZ,创业板50指数,2931.0893,0.0322807348966891
2021-03-18,2021-03-02,399673.SZ,创业板50指数,2901.0511,-0.0102481353945784
2021-03-18,2021-03-03,399673.SZ,创业板50指数,2927.406,0.00908460385272081
2021-03-18,2021-03-04,399673.SZ,创业板50指数,2762.7357,-0.0562512681876035
2021-03-18,2021-03-05,399673.SZ,创业板50指数,2782.2877,0.00707704323652814
2021-03-18,2021-03-08,399673.SZ,创业板50指数,2634.3454,-0.0531728979716942
2021-03-18,2021-03-09,399673.SZ,创业板50指数,2538.0068,-0.0365702234794268
2021-03-18,2021-03-10,399673.SZ,创业板50指数,2599.1803,0.0241029693064652
2021-03-18,2021-03-11,399673.SZ,创业板50指数,2677.3428,0.0300719807702452
2021-03-18,2021-03-12,399673.SZ,创业板50指数,2698.5061,0.00790459107440422
2021-03-18,2021-03-15,399673.SZ,创业板50指数,2567.4544,-0.0485645372452558
2021-03-18,2021-03-16,399673.SZ,创业板50指数,2593.3183,0.0100737524296439
2021-03-18,2021-03-17,399673.SZ,创业板50指数,2624.8976,0.0121771785592226
2021-03-18,2021-03-18,399673.SZ,创业板50指数,2671.9532,0.0179266421669173
2021-03-18,2021-03-19,399673.SZ,创业板50指数,2582.8048,-0.0333645065340217
2021-03-18,2020-12-16,399967.SZ,中证军工指数,11212.9397,-0.00623956930352609
2021-03-18,2020-12-17,399967.SZ,中证军工指数,11118.2217,-0.00844720497337559
2021-03-18,2020-12-18,399967.SZ,中证军工指数,11115.5785,-0.000237735860223132
2021-03-18,2020-12-21,399967.SZ,中证军工指数,11595.7539,0.0431984174282967
2021-03-18,2020-12-22,399967.SZ,中证军工指数,11399.7418,-0.0169037823405341
2021-03-18,2020-12-23,399967.SZ,中证军工指数,11983.3411,0.051194080553649
2021-03-18,2020-12-24,399967.SZ,中证军工指数,12115.4293,0.0110226521049293
2021-03-18,2020-12-25,399967.SZ,中证军工指数,12283.4533,0.0138685964681415
2021-03-18,2020-12-28,399967.SZ,中证军工指数,12272.9571,-0.000854499117117102
2021-03-18,2020-12-29,399967.SZ,中证军工指数,12154.1699,-0.0096787757858291
2021-03-18,2020-12-30,399967.SZ,中证军工指数,12484.2336,0.02715641649867
2021-03-18,2020-12-31,399967.SZ,中证军工指数,13035.0614,0.0441218754509689
2021-03-18,2021-01-04,399967.SZ,中证军工指数,13905.1469,0.0667496280454805
2021-03-18,2021-01-05,399967.SZ,中证军工指数,14026.1502,0.00870205118077538
2021-03-18,2021-01-06,399967.SZ,中证军工指数,14242.9554,0.0154572136265874
2021-03-18,2021-01-07,399967.SZ,中证军工指数,14596.8244,0.0248451946988473
2021-03-18,2021-01-08,399967.SZ,中证军工指数,14207.1553,-0.0266954708313131
2021-03-18,2021-01-11,399967.SZ,中证军工指数,13734.0947,-0.0332973484142882
2021-03-18,2021-01-12,399967.SZ,中证军工指数,14286.4773,0.0402198042219704
2021-03-18,2021-01-13,399967.SZ,中证军工指数,14071.1242,-0.0150739118872922
2021-03-18,2021-01-14,399967.SZ,中证军工指数,13264.3952,-0.0573322350462943
2021-03-18,2021-01-15,399967.SZ,中证军工指数,13163.313,-0.00762056606998562
2021-03-18,2021-01-18,399967.SZ,中证军工指数,13454.438,0.0221163927348684
2021-03-18,2021-01-19,399967.SZ,中证军工指数,13153.5052,-0.0223668056592182
2021-03-18,2021-01-20,399967.SZ,中证军工指数,13416.0459,0.0199597518690302
2021-03-18,2021-01-21,399967.SZ,中证军工指数,13543.722,0.0095166713763255
2021-03-18,2021-01-22,399967.SZ,中证军工指数,13579.4563,0.00263844015699677
2021-03-18,2021-01-25,399967.SZ,中证军工指数,13593.1076,0.00100529061682675
2021-03-18,2021-01-26,399967.SZ,中证军工指数,12682.3317,-0.0670027727875853
2021-03-18,2021-01-27,399967.SZ,中证军工指数,12652.7038,-0.00233615558249445
2021-03-18,2021-01-28,399967.SZ,中证军工指数,12466.3937,-0.0147249238538247
2021-03-18,2021-01-29,399967.SZ,中证军工指数,12070.0362,-0.031794078507243
2021-03-18,2021-02-01,399967.SZ,中证军工指数,12009.9659,-0.00497681191710109
2021-03-18,2021-02-02,399967.SZ,中证军工指数,12210.8432,0.0167258842924776
2021-03-18,2021-02-03,399967.SZ,中证军工指数,11810.5578,-0.0327811432383309
2021-03-18,2021-02-04,399967.SZ,中证军工指数,11645.9763,-0.0139351165954245
2021-03-18,2021-02-05,399967.SZ,中证军工指数,11404.8233,-0.0207069801438631
2021-03-18,2021-02-08,399967.SZ,中证军工指数,11446.1813,0.00362636043646547
2021-03-18,2021-02-09,399967.SZ,中证军工指数,12096.1133,0.0567815573566006
2021-03-18,2021-02-10,399967.SZ,中证军工指数,12037.6216,-0.00483557805299328
2021-03-18,2021-02-18,399967.SZ,中证军工指数,11961.8094,-0.00629793845654691
2021-03-18,2021-02-19,399967.SZ,中证军工指数,12002.1874,0.00337557627360296
2021-03-18,2021-02-22,399967.SZ,中证军工指数,11604.0189,-0.0331746611455177
2021-03-18,2021-02-23,399967.SZ,中证军工指数,11926.2537,0.0277692412238315
2021-03-18,2021-02-24,399967.SZ,中证军工指数,11930.5116,0.000357019069617825
2021-03-18,2021-02-25,399967.SZ,中证军工指数,12161.1028,0.0193278551441165
2021-03-18,2021-02-26,399967.SZ,中证军工指数,11748.63,-0.0339173845319358
2021-03-18,2021-03-01,399967.SZ,中证军工指数,11969.395,0.0187907015541389
2021-03-18,2021-03-02,399967.SZ,中证军工指数,12049.5156,0.00669378861671799
2021-03-18,2021-03-03,399967.SZ,中证军工指数,12026.6888,-0.00189441640292998
2021-03-18,2021-03-04,399967.SZ,中证军工指数,11865.6763,-0.0133879326785276
2021-03-18,2021-03-05,399967.SZ,中证军工指数,11615.4315,-0.0210898050539268
2021-03-18,2021-03-08,399967.SZ,中证军工指数,10830.9359,-0.0675390836750231
2021-03-18,2021-03-09,399967.SZ,中证军工指数,10257.5343,-0.0529410944071788
2021-03-18,2021-03-10,399967.SZ,中证军工指数,10189.0066,-0.00668071858165742
2021-03-18,2021-03-11,399967.SZ,中证军工指数,10364.7387,0.0172472260445879
2021-03-18,2021-03-12,399967.SZ,中证军工指数,10284.3083,-0.0077600026713649
2021-03-18,2021-03-15,399967.SZ,中证军工指数,10215.4566,-0.00669483041460373
2021-03-18,2021-03-16,399967.SZ,中证军工指数,10202.3475,-0.00128326128858491
2021-03-18,2021-03-17,399967.SZ,中证军工指数,10372.5234,0.0166800728949881
2021-03-18,2021-03-18,399967.SZ,中证军工指数,10493.5165,0.0116647700211503
2021-03-18,2021-03-19,399967.SZ,中证军工指数,10565.0296,0.00681497951616117
2021-03-18,2020-12-16,399971.SZ,中证传媒指数,1363.956,-0.0157870966247553
2021-03-18,2020-12-17,399971.SZ,中证传媒指数,1359.226,-0.00346785380173542
2021-03-18,2020-12-18,399971.SZ,中证传媒指数,1362.6998,0.00255571921078612
2021-03-18,2020-12-21,399971.SZ,中证传媒指数,1381.6752,0.0139248571108617
2021-03-18,2020-12-22,399971.SZ,中证传媒指数,1356.7735,-0.0180228319940894
2021-03-18,2020-12-23,399971.SZ,中证传媒指数,1353.2964,-0.00256277116261483
2021-03-18,2020-12-24,399971.SZ,中证传媒指数,1319.6563,-0.0248578951366455
2021-03-18,2020-12-25,399971.SZ,中证传媒指数,1305.6441,-0.0106180677499135
2021-03-18,2020-12-28,399971.SZ,中证传媒指数,1285.6752,-0.0152942903812763
2021-03-18,2020-12-29,399971.SZ,中证传媒指数,1322.7846,0.0288637441244881
2021-03-18,2020-12-30,399971.SZ,中证传媒指数,1341.3337,0.0140227668208415
2021-03-18,2020-12-31,399971.SZ,中证传媒指数,1362.3282,0.015651958942059
2021-03-18,2021-01-04,399971.SZ,中证传媒指数,1376.7762,0.0106053739473353
2021-03-18,2021-01-05,399971.SZ,中证传媒指数,1370.7491,-0.00437769043363767
2021-03-18,2021-01-06,399971.SZ,中证传媒指数,1361.337,-0.00686639152270829
2021-03-18,2021-01-07,399971.SZ,中证传媒指数,1322.8942,-0.0282390032739873
2021-03-18,2021-01-08,399971.SZ,中证传媒指数,1375.3939,0.0396854865642318
2021-03-18,2021-01-11,399971.SZ,中证传媒指数,1384.9893,0.00697647415769387
2021-03-18,2021-01-12,399971.SZ,中证传媒指数,1373.6332,-0.00819941352615505
2021-03-18,2021-01-13,399971.SZ,中证传媒指数,1371.929,-0.00124065143445851
2021-03-18,2021-01-14,399971.SZ,中证传媒指数,1367.3676,-0.00332480762488441
2021-03-18,2021-01-15,399971.SZ,中证传媒指数,1364.3725,-0.00219041317053303
2021-03-18,2021-01-18,399971.SZ,中证传媒指数,1387.2136,0.0167411025947826
2021-03-18,2021-01-19,399971.SZ,中证传媒指数,1381.6922,-0.00398020895988915
2021-03-18,2021-01-20,399971.SZ,中证传媒指数,1382.3694,0.00049012363245593
2021-03-18,2021-01-21,399971.SZ,中证传媒指数,1410.2422,0.0201630620585207
2021-03-18,2021-01-22,399971.SZ,中证传媒指数,1397.4917,-0.00904135474034162
2021-03-18,2021-01-25,399971.SZ,中证传媒指数,1373.0262,-0.017506722937961
2021-03-18,2021-01-26,399971.SZ,中证传媒指数,1361.3921,-0.00847332702027093
2021-03-18,2021-01-27,399971.SZ,中证传媒指数,1411.5602,0.036850588452805
2021-03-18,2021-01-28,399971.SZ,中证传媒指数,1399.0475,-0.0088644465889588
2021-03-18,2021-01-29,399971.SZ,中证传媒指数,1380.3283,-0.0133799602944146
2021-03-18,2021-02-01,399971.SZ,中证传媒指数,1392.5942,0.00888621931463707
2021-03-18,2021-02-02,399971.SZ,中证传媒指数,1385.3127,-0.00522873066683749
2021-03-18,2021-02-03,399971.SZ,中证传媒指数,1374.9254,-0.00749816268918913
2021-03-18,2021-02-04,399971.SZ,中证传媒指数,1324.6703,-0.0365511467022138
2021-03-18,2021-02-05,399971.SZ,中证传媒指数,1307.1409,-0.0132330286260663
2021-03-18,2021-02-08,399971.SZ,中证传媒指数,1316.2801,0.00699174817343695
2021-03-18,2021-02-09,399971.SZ,中证传媒指数,1335.6127,0.014687299458527
2021-03-18,2021-02-10,399971.SZ,中证传媒指数,1340.1482,0.00339581976122294
2021-03-18,2021-02-18,399971.SZ,中证传媒指数,1358.5281,0.0137148264647149
2021-03-18,2021-02-19,399971.SZ,中证传媒指数,1392.4757,0.0249885151437059
2021-03-18,2021-02-22,399971.SZ,中证传媒指数,1366.2279,-0.018849736480141
2021-03-18,2021-02-23,399971.SZ,中证传媒指数,1342.7008,-0.0172204798335622
2021-03-18,2021-02-24,399971.SZ,中证传媒指数,1345.4759,0.00206680445859564
2021-03-18,2021-02-25,399971.SZ,中证传媒指数,1335.9614,-0.00707147560205279
2021-03-18,2021-02-26,399971.SZ,中证传媒指数,1313.5426,-0.0167810237631116
2021-03-18,2021-03-01,399971.SZ,中证传媒指数,1356.3627,0.0325989427369922
2021-03-18,2021-03-02,399971.SZ,中证传媒指数,1335.721,-0.0152184220341652
2021-03-18,2021-03-03,399971.SZ,中证传媒指数,1355.1461,0.0145427825122162
2021-03-18,2021-03-04,399971.SZ,中证传媒指数,1333.8659,-0.0157032514796743
2021-03-18,2021-03-05,399971.SZ,中证传媒指数,1352.4563,0.0139372331206609
2021-03-18,2021-03-08,399971.SZ,中证传媒指数,1332.4534,-0.0147900527358998
2021-03-18,2021-03-09,399971.SZ,中证传媒指数,1311.8102,-0.0154926243574448
2021-03-18,2021-03-10,399971.SZ,中证传媒指数,1290.546,-0.0162098144990791
2021-03-18,2021-03-11,399971.SZ,中证传媒指数,1302.0983,0.00895148255079636
2021-03-18,2021-03-12,399971.SZ,中证传媒指数,1287.6513,-0.0110951684676956
2021-03-18,2021-03-15,399971.SZ,中证传媒指数,1262.3508,-0.0196485647939004
2021-03-18,2021-03-16,399971.SZ,中证传媒指数,1266.9904,0.00367536504115962
2021-03-18,2021-03-17,399971.SZ,中证传媒指数,1276.2203,0.0072849012904912
2021-03-18,2021-03-18,399971.SZ,中证传媒指数,1274.18,-0.00159870517652783
2021-03-18,2021-03-19,399971.SZ,中证传媒指数,1248.9649,-0.0197892762404057
2021-03-18,2020-12-16,399975.SZ,中证全指证券公司指数,867.6507,-0.0104869030038452
2021-03-18,2020-12-17,399975.SZ,中证全指证券公司指数,891.4469,0.0274260137172713
2021-03-18,2020-12-18,399975.SZ,中证全指证券公司指数,881.7101,-0.0109224677319535
2021-03-18,2020-12-21,399975.SZ,中证全指证券公司指数,889.2065,0.00850211424367253
2021-03-18,2020-12-22,399975.SZ,中证全指证券公司指数,851.214,-0.0427262958604103
2021-03-18,2020-12-23,399975.SZ,中证全指证券公司指数,858.566,0.00863707598794194
2021-03-18,2020-12-24,399975.SZ,中证全指证券公司指数,851.0336,-0.00877323350796566
2021-03-18,2020-12-25,399975.SZ,中证全指证券公司指数,860.3514,0.0109488039015146
2021-03-18,2020-12-28,399975.SZ,中证全指证券公司指数,857.1548,-0.00371545859052469
2021-03-18,2020-12-29,399975.SZ,中证全指证券公司指数,861.1155,0.00462075228418479
2021-03-18,2020-12-30,399975.SZ,中证全指证券公司指数,878.8191,0.0205589145706935
2021-03-18,2020-12-31,399975.SZ,中证全指证券公司指数,918.449,0.0450944910050315
2021-03-18,2021-01-04,399975.SZ,中证全指证券公司指数,924.7506,0.00686113219133566
2021-03-18,2021-01-05,399975.SZ,中证全指证券公司指数,924.2138,-0.000580480834508235
2021-03-18,2021-01-06,399975.SZ,中证全指证券公司指数,923.8359,-0.00040888807330075
2021-03-18,2021-01-07,399975.SZ,中证全指证券公司指数,933.5453,0.0105098751845429
2021-03-18,2021-01-08,399975.SZ,中证全指证券公司指数,925.8769,-0.00821427733608648
2021-03-18,2021-01-11,399975.SZ,中证全指证券公司指数,903.2598,-0.0244277614011106
2021-03-18,2021-01-12,399975.SZ,中证全指证券公司指数,965.9546,0.0694094877243512
2021-03-18,2021-01-13,399975.SZ,中证全指证券公司指数,944.1374,-0.0225861546702092
2021-03-18,2021-01-14,399975.SZ,中证全指证券公司指数,917.6585,-0.0280456001425216
2021-03-18,2021-01-15,399975.SZ,中证全指证券公司指数,916.1876,-0.00160288386148011
2021-03-18,2021-01-18,399975.SZ,中证全指证券公司指数,925.3396,0.00998922054828077
2021-03-18,2021-01-19,399975.SZ,中证全指证券公司指数,924.4348,-0.00097780317626095
2021-03-18,2021-01-20,399975.SZ,中证全指证券公司指数,926.1496,0.00185497127542145
2021-03-18,2021-01-21,399975.SZ,中证全指证券公司指数,940.4755,0.0154682353693183
2021-03-18,2021-01-22,399975.SZ,中证全指证券公司指数,920.5713,-0.0211639750317792
2021-03-18,2021-01-25,399975.SZ,中证全指证券公司指数,915.429,-0.00558598774478414
2021-03-18,2021-01-26,399975.SZ,中证全指证券公司指数,880.4045,-0.0382602036859221
2021-03-18,2021-01-27,399975.SZ,中证全指证券公司指数,881.6364,0.00139924318878415
2021-03-18,2021-01-28,399975.SZ,中证全指证券公司指数,877.1256,-0.00511639492198823
2021-03-18,2021-01-29,399975.SZ,中证全指证券公司指数,869.7138,-0.00845010110296629
2021-03-18,2021-02-01,399975.SZ,中证全指证券公司指数,863.7392,-0.00686961618868187
2021-03-18,2021-02-02,399975.SZ,中证全指证券公司指数,865.6303,0.00218943403286564
2021-03-18,2021-02-03,399975.SZ,中证全指证券公司指数,854.8368,-0.0124689489265799
2021-03-18,2021-02-04,399975.SZ,中证全指证券公司指数,834.6995,-0.0235568941346467
2021-03-18,2021-02-05,399975.SZ,中证全指证券公司指数,827.6301,-0.00846939527338875
2021-03-18,2021-02-08,399975.SZ,中证全指证券公司指数,828.3961,0.000925534245310944
2021-03-18,2021-02-09,399975.SZ,中证全指证券公司指数,853.6043,0.0304301287753526
2021-03-18,2021-02-10,399975.SZ,中证全指证券公司指数,852.9771,-0.00073476668287642
2021-03-18,2021-02-18,399975.SZ,中证全指证券公司指数,856.362,0.0039683363128975
2021-03-18,2021-02-19,399975.SZ,中证全指证券公司指数,873.2912,0.0197687426578947
2021-03-18,2021-02-22,399975.SZ,中证全指证券公司指数,848.8786,-0.0279547074332136
2021-03-18,2021-02-23,399975.SZ,中证全指证券公司指数,843.7542,-0.00603667002560793
2021-03-18,2021-02-24,399975.SZ,中证全指证券公司指数,839.6481,-0.00486646466470919
2021-03-18,2021-02-25,399975.SZ,中证全指证券公司指数,839.8313,0.00021818664271378
2021-03-18,2021-02-26,399975.SZ,中证全指证券公司指数,825.5991,-0.0169464986599095
2021-03-18,2021-03-01,399975.SZ,中证全指证券公司指数,819.889,-0.00691631083415667
2021-03-18,2021-03-02,399975.SZ,中证全指证券公司指数,810.8017,-0.0110835735081213
2021-03-18,2021-03-03,399975.SZ,中证全指证券公司指数,824.9072,0.0173969788173853
2021-03-18,2021-03-04,399975.SZ,中证全指证券公司指数,806.5109,-0.0223010539852241
2021-03-18,2021-03-05,399975.SZ,中证全指证券公司指数,823.6827,0.0212914667365314
2021-03-18,2021-03-08,399975.SZ,中证全指证券公司指数,807.3386,-0.0198427137051682
2021-03-18,2021-03-09,399975.SZ,中证全指证券公司指数,786.4823,-0.0258333987746902
2021-03-18,2021-03-10,399975.SZ,中证全指证券公司指数,782.2109,-0.00543101860016426
2021-03-18,2021-03-11,399975.SZ,中证全指证券公司指数,794.6773,0.0159373897755706
2021-03-18,2021-03-12,399975.SZ,中证全指证券公司指数,794.869,0.00024122999360876
2021-03-18,2021-03-15,399975.SZ,中证全指证券公司指数,778.1925,-0.0209801866722693
2021-03-18,2021-03-16,399975.SZ,中证全指证券公司指数,779.8492,0.00212890769314789
2021-03-18,2021-03-17,399975.SZ,中证全指证券公司指数,782.6465,0.00358697553321852
2021-03-18,2021-03-18,399975.SZ,中证全指证券公司指数,783.4415,0.00101578426531024
2021-03-18,2021-03-19,399975.SZ,中证全指证券公司指数,776.2754,-0.00914694970843388
2021-03-18,2020-12-16,399976.SZ,中证新能源汽车指数,3564.71,-0.000283336861839678
2021-03-18,2020-12-17,399976.SZ,中证新能源汽车指数,3623.2958,0.0164349414117837
2021-03-18,2020-12-18,399976.SZ,中证新能源汽车指数,3723.0335,0.0275267892839441
2021-03-18,2020-12-21,399976.SZ,中证新能源汽车指数,3938.7899,0.0579517750780378
2021-03-18,2020-12-22,399976.SZ,中证新能源汽车指数,3823.9471,-0.0291568737900949
2021-03-18,2020-12-23,399976.SZ,中证新能源汽车指数,3904.4467,0.0210514418465675
2021-03-18,2020-12-24,399976.SZ,中证新能源汽车指数,3862.9181,-0.0106362317610841
2021-03-18,2020-12-25,399976.SZ,中证新能源汽车指数,4015.3324,0.0394557420205206
2021-03-18,2020-12-28,399976.SZ,中证新能源汽车指数,4021.1177,0.00144080226085386
2021-03-18,2020-12-29,399976.SZ,中证新能源汽车指数,3827.0789,-0.0482549416546548
2021-03-18,2020-12-30,399976.SZ,中证新能源汽车指数,4012.9702,0.0485726332948089
2021-03-18,2020-12-31,399976.SZ,中证新能源汽车指数,4088.0652,0.0187130719286177
2021-03-18,2021-01-04,399976.SZ,中证新能源汽车指数,4388.0253,0.0733745880569616
2021-03-18,2021-01-05,399976.SZ,中证新能源汽车指数,4417.3615,0.00668551295727493
2021-03-18,2021-01-06,399976.SZ,中证新能源汽车指数,4350.5097,-0.0151338757310219
2021-03-18,2021-01-07,399976.SZ,中证新能源汽车指数,4478.8328,0.029496107088326
2021-03-18,2021-01-08,399976.SZ,中证新能源汽车指数,4436.9432,-0.00935279387969123
2021-03-18,2021-01-11,399976.SZ,中证新能源汽车指数,4269.3655,-0.037768727803412
2021-03-18,2021-01-12,399976.SZ,中证新能源汽车指数,4372.131,0.0240704385698531
2021-03-18,2021-01-13,399976.SZ,中证新能源汽车指数,4234.3528,-0.0315128252104067
2021-03-18,2021-01-14,399976.SZ,中证新能源汽车指数,4118.2112,-0.0274284183405785
2021-03-18,2021-01-15,399976.SZ,中证新能源汽车指数,4216.8888,0.0239612771681064
2021-03-18,2021-01-18,399976.SZ,中证新能源汽车指数,4247.7231,0.00731209701332425
2021-03-18,2021-01-19,399976.SZ,中证新能源汽车指数,4131.4512,-0.0273727588316667
2021-03-18,2021-01-20,399976.SZ,中证新能源汽车指数,4322.0092,0.0461237446057694
2021-03-18,2021-01-21,399976.SZ,中证新能源汽车指数,4414.9435,0.0215025687589929
2021-03-18,2021-01-22,399976.SZ,中证新能源汽车指数,4534.9928,0.0271915824064339
2021-03-18,2021-01-25,399976.SZ,中证新能源汽车指数,4523.3412,-0.00256926538009061
2021-03-18,2021-01-26,399976.SZ,中证新能源汽车指数,4392.6822,-0.0288855061386922
2021-03-18,2021-01-27,399976.SZ,中证新能源汽车指数,4415.9533,0.0052976971564207
2021-03-18,2021-01-28,399976.SZ,中证新能源汽车指数,4241.3685,-0.0395350195392693
2021-03-18,2021-01-29,399976.SZ,中证新能源汽车指数,4158.5832,-0.019518535114315
2021-03-18,2021-02-01,399976.SZ,中证新能源汽车指数,4162.5797,0.000961024418123957
2021-03-18,2021-02-02,399976.SZ,中证新能源汽车指数,4348.1318,0.0445762275734924
2021-03-18,2021-02-03,399976.SZ,中证新能源汽车指数,4334.048,-0.00323904624970206
2021-03-18,2021-02-04,399976.SZ,中证新能源汽车指数,4233.5964,-0.0231773159872709
2021-03-18,2021-02-05,399976.SZ,中证新能源汽车指数,4107.3427,-0.029821855479658
2021-03-18,2021-02-08,399976.SZ,中证新能源汽车指数,4182.7941,0.0183698818216458
2021-03-18,2021-02-09,399976.SZ,中证新能源汽车指数,4315.3265,0.0316851360194852
2021-03-18,2021-02-10,399976.SZ,中证新能源汽车指数,4368.4146,0.0123022209327615
2021-03-18,2021-02-18,399976.SZ,中证新能源汽车指数,4273.5652,-0.0217125453247958
2021-03-18,2021-02-19,399976.SZ,中证新能源汽车指数,4207.8143,-0.0153854912521283
2021-03-18,2021-02-22,399976.SZ,中证新能源汽车指数,4132.5891,-0.017877499964768
2021-03-18,2021-02-23,399976.SZ,中证新能源汽车指数,4051.5662,-0.0196058446749521
2021-03-18,2021-02-24,399976.SZ,中证新能源汽车指数,3895.2775,-0.0385748849420257
2021-03-18,2021-02-25,399976.SZ,中证新能源汽车指数,3822.4535,-0.0186954587959395
2021-03-18,2021-02-26,399976.SZ,中证新能源汽车指数,3734.5432,-0.0229983961871609
2021-03-18,2021-03-01,399976.SZ,中证新能源汽车指数,3892.0942,0.0421874889544724
2021-03-18,2021-03-02,399976.SZ,中证新能源汽车指数,3911.4985,0.00498556792381843
2021-03-18,2021-03-03,399976.SZ,中证新能源汽车指数,3943.6654,0.00822367693608972
2021-03-18,2021-03-04,399976.SZ,中证新能源汽车指数,3732.7891,-0.053472158160274
2021-03-18,2021-03-05,399976.SZ,中证新能源汽车指数,3763.2015,0.00814736626829515
2021-03-18,2021-03-08,399976.SZ,中证新能源汽车指数,3574.6186,-0.0501123577889732
2021-03-18,2021-03-09,399976.SZ,中证新能源汽车指数,3512.6623,-0.017332282666464
2021-03-18,2021-03-10,399976.SZ,中证新能源汽车指数,3577.2916,0.0183989505623698
2021-03-18,2021-03-11,399976.SZ,中证新能源汽车指数,3680.8541,0.028949974332537
2021-03-18,2021-03-12,399976.SZ,中证新能源汽车指数,3710.3898,0.0080241430922241
2021-03-18,2021-03-15,399976.SZ,中证新能源汽车指数,3606.4848,-0.0280037962588189
2021-03-18,2021-03-16,399976.SZ,中证新能源汽车指数,3612.2808,0.0016071050680706
2021-03-18,2021-03-17,399976.SZ,中证新能源汽车指数,3705.251,0.0257372571921872
2021-03-18,2021-03-18,399976.SZ,中证新能源汽车指数,3709.0847,0.00103466674727293
2021-03-18,2021-03-19,399976.SZ,中证新能源汽车指数,3586.1789,-0.0331364231180808
2021-03-18,2020-12-16,399986.SZ,中证银行指数,6508.5621,0.00191265972646026
2021-03-18,2020-12-17,399986.SZ,中证银行指数,6545.9167,0.00573930146568014
2021-03-18,2020-12-18,399986.SZ,中证银行指数,6461.2672,-0.0129316494357467
2021-03-18,2020-12-21,399986.SZ,中证银行指数,6440.5702,-0.00320324161799102
2021-03-18,2020-12-22,399986.SZ,中证银行指数,6334.2857,-0.0165023432242071
2021-03-18,2020-12-23,399986.SZ,中证银行指数,6346.999,0.00200706134868511
2021-03-18,2020-12-24,399986.SZ,中证银行指数,6382.2765,0.0055581385785628
2021-03-18,2020-12-25,399986.SZ,中证银行指数,6391.6684,0.00147155956029166
2021-03-18,2020-12-28,399986.SZ,中证银行指数,6435.7654,0.00689913763361072
2021-03-18,2020-12-29,399986.SZ,中证银行指数,6454.6231,0.00293014098991229
2021-03-18,2020-12-30,399986.SZ,中证银行指数,6472.0919,0.00270640124595345
2021-03-18,2020-12-31,399986.SZ,中证银行指数,6535.9892,0.00987274299983287
2021-03-18,2021-01-04,399986.SZ,中证银行指数,6410.6305,-0.0191797593545595
2021-03-18,2021-01-05,399986.SZ,中证银行指数,6333.5247,-0.0120278028814795
2021-03-18,2021-01-06,399986.SZ,中证银行指数,6484.1208,0.023777613119595
2021-03-18,2021-01-07,399986.SZ,中证银行指数,6546.5013,0.00962050244344614
2021-03-18,2021-01-08,399986.SZ,中证银行指数,6574.8536,0.00433090878634679
2021-03-18,2021-01-11,399986.SZ,中证银行指数,6640.657,0.0100083445204011
2021-03-18,2021-01-12,399986.SZ,中证银行指数,6731.6992,0.0137098181700996
2021-03-18,2021-01-13,399986.SZ,中证银行指数,6727.0819,-0.000685904087930678
2021-03-18,2021-01-14,399986.SZ,中证银行指数,6721.5136,-0.000827743750228427
2021-03-18,2021-01-15,399986.SZ,中证银行指数,6907.9918,0.0277434832535337
2021-03-18,2021-01-18,399986.SZ,中证银行指数,7069.2845,0.0233487104023489
2021-03-18,2021-01-19,399986.SZ,中证银行指数,7068.5109,-0.000109431159546536
2021-03-18,2021-01-20,399986.SZ,中证银行指数,6990.1419,-0.0110870593691806
2021-03-18,2021-01-21,399986.SZ,中证银行指数,7013.0627,0.00327901784082529
2021-03-18,2021-01-22,399986.SZ,中证银行指数,6890.9477,-0.0174125065215802
2021-03-18,2021-01-25,399986.SZ,中证银行指数,6904.1595,0.00191726894110666
2021-03-18,2021-01-26,399986.SZ,中证银行指数,6878.9125,-0.00365678110420242
2021-03-18,2021-01-27,399986.SZ,中证银行指数,6976.7117,0.0142172472756412
2021-03-18,2021-01-28,399986.SZ,中证银行指数,6908.8502,-0.00972686029150382
2021-03-18,2021-01-29,399986.SZ,中证银行指数,6928.1359,0.00279144856838842
2021-03-18,2021-02-01,399986.SZ,中证银行指数,7095.429,0.024146913746308
2021-03-18,2021-02-02,399986.SZ,中证银行指数,7004.0297,-0.0128814339485323
2021-03-18,2021-02-03,399986.SZ,中证银行指数,7132.3471,0.0183205105483777
2021-03-18,2021-02-04,399986.SZ,中证银行指数,7157.0508,0.0034636143829847
2021-03-18,2021-02-05,399986.SZ,中证银行指数,7370.6996,0.0298515136989108
2021-03-18,2021-02-08,399986.SZ,中证银行指数,7403.7867,0.00448900400173669
2021-03-18,2021-02-09,399986.SZ,中证银行指数,7391.7773,-0.00162206185653624
2021-03-18,2021-02-10,399986.SZ,中证银行指数,7353.6508,-0.00515796113067413
2021-03-18,2021-02-18,399986.SZ,中证银行指数,7477.1503,0.016794311201179
2021-03-18,2021-02-19,399986.SZ,中证银行指数,7440.6653,-0.00487953278135933
2021-03-18,2021-02-22,399986.SZ,中证银行指数,7316.2927,-0.016715252599791
2021-03-18,2021-02-23,399986.SZ,中证银行指数,7379.1016,0.00858479869182927
2021-03-18,2021-02-24,399986.SZ,中证银行指数,7260.8641,-0.0160232920495362
2021-03-18,2021-02-25,399986.SZ,中证银行指数,7369.9552,0.015024534063377
2021-03-18,2021-02-26,399986.SZ,中证银行指数,7114.9188,-0.0346048779238169
2021-03-18,2021-03-01,399986.SZ,中证银行指数,7115.5464,8.82090179299411e-05
2021-03-18,2021-03-02,399986.SZ,中证银行指数,7063.5394,-0.0073089257066753
2021-03-18,2021-03-03,399986.SZ,中证银行指数,7383.3878,0.0452816048566249
2021-03-18,2021-03-04,399986.SZ,中证银行指数,7326.1323,-0.00775463805382137
2021-03-18,2021-03-05,399986.SZ,中证银行指数,7267.4785,-0.0080061071242189
2021-03-18,2021-03-08,399986.SZ,中证银行指数,7146.9786,-0.0165807026467295
2021-03-18,2021-03-09,399986.SZ,中证银行指数,7011.6121,-0.0189403813242144
2021-03-18,2021-03-10,399986.SZ,中证银行指数,6979.916,-0.00452051533198761
2021-03-18,2021-03-11,399986.SZ,中证银行指数,7197.7596,0.0312100604076038
2021-03-18,2021-03-12,399986.SZ,中证银行指数,7271.9426,0.0103064014530299
2021-03-18,2021-03-15,399986.SZ,中证银行指数,7334.6125,0.00861804107199626
2021-03-18,2021-03-16,399986.SZ,中证银行指数,7419.7223,0.011603857736179
2021-03-18,2021-03-17,399986.SZ,中证银行指数,7303.599,-0.0156506261696614
2021-03-18,2021-03-18,399986.SZ,中证银行指数,7324.4686,0.00285744055773041
2021-03-18,2021-03-19,399986.SZ,中证银行指数,7106.7981,-0.0297182651585127
2021-03-18,2020-12-16,399987.SZ,中证酒指数,9243.2907,0.0232967551951602
2021-03-18,2020-12-17,399987.SZ,中证酒指数,9428.7322,0.0200622814989473
2021-03-18,2020-12-18,399987.SZ,中证酒指数,9437.0678,0.000884063713253003
2021-03-18,2020-12-21,399987.SZ,中证酒指数,9498.1286,0.00647031485775695
2021-03-18,2020-12-22,399987.SZ,中证酒指数,9686.0852,0.019788803449134
2021-03-18,2020-12-23,399987.SZ,中证酒指数,9621.9181,-0.00662466813733986
2021-03-18,2020-12-24,399987.SZ,中证酒指数,9388.6265,-0.024245851770449
2021-03-18,2020-12-25,399987.SZ,中证酒指数,9364.0321,-0.00261959510264897
2021-03-18,2020-12-28,399987.SZ,中证酒指数,9793.7967,0.045895250615384
2021-03-18,2020-12-29,399987.SZ,中证酒指数,9688.5297,-0.0107483341981156
2021-03-18,2020-12-30,399987.SZ,中证酒指数,9918.1795,0.0237032663480405
2021-03-18,2020-12-31,399987.SZ,中证酒指数,10088.4109,0.0171635732142175
2021-03-18,2021-01-04,399987.SZ,中证酒指数,10453.2163,0.0361608387699592
2021-03-18,2021-01-05,399987.SZ,中证酒指数,10987.6005,0.0511215098457305
2021-03-18,2021-01-06,399987.SZ,中证酒指数,11011.3439,0.00216092676467428
2021-03-18,2021-01-07,399987.SZ,中证酒指数,11129.1712,0.0107005376519029
2021-03-18,2021-01-08,399987.SZ,中证酒指数,10810.8384,-0.0286034597077633
2021-03-18,2021-01-11,399987.SZ,中证酒指数,10444.9813,-0.0338416953859935
2021-03-18,2021-01-12,399987.SZ,中证酒指数,10776.2401,0.0317146379189785
2021-03-18,2021-01-13,399987.SZ,中证酒指数,10645.9924,-0.0120865625479152
2021-03-18,2021-01-14,399987.SZ,中证酒指数,10264.3535,-0.0358481281651112
2021-03-18,2021-01-15,399987.SZ,中证酒指数,9963.0679,-0.0293526133915789
2021-03-18,2021-01-18,399987.SZ,中证酒指数,9820.5641,-0.0143032047387733
2021-03-18,2021-01-19,399987.SZ,中证酒指数,9653.9314,-0.0169677320267173
2021-03-18,2021-01-20,399987.SZ,中证酒指数,9751.2378,0.0100794584059301
2021-03-18,2021-01-21,399987.SZ,中证酒指数,10017.0869,0.0272631132018952
2021-03-18,2021-01-22,399987.SZ,中证酒指数,9971.7961,-0.00452135440693846
2021-03-18,2021-01-25,399987.SZ,中证酒指数,10565.6094,0.0595492822000241
2021-03-18,2021-01-26,399987.SZ,中证酒指数,10320.5977,-0.0231895474008341
2021-03-18,2021-01-27,399987.SZ,中证酒指数,10020.3465,-0.0290924235909322
2021-03-18,2021-01-28,399987.SZ,中证酒指数,9869.3838,-0.0150656167428941
2021-03-18,2021-01-29,399987.SZ,中证酒指数,10042.1058,0.0175007886510605
2021-03-18,2021-02-01,399987.SZ,中证酒指数,10024.381,-0.0017650481236714
2021-03-18,2021-02-02,399987.SZ,中证酒指数,10458.1817,0.0432745622896815
2021-03-18,2021-02-03,399987.SZ,中证酒指数,10484.9731,0.00256176463256508
2021-03-18,2021-02-04,399987.SZ,中证酒指数,10552.9629,0.00648449923061811
2021-03-18,2021-02-05,399987.SZ,中证酒指数,10659.7522,0.010119366571449
2021-03-18,2021-02-08,399987.SZ,中证酒指数,10663.9355,0.000392438766071868
2021-03-18,2021-02-09,399987.SZ,中证酒指数,10936.2645,0.0255373825169891
2021-03-18,2021-02-10,399987.SZ,中证酒指数,11422.6457,0.0444741620870637
2021-03-18,2021-02-18,399987.SZ,中证酒指数,10997.0645,-0.0372576731501003
2021-03-18,2021-02-19,399987.SZ,中证酒指数,10977.2993,-0.00179731600192035
2021-03-18,2021-02-22,399987.SZ,中证酒指数,10124.2541,-0.0777099336263884
2021-03-18,2021-02-23,399987.SZ,中证酒指数,10130.2288,0.000590137302065585
2021-03-18,2021-02-24,399987.SZ,中证酒指数,9557.1238,-0.0565737468831899
2021-03-18,2021-02-25,399987.SZ,中证酒指数,9377.3647,-0.0188089119448258
2021-03-18,2021-02-26,399987.SZ,中证酒指数,9123.4363,-0.0270788657713186
2021-03-18,2021-03-01,399987.SZ,中证酒指数,9171.4807,0.00526604213809234
2021-03-18,2021-03-02,399987.SZ,中证酒指数,8921.224,-0.0272864009843035
2021-03-18,2021-03-03,399987.SZ,中证酒指数,9128.3698,0.0232194371534669
2021-03-18,2021-03-04,399987.SZ,中证酒指数,8666.4971,-0.0505975009908122
2021-03-18,2021-03-05,399987.SZ,中证酒指数,8766.0356,0.0114854362554393
2021-03-18,2021-03-08,399987.SZ,中证酒指数,8156.3283,-0.0695533680013801
2021-03-18,2021-03-09,399987.SZ,中证酒指数,7917.1643,-0.029322507775956
2021-03-18,2021-03-10,399987.SZ,中证酒指数,8174.1567,0.032460157483406
2021-03-18,2021-03-11,399987.SZ,中证酒指数,8485.5007,0.0380888220554911
2021-03-18,2021-03-12,399987.SZ,中证酒指数,8478.6908,-0.00080253366781291
2021-03-18,2021-03-15,399987.SZ,中证酒指数,8086.6963,-0.0462329042592284
2021-03-18,2021-03-16,399987.SZ,中证酒指数,8304.4712,0.0269300208541281
2021-03-18,2021-03-17,399987.SZ,中证酒指数,8427.2849,0.0147888645817691
2021-03-18,2021-03-18,399987.SZ,中证酒指数,8696.0236,0.03188912006523
2021-03-18,2021-03-19,399987.SZ,中证酒指数,8466.5725,-0.0263857494590977
2021-03-18,2020-12-16,399998.SZ,中证煤炭指数,1253.5158,-0.00755554630112665
2021-03-18,2020-12-17,399998.SZ,中证煤炭指数,1289.3394,0.0285784989706552
2021-03-18,2020-12-18,399998.SZ,中证煤炭指数,1370.9048,0.0632613879634796
2021-03-18,2020-12-21,399998.SZ,中证煤炭指数,1386.6741,0.0115028410433751
2021-03-18,2020-12-22,399998.SZ,中证煤炭指数,1310.8751,-0.0546624473623615
2021-03-18,2020-12-23,399998.SZ,中证煤炭指数,1340.3937,0.0225182399146953
2021-03-18,2020-12-24,399998.SZ,中证煤炭指数,1356.3408,0.0118973253902939
2021-03-18,2020-12-25,399998.SZ,中证煤炭指数,1395.3828,0.0287848009880705
2021-03-18,2020-12-28,399998.SZ,中证煤炭指数,1412.469,0.0122448119612768
2021-03-18,2020-12-29,399998.SZ,中证煤炭指数,1349.7859,-0.0443783898974066
2021-03-18,2020-12-30,399998.SZ,中证煤炭指数,1385.0684,0.0261393306894078
2021-03-18,2020-12-31,399998.SZ,中证煤炭指数,1370.6819,-0.0103868516529582
2021-03-18,2021-01-04,399998.SZ,中证煤炭指数,1398.393,0.020217017529742
2021-03-18,2021-01-05,399998.SZ,中证煤炭指数,1365.1251,-0.0237900933428586
2021-03-18,2021-01-06,399998.SZ,中证煤炭指数,1352.3438,-0.00936273166466561
2021-03-18,2021-01-07,399998.SZ,中证煤炭指数,1373.0865,0.0153383333439321
2021-03-18,2021-01-08,399998.SZ,中证煤炭指数,1366.425,-0.00485147876699676
2021-03-18,2021-01-11,399998.SZ,中证煤炭指数,1304.6265,-0.0452264119874854
2021-03-18,2021-01-12,399998.SZ,中证煤炭指数,1320.332,0.0120383113481137
2021-03-18,2021-01-13,399998.SZ,中证煤炭指数,1315.1218,-0.00394612870096323
2021-03-18,2021-01-14,399998.SZ,中证煤炭指数,1284.6488,-0.0231712378275533
2021-03-18,2021-01-15,399998.SZ,中证煤炭指数,1311.4004,0.02082405712752
2021-03-18,2021-01-18,399998.SZ,中证煤炭指数,1339.0354,0.0210728927641017
2021-03-18,2021-01-19,399998.SZ,中证煤炭指数,1336.5046,-0.00189001724674343
2021-03-18,2021-01-20,399998.SZ,中证煤炭指数,1336.7192,0.000160568096810199
2021-03-18,2021-01-21,399998.SZ,中证煤炭指数,1371.2164,0.0258073647778831
2021-03-18,2021-01-22,399998.SZ,中证煤炭指数,1336.187,-0.025546223046924
2021-03-18,2021-01-25,399998.SZ,中证煤炭指数,1327.5686,-0.00644999539735069
2021-03-18,2021-01-26,399998.SZ,中证煤炭指数,1348.4056,0.0156956107578923
2021-03-18,2021-01-27,399998.SZ,中证煤炭指数,1346.4218,-0.00147121904566394
2021-03-18,2021-01-28,399998.SZ,中证煤炭指数,1305.0509,-0.030726552407277
2021-03-18,2021-01-29,399998.SZ,中证煤炭指数,1263.938,-0.0315029091968749
2021-03-18,2021-02-01,399998.SZ,中证煤炭指数,1294.1572,0.0239087676768956
2021-03-18,2021-02-02,399998.SZ,中证煤炭指数,1279.9665,-0.0109652057725291
2021-03-18,2021-02-03,399998.SZ,中证煤炭指数,1269.8309,-0.00791864474578052
2021-03-18,2021-02-04,399998.SZ,中证煤炭指数,1269.9676,0.000107652129114122
2021-03-18,2021-02-05,399998.SZ,中证煤炭指数,1221.5253,-0.0381445164427816
2021-03-18,2021-02-08,399998.SZ,中证煤炭指数,1252.7446,0.025557636833228
2021-03-18,2021-02-09,399998.SZ,中证煤炭指数,1286.4347,0.0268930315085774
2021-03-18,2021-02-10,399998.SZ,中证煤炭指数,1277.9688,-0.0065809014635565
2021-03-18,2021-02-18,399998.SZ,中证煤炭指数,1363.1515,0.0666547571427407
2021-03-18,2021-02-19,399998.SZ,中证煤炭指数,1412.1838,0.0359698096653234
2021-03-18,2021-02-22,399998.SZ,中证煤炭指数,1446.6542,0.0244092872330075
2021-03-18,2021-02-23,399998.SZ,中证煤炭指数,1396.258,-0.0348363831522418
2021-03-18,2021-02-24,399998.SZ,中证煤炭指数,1378.2539,-0.0128945366830486
2021-03-18,2021-02-25,399998.SZ,中证煤炭指数,1377.8272,-0.000309594625489518
2021-03-18,2021-02-26,399998.SZ,中证煤炭指数,1329.9367,-0.0347579870683348
2021-03-18,2021-03-01,399998.SZ,中证煤炭指数,1364.0643,0.0256610709366845
2021-03-18,2021-03-02,399998.SZ,中证煤炭指数,1377.3649,0.00975071336446542
2021-03-18,2021-03-03,399998.SZ,中证煤炭指数,1436.5187,0.0429470796010556
2021-03-18,2021-03-04,399998.SZ,中证煤炭指数,1436.9022,0.00026696485050981
2021-03-18,2021-03-05,399998.SZ,中证煤炭指数,1403.1189,-0.0235112034764788
2021-03-18,2021-03-08,399998.SZ,中证煤炭指数,1397.9431,-0.00368878218374791
2021-03-18,2021-03-09,399998.SZ,中证煤炭指数,1381.1851,-0.0119876123713476
2021-03-18,2021-03-10,399998.SZ,中证煤炭指数,1396.8944,0.0113737832821972
2021-03-18,2021-03-11,399998.SZ,中证煤炭指数,1429.8483,0.0235908312038478
2021-03-18,2021-03-12,399998.SZ,中证煤炭指数,1449.5143,0.0137539066207233
2021-03-18,2021-03-15,399998.SZ,中证煤炭指数,1468.6701,0.0132153232293051
2021-03-18,2021-03-16,399998.SZ,中证煤炭指数,1442.3532,-0.0179188641479118
2021-03-18,2021-03-17,399998.SZ,中证煤炭指数,1454.9823,0.00875589973385149
2021-03-18,2021-03-18,399998.SZ,中证煤炭指数,1436.1005,-0.0129773399992563
2021-03-18,2021-03-19,399998.SZ,中证煤炭指数,1417.9598,-0.0126319153847519
2021-03-18,2020-12-16,930606.CSI,中证钢铁指数,936.983,-0.00659802632785644
2021-03-18,2020-12-17,930606.CSI,中证钢铁指数,962.7157,0.0274633584600787
2021-03-18,2020-12-18,930606.CSI,中证钢铁指数,982.3033,0.0203461935854998
2021-03-18,2020-12-21,930606.CSI,中证钢铁指数,994.8535,0.0127762983184521
2021-03-18,2020-12-22,930606.CSI,中证钢铁指数,962.3774,-0.0326441028754486
2021-03-18,2020-12-23,930606.CSI,中证钢铁指数,963.9878,0.00167335600358043
2021-03-18,2020-12-24,930606.CSI,中证钢铁指数,956.815,-0.00744075806768507
2021-03-18,2020-12-25,930606.CSI,中证钢铁指数,976.1379,0.0201950220262015
2021-03-18,2020-12-28,930606.CSI,中证钢铁指数,962.362,-0.0141126576480638
2021-03-18,2020-12-29,930606.CSI,中证钢铁指数,950.9836,-0.0118234094862432
2021-03-18,2020-12-30,930606.CSI,中证钢铁指数,958.1403,0.00752557667661136
2021-03-18,2020-12-31,930606.CSI,中证钢铁指数,961.2259,0.00322040519535594
2021-03-18,2021-01-04,930606.CSI,中证钢铁指数,976.3223,0.0157053612475486
2021-03-18,2021-01-05,930606.CSI,中证钢铁指数,967.8989,-0.00862768370649736
2021-03-18,2021-01-06,930606.CSI,中证钢铁指数,967.4725,-0.000440541878909073
2021-03-18,2021-01-07,930606.CSI,中证钢铁指数,986.3414,0.0195032933752639
2021-03-18,2021-01-08,930606.CSI,中证钢铁指数,993.4416,0.00719852172888613
2021-03-18,2021-01-11,930606.CSI,中证钢铁指数,964.8524,-0.0287779372234865
2021-03-18,2021-01-12,930606.CSI,中证钢铁指数,972.757,0.008192548414659
2021-03-18,2021-01-13,930606.CSI,中证钢铁指数,973.9321,0.00120800981128899
2021-03-18,2021-01-14,930606.CSI,中证钢铁指数,992.073,0.0186264525011548
2021-03-18,2021-01-15,930606.CSI,中证钢铁指数,980.3939,-0.0117724199731269
2021-03-18,2021-01-18,930606.CSI,中证钢铁指数,979.5561,-0.000854554480602121
2021-03-18,2021-01-19,930606.CSI,中证钢铁指数,975.5952,-0.00404356626435187
2021-03-18,2021-01-20,930606.CSI,中证钢铁指数,1005.5354,0.0306891628823103
2021-03-18,2021-01-21,930606.CSI,中证钢铁指数,1008.5604,0.00300834759273516
2021-03-18,2021-01-22,930606.CSI,中证钢铁指数,995.0821,-0.0133638996732373
2021-03-18,2021-01-25,930606.CSI,中证钢铁指数,985.7173,-0.00941108276392466
2021-03-18,2021-01-26,930606.CSI,中证钢铁指数,991.1637,0.00552531643707566
2021-03-18,2021-01-27,930606.CSI,中证钢铁指数,990.5645,-0.000604541913712175
2021-03-18,2021-01-28,930606.CSI,中证钢铁指数,972.4829,-0.01825383405119
2021-03-18,2021-01-29,930606.CSI,中证钢铁指数,954.2226,-0.0187769882637524
2021-03-18,2021-02-01,930606.CSI,中证钢铁指数,956.1177,0.00198601458401848
2021-03-18,2021-02-02,930606.CSI,中证钢铁指数,964.6015,0.00887317534232457
2021-03-18,2021-02-03,930606.CSI,中证钢铁指数,979.5122,0.015457885976748
2021-03-18,2021-02-04,930606.CSI,中证钢铁指数,967.5763,-0.0121855552181995
2021-03-18,2021-02-05,930606.CSI,中证钢铁指数,959.057,-0.00880478366408921
2021-03-18,2021-02-08,930606.CSI,中证钢铁指数,955.5785,-0.00362700027214236
2021-03-18,2021-02-09,930606.CSI,中证钢铁指数,967.3757,0.0123456105385378
2021-03-18,2021-02-10,930606.CSI,中证钢铁指数,975.5896,0.00849090999494817
2021-03-18,2021-02-18,930606.CSI,中证钢铁指数,1023.0868,0.0486856358452366
2021-03-18,2021-02-19,930606.CSI,中证钢铁指数,1030.06,0.00681584397335588
2021-03-18,2021-02-22,930606.CSI,中证钢铁指数,1091.8839,0.0600197075898492
2021-03-18,2021-02-23,930606.CSI,中证钢铁指数,1081.978,-0.00907230155147443
2021-03-18,2021-02-24,930606.CSI,中证钢铁指数,1056.8777,-0.0231985308388896
2021-03-18,2021-02-25,930606.CSI,中证钢铁指数,1063.5342,0.0062982689482427
2021-03-18,2021-02-26,930606.CSI,中证钢铁指数,1040.9518,-0.0212333557303565
2021-03-18,2021-03-01,930606.CSI,中证钢铁指数,1084.516,0.0418503527252656
2021-03-18,2021-03-02,930606.CSI,中证钢铁指数,1080.4233,-0.00377375714143469
2021-03-18,2021-03-03,930606.CSI,中证钢铁指数,1159.9668,0.0736225329461146
2021-03-18,2021-03-04,930606.CSI,中证钢铁指数,1184.7145,0.0213348347556155
2021-03-18,2021-03-05,930606.CSI,中证钢铁指数,1130.9766,-0.0453593671724285
2021-03-18,2021-03-08,930606.CSI,中证钢铁指数,1121.1933,-0.00865031159795882
2021-03-18,2021-03-09,930606.CSI,中证钢铁指数,1133.028,0.0105554501618945
2021-03-18,2021-03-10,930606.CSI,中证钢铁指数,1112.6769,-0.0179616920323241
2021-03-18,2021-03-11,930606.CSI,中证钢铁指数,1168.3508,0.0500359987701731
2021-03-18,2021-03-12,930606.CSI,中证钢铁指数,1174.4294,0.00520271822469764
2021-03-18,2021-03-15,930606.CSI,中证钢铁指数,1191.2512,0.0143233812096324
2021-03-18,2021-03-16,930606.CSI,中证钢铁指数,1174.763,-0.0138410773479178
2021-03-18,2021-03-17,930606.CSI,中证钢铁指数,1157.9982,-0.0142707933429976
2021-03-18,2021-03-18,930606.CSI,中证钢铁指数,1169.7132,0.0101165960361596
2021-03-18,2021-03-19,930606.CSI,中证钢铁指数,1161.3914,-0.0071143935111615
2021-03-18,2020-12-16,930651.CSI,中证计算机主题指数,8846.239,-0.0118823245971802
2021-03-18,2020-12-17,930651.CSI,中证计算机主题指数,8858.2837,0.00136156167609758
2021-03-18,2020-12-18,930651.CSI,中证计算机主题指数,8823.8713,-0.00388477059049253
2021-03-18,2020-12-21,930651.CSI,中证计算机主题指数,8923.2822,0.0112661321340894
2021-03-18,2020-12-22,930651.CSI,中证计算机主题指数,8663.5212,-0.029110476860185
2021-03-18,2020-12-23,930651.CSI,中证计算机主题指数,8737.5936,0.00854991847887443
2021-03-18,2020-12-24,930651.CSI,中证计算机主题指数,8593.8217,-0.0164544045628306
2021-03-18,2020-12-25,930651.CSI,中证计算机主题指数,8587.1974,-0.000770821205192229
2021-03-18,2020-12-28,930651.CSI,中证计算机主题指数,8492.3937,-0.0110401211925091
2021-03-18,2020-12-29,930651.CSI,中证计算机主题指数,8661.1816,0.0198751854851005
2021-03-18,2020-12-30,930651.CSI,中证计算机主题指数,8788.9921,0.0147567047895636
2021-03-18,2020-12-31,930651.CSI,中证计算机主题指数,9048.4063,0.0295158076203073
2021-03-18,2021-01-04,930651.CSI,中证计算机主题指数,9245.2963,0.0217596329643155
2021-03-18,2021-01-05,930651.CSI,中证计算机主题指数,9416.3847,0.0185054534163498
2021-03-18,2021-01-06,930651.CSI,中证计算机主题指数,9240.4878,-0.0186798761524686
2021-03-18,2021-01-07,930651.CSI,中证计算机主题指数,9057.7054,-0.0197806007600595
2021-03-18,2021-01-08,930651.CSI,中证计算机主题指数,9187.4247,0.0143214306793418
2021-03-18,2021-01-11,930651.CSI,中证计算机主题指数,9243.8784,0.0061446707693833
2021-03-18,2021-01-12,930651.CSI,中证计算机主题指数,9369.615,0.0136021477738175
2021-03-18,2021-01-13,930651.CSI,中证计算机主题指数,9253.9989,-0.0123394717925976
2021-03-18,2021-01-14,930651.CSI,中证计算机主题指数,9288.639,0.00374325741491055
2021-03-18,2021-01-15,930651.CSI,中证计算机主题指数,9226.8136,-0.00665602355738015
2021-03-18,2021-01-18,930651.CSI,中证计算机主题指数,9450.3595,0.0242278547818502
2021-03-18,2021-01-19,930651.CSI,中证计算机主题指数,9486.2365,0.00379636351400192
2021-03-18,2021-01-20,930651.CSI,中证计算机主题指数,9499.7002,0.00141928782821288
2021-03-18,2021-01-21,930651.CSI,中证计算机主题指数,9715.0621,0.0226703891139639
2021-03-18,2021-01-22,930651.CSI,中证计算机主题指数,9655.1967,-0.00616212221638801
2021-03-18,2021-01-25,930651.CSI,中证计算机主题指数,9581.3963,-0.00764359363077505
2021-03-18,2021-01-26,930651.CSI,中证计算机主题指数,9353.5009,-0.0237851971533628
2021-03-18,2021-01-27,930651.CSI,中证计算机主题指数,9437.5754,0.0089885595670387
2021-03-18,2021-01-28,930651.CSI,中证计算机主题指数,9105.5763,-0.0351784315280808
2021-03-18,2021-01-29,930651.CSI,中证计算机主题指数,9039.3441,-0.00727380649152332
2021-03-18,2021-02-01,930651.CSI,中证计算机主题指数,9123.1175,0.00926764144314407
2021-03-18,2021-02-02,930651.CSI,中证计算机主题指数,9245.2758,0.0133899733287441
2021-03-18,2021-02-03,930651.CSI,中证计算机主题指数,8935.9875,-0.0334536585701424
2021-03-18,2021-02-04,930651.CSI,中证计算机主题指数,8777.6665,-0.0177172360637254
2021-03-18,2021-02-05,930651.CSI,中证计算机主题指数,8562.1929,-0.0245479365159293
2021-03-18,2021-02-08,930651.CSI,中证计算机主题指数,8695.0267,0.0155139929164643
2021-03-18,2021-02-09,930651.CSI,中证计算机主题指数,8939.9936,0.0281732199856268
2021-03-18,2021-02-10,930651.CSI,中证计算机主题指数,9164.6855,0.0251333401401987
2021-03-18,2021-02-18,930651.CSI,中证计算机主题指数,9164.6034,-8.95829976921281e-06
2021-03-18,2021-02-19,930651.CSI,中证计算机主题指数,9221.7969,0.00624069558754714
2021-03-18,2021-02-22,930651.CSI,中证计算机主题指数,9032.2492,-0.0205543130102984
2021-03-18,2021-02-23,930651.CSI,中证计算机主题指数,8995.2807,-0.00409294508836189
2021-03-18,2021-02-24,930651.CSI,中证计算机主题指数,8876.6879,-0.0131838909707397
2021-03-18,2021-02-25,930651.CSI,中证计算机主题指数,8783.045,-0.010549306346571
2021-03-18,2021-02-26,930651.CSI,中证计算机主题指数,8684.9032,-0.0111740062814205
2021-03-18,2021-03-01,930651.CSI,中证计算机主题指数,8884.6833,0.023003146425397
2021-03-18,2021-03-02,930651.CSI,中证计算机主题指数,8856.3315,-0.00319108729514317
2021-03-18,2021-03-03,930651.CSI,中证计算机主题指数,8904.5209,0.00544123715332923
2021-03-18,2021-03-04,930651.CSI,中证计算机主题指数,8683.2824,-0.024845637680518
2021-03-18,2021-03-05,930651.CSI,中证计算机主题指数,8754.039,0.00814860057989142
2021-03-18,2021-03-08,930651.CSI,中证计算机主题指数,8499.3218,-0.0290971059187651
2021-03-18,2021-03-09,930651.CSI,中证计算机主题指数,8285.9806,-0.0251009674677807
2021-03-18,2021-03-10,930651.CSI,中证计算机主题指数,8205.9384,-0.0096599550329628
2021-03-18,2021-03-11,930651.CSI,中证计算机主题指数,8353.7608,0.0180140762450764
2021-03-18,2021-03-12,930651.CSI,中证计算机主题指数,8251.4853,-0.0122430486637827
2021-03-18,2021-03-15,930651.CSI,中证计算机主题指数,8084.7053,-0.0202121186594129
2021-03-18,2021-03-16,930651.CSI,中证计算机主题指数,8129.0244,0.00548184483607583
2021-03-18,2021-03-17,930651.CSI,中证计算机主题指数,8190.6051,0.00757541089432578
2021-03-18,2021-03-18,930651.CSI,中证计算机主题指数,8219.7581,0.00355932188697494
2021-03-18,2021-03-19,930651.CSI,中证计算机主题指数,8084.819,-0.0164164320115453
2021-03-18,2020-12-16,930697.CSI,中证全指家用电器指数,12264.5292,0.00102947161848865
2021-03-18,2020-12-17,930697.CSI,中证全指家用电器指数,12553.6211,0.0235713817697951
2021-03-18,2020-12-18,930697.CSI,中证全指家用电器指数,12498.766,-0.0043696635068905
2021-03-18,2020-12-21,930697.CSI,中证全指家用电器指数,12525.6735,0.00215281252565269
2021-03-18,2020-12-22,930697.CSI,中证全指家用电器指数,12344.9339,-0.0144295314738965
2021-03-18,2020-12-23,930697.CSI,中证全指家用电器指数,12538.6623,0.0156929475337246
2021-03-18,2020-12-24,930697.CSI,中证全指家用电器指数,12475.3206,-0.00505171113827674
2021-03-18,2020-12-25,930697.CSI,中证全指家用电器指数,12531.6634,0.00451634084658314
2021-03-18,2020-12-28,930697.CSI,中证全指家用电器指数,12711.5155,0.0143518138222576
2021-03-18,2020-12-29,930697.CSI,中证全指家用电器指数,12555.8084,-0.0122492947438092
2021-03-18,2020-12-30,930697.CSI,中证全指家用电器指数,12604.2722,0.00385987094228035
2021-03-18,2020-12-31,930697.CSI,中证全指家用电器指数,12855.8963,0.0199633978072928
2021-03-18,2021-01-04,930697.CSI,中证全指家用电器指数,13028.8258,0.0134513763929474
2021-03-18,2021-01-05,930697.CSI,中证全指家用电器指数,13301.6664,0.0209413038587098
2021-03-18,2021-01-06,930697.CSI,中证全指家用电器指数,13202.6096,-0.00744694664722612
2021-03-18,2021-01-07,930697.CSI,中证全指家用电器指数,13400.6215,0.01499793646856
2021-03-18,2021-01-08,930697.CSI,中证全指家用电器指数,13510.9048,0.00822971531581573
2021-03-18,2021-01-11,930697.CSI,中证全指家用电器指数,13257.1017,-0.0187850557573317
2021-03-18,2021-01-12,930697.CSI,中证全指家用电器指数,13720.4577,0.034951530921725
2021-03-18,2021-01-13,930697.CSI,中证全指家用电器指数,13833.5886,0.00824541735222128
2021-03-18,2021-01-14,930697.CSI,中证全指家用电器指数,13536.3301,-0.021488169743605
2021-03-18,2021-01-15,930697.CSI,中证全指家用电器指数,13596.1261,0.00441744546404044
2021-03-18,2021-01-18,930697.CSI,中证全指家用电器指数,13761.0776,0.0121322425804804
2021-03-18,2021-01-19,930697.CSI,中证全指家用电器指数,13523.7939,-0.0172431045661715
2021-03-18,2021-01-20,930697.CSI,中证全指家用电器指数,13567.6129,0.00324014106721937
2021-03-18,2021-01-21,930697.CSI,中证全指家用电器指数,13793.4274,0.0166436425968493
2021-03-18,2021-01-22,930697.CSI,中证全指家用电器指数,13764.5631,-0.00209261260185423
2021-03-18,2021-01-25,930697.CSI,中证全指家用电器指数,13787.2645,0.00164926411649047
2021-03-18,2021-01-26,930697.CSI,中证全指家用电器指数,13417.9119,-0.0267894040910001
2021-03-18,2021-01-27,930697.CSI,中证全指家用电器指数,13434.6167,0.00124496271286456
2021-03-18,2021-01-28,930697.CSI,中证全指家用电器指数,12983.9207,-0.0335473657391356
2021-03-18,2021-01-29,930697.CSI,中证全指家用电器指数,12895.0581,-0.00684404981000852
2021-03-18,2021-02-01,930697.CSI,中证全指家用电器指数,13014.3204,0.00924868264067769
2021-03-18,2021-02-02,930697.CSI,中证全指家用电器指数,13373.9978,0.0276370481857815
2021-03-18,2021-02-03,930697.CSI,中证全指家用电器指数,13246.3678,-0.00954314498242248
2021-03-18,2021-02-04,930697.CSI,中证全指家用电器指数,13180.2935,-0.00498810700394414
2021-03-18,2021-02-05,930697.CSI,中证全指家用电器指数,13217.1789,0.00279852645163037
2021-03-18,2021-02-08,930697.CSI,中证全指家用电器指数,13226.2643,0.000687393283297366
2021-03-18,2021-02-09,930697.CSI,中证全指家用电器指数,13469.5929,0.0183973792206769
2021-03-18,2021-02-10,930697.CSI,中证全指家用电器指数,13622.5046,0.0113523624013907
2021-03-18,2021-02-18,930697.CSI,中证全指家用电器指数,13325.721,-0.0217862726946703
2021-03-18,2021-02-19,930697.CSI,中证全指家用电器指数,13282.2292,-0.00326374835552989
2021-03-18,2021-02-22,930697.CSI,中证全指家用电器指数,12686.2303,-0.0448719029784549
2021-03-18,2021-02-23,930697.CSI,中证全指家用电器指数,12688.653,0.000190970835520776
2021-03-18,2021-02-24,930697.CSI,中证全指家用电器指数,12739.8584,0.00403552686010089
2021-03-18,2021-02-25,930697.CSI,中证全指家用电器指数,12764.8017,0.00195789460265905
2021-03-18,2021-02-26,930697.CSI,中证全指家用电器指数,12511.0979,-0.0198752637105204
2021-03-18,2021-03-01,930697.CSI,中证全指家用电器指数,12726.505,0.0172172819461351
2021-03-18,2021-03-02,930697.CSI,中证全指家用电器指数,12745.0438,0.00145670787069974
2021-03-18,2021-03-03,930697.CSI,中证全指家用电器指数,12735.2155,-0.000771146820225055
2021-03-18,2021-03-04,930697.CSI,中证全指家用电器指数,12377.9885,-0.0280503302044635
2021-03-18,2021-03-05,930697.CSI,中证全指家用电器指数,12392.1867,0.00114705228559564
2021-03-18,2021-03-08,930697.CSI,中证全指家用电器指数,12112.1893,-0.02259467249634
2021-03-18,2021-03-09,930697.CSI,中证全指家用电器指数,11986.5689,-0.0103714032937051
2021-03-18,2021-03-10,930697.CSI,中证全指家用电器指数,12047.3714,0.00507255249665306
2021-03-18,2021-03-11,930697.CSI,中证全指家用电器指数,12210.2277,0.0135179944730515
2021-03-18,2021-03-12,930697.CSI,中证全指家用电器指数,12222.5224,0.00100691815927401
2021-03-18,2021-03-15,930697.CSI,中证全指家用电器指数,11959.4676,-0.0215221368708639
2021-03-18,2021-03-16,930697.CSI,中证全指家用电器指数,12123.1366,0.0136853081988366
2021-03-18,2021-03-17,930697.CSI,中证全指家用电器指数,12371.3545,0.0204747259879923
2021-03-18,2021-03-18,930697.CSI,中证全指家用电器指数,12442.0675,0.00571586563136628
2021-03-18,2021-03-19,930697.CSI,中证全指家用电器指数,12229.8253,-0.0170584350229573
2021-03-18,2020-12-16,931079.CSI,中证5G通信主题指数,1027.234,-0.00619078531741935
2021-03-18,2020-12-17,931079.CSI,中证5G通信主题指数,1031.0188,0.00368445748485757
2021-03-18,2020-12-18,931079.CSI,中证5G通信主题指数,1019.7044,-0.0109739996981627
2021-03-18,2020-12-21,931079.CSI,中证5G通信主题指数,1030.9097,0.010988772824752
2021-03-18,2020-12-22,931079.CSI,中证5G通信主题指数,1009.7417,-0.0205333212016532
2021-03-18,2020-12-23,931079.CSI,中证5G通信主题指数,1028.8199,0.0188941389664306
2021-03-18,2020-12-24,931079.CSI,中证5G通信主题指数,1017.6635,-0.0108438804498241
2021-03-18,2020-12-25,931079.CSI,中证5G通信主题指数,1014.6992,-0.00291284889356846
2021-03-18,2020-12-28,931079.CSI,中证5G通信主题指数,999.9584,-0.0145272608867731
2021-03-18,2020-12-29,931079.CSI,中证5G通信主题指数,1023.5504,0.0235929814680291
2021-03-18,2020-12-30,931079.CSI,中证5G通信主题指数,1025.6371,0.00203868808023522
2021-03-18,2020-12-31,931079.CSI,中证5G通信主题指数,1034.6545,0.00879199865137492
2021-03-18,2021-01-04,931079.CSI,中证5G通信主题指数,1048.3995,0.0132846278636973
2021-03-18,2021-01-05,931079.CSI,中证5G通信主题指数,1087.7166,0.0375020209376291
2021-03-18,2021-01-06,931079.CSI,中证5G通信主题指数,1066.8363,-0.0191964524582966
2021-03-18,2021-01-07,931079.CSI,中证5G通信主题指数,1064.2764,-0.00239952465059534
2021-03-18,2021-01-08,931079.CSI,中证5G通信主题指数,1081.809,0.0164737280653786
2021-03-18,2021-01-11,931079.CSI,中证5G通信主题指数,1098.9542,0.0158486387153369
2021-03-18,2021-01-12,931079.CSI,中证5G通信主题指数,1110.982,0.0109447691268663
2021-03-18,2021-01-13,931079.CSI,中证5G通信主题指数,1128.5964,0.0158548023280305
2021-03-18,2021-01-14,931079.CSI,中证5G通信主题指数,1125.6933,-0.00257231017217496
2021-03-18,2021-01-15,931079.CSI,中证5G通信主题指数,1100.0046,-0.0228203365872391
2021-03-18,2021-01-18,931079.CSI,中证5G通信主题指数,1139.7122,0.0360976672279369
2021-03-18,2021-01-19,931079.CSI,中证5G通信主题指数,1116.916,-0.0200017162227446
2021-03-18,2021-01-20,931079.CSI,中证5G通信主题指数,1118.4223,0.00134862424748139
2021-03-18,2021-01-21,931079.CSI,中证5G通信主题指数,1118.1529,-0.000240875025471099
2021-03-18,2021-01-22,931079.CSI,中证5G通信主题指数,1094.1043,-0.0215074342694993
2021-03-18,2021-01-25,931079.CSI,中证5G通信主题指数,1073.1099,-0.0191886641885971
2021-03-18,2021-01-26,931079.CSI,中证5G通信主题指数,1047.0911,-0.0242461652809277
2021-03-18,2021-01-27,931079.CSI,中证5G通信主题指数,1050.6287,0.00337850259638328
2021-03-18,2021-01-28,931079.CSI,中证5G通信主题指数,1006.9004,-0.0416210788835294
2021-03-18,2021-01-29,931079.CSI,中证5G通信主题指数,1000.6644,-0.00619326400108688
2021-03-18,2021-02-01,931079.CSI,中证5G通信主题指数,1004.4247,0.00375780331547726
2021-03-18,2021-02-02,931079.CSI,中证5G通信主题指数,1015.1394,0.0106674995148965
2021-03-18,2021-02-03,931079.CSI,中证5G通信主题指数,987.0699,-0.027650882233514
2021-03-18,2021-02-04,931079.CSI,中证5G通信主题指数,974.1154,-0.0131241971819827
2021-03-18,2021-02-05,931079.CSI,中证5G通信主题指数,954.8421,-0.0197854381523996
2021-03-18,2021-02-08,931079.CSI,中证5G通信主题指数,957.3555,0.00263226768069824
2021-03-18,2021-02-09,931079.CSI,中证5G通信主题指数,978.1582,0.0217293366988542
2021-03-18,2021-02-10,931079.CSI,中证5G通信主题指数,999.7391,0.0220627910699926
2021-03-18,2021-02-18,931079.CSI,中证5G通信主题指数,1002.9117,0.00317342794735143
2021-03-18,2021-02-19,931079.CSI,中证5G通信主题指数,1012.1656,0.00922703364613264
2021-03-18,2021-02-22,931079.CSI,中证5G通信主题指数,989.1453,-0.0227436103341193
2021-03-18,2021-02-23,931079.CSI,中证5G通信主题指数,985.9355,-0.00324502375940117
2021-03-18,2021-02-24,931079.CSI,中证5G通信主题指数,987.5421,0.00162951836098801
2021-03-18,2021-02-25,931079.CSI,中证5G通信主题指数,981.7116,-0.00590405209053879
2021-03-18,2021-02-26,931079.CSI,中证5G通信主题指数,973.3454,-0.00852205474601697
2021-03-18,2021-03-01,931079.CSI,中证5G通信主题指数,998.3721,0.0257120442547938
2021-03-18,2021-03-02,931079.CSI,中证5G通信主题指数,1003.6372,0.00527368503186332
2021-03-18,2021-03-03,931079.CSI,中证5G通信主题指数,1008.4355,0.0047809108709802
2021-03-18,2021-03-04,931079.CSI,中证5G通信主题指数,970.1893,-0.0379262729247434
2021-03-18,2021-03-05,931079.CSI,中证5G通信主题指数,982.8241,0.0130230255064656
2021-03-18,2021-03-08,931079.CSI,中证5G通信主题指数,954.5914,-0.0287260965619383
2021-03-18,2021-03-09,931079.CSI,中证5G通信主题指数,920.0656,-0.036168144820915
2021-03-18,2021-03-10,931079.CSI,中证5G通信主题指数,911.4868,-0.00932411775855979
2021-03-18,2021-03-11,931079.CSI,中证5G通信主题指数,921.1839,0.0106387717298813
2021-03-18,2021-03-12,931079.CSI,中证5G通信主题指数,904.8614,-0.0177190461101198
2021-03-18,2021-03-15,931079.CSI,中证5G通信主题指数,866.8023,-0.0420606957043367
2021-03-18,2021-03-16,931079.CSI,中证5G通信主题指数,864.7732,-0.00234090287946853
2021-03-18,2021-03-17,931079.CSI,中证5G通信主题指数,878.0822,0.0153901624148389
2021-03-18,2021-03-18,931079.CSI,中证5G通信主题指数,873.2032,-0.00555642740508788
2021-03-18,2021-03-19,931079.CSI,中证5G通信主题指数,852.4399,-0.0237783141426876
2021-03-18,2020-12-16,931087.CSI,中证科技龙头指数,4681.6267,-0.000699822043361387
2021-03-18,2020-12-17,931087.CSI,中证科技龙头指数,4750.3067,0.0146701145565493
2021-03-18,2020-12-18,931087.CSI,中证科技龙头指数,4731.7297,-0.00391069486102869
2021-03-18,2020-12-21,931087.CSI,中证科技龙头指数,4802.5764,0.014972685358591
2021-03-18,2020-12-22,931087.CSI,中证科技龙头指数,4699.5177,-0.0214590443579408
2021-03-18,2020-12-23,931087.CSI,中证科技龙头指数,4764.3101,0.0137870318054125
2021-03-18,2020-12-24,931087.CSI,中证科技龙头指数,4750.2952,-0.00294164311428846
2021-03-18,2020-12-25,931087.CSI,中证科技龙头指数,4794.5173,0.00930933723866278
2021-03-18,2020-12-28,931087.CSI,中证科技龙头指数,4738.3051,-0.0117242667994963
2021-03-18,2020-12-29,931087.CSI,中证科技龙头指数,4762.4503,0.00509574615615205
2021-03-18,2020-12-30,931087.CSI,中证科技龙头指数,4871.5261,0.0229032941299145
2021-03-18,2020-12-31,931087.CSI,中证科技龙头指数,4929.414,0.0118829087254608
2021-03-18,2021-01-04,931087.CSI,中证科技龙头指数,4984.5353,0.0111821202276781
2021-03-18,2021-01-05,931087.CSI,中证科技龙头指数,5163.6763,0.035939358278795
2021-03-18,2021-01-06,931087.CSI,中证科技龙头指数,5171.3174,0.00147977904811736
2021-03-18,2021-01-07,931087.CSI,中证科技龙头指数,5209.3803,0.00736038750976675
2021-03-18,2021-01-08,931087.CSI,中证科技龙头指数,5241.6243,0.00618960378070321
2021-03-18,2021-01-11,931087.CSI,中证科技龙头指数,5288.0333,0.00885393483848129
2021-03-18,2021-01-12,931087.CSI,中证科技龙头指数,5417.7418,0.0245286844165675
2021-03-18,2021-01-13,931087.CSI,中证科技龙头指数,5396.9139,-0.00384438771150009
2021-03-18,2021-01-14,931087.CSI,中证科技龙头指数,5329.6456,-0.0124642158919748
2021-03-18,2021-01-15,931087.CSI,中证科技龙头指数,5279.778,-0.00935664465194452
2021-03-18,2021-01-18,931087.CSI,中证科技龙头指数,5386.5322,0.0202194486207563
2021-03-18,2021-01-19,931087.CSI,中证科技龙头指数,5300.1663,-0.0160336737613858
2021-03-18,2021-01-20,931087.CSI,中证科技龙头指数,5360.1327,0.0113140600890203
2021-03-18,2021-01-21,931087.CSI,中证科技龙头指数,5471.7221,0.0208184024996247
2021-03-18,2021-01-22,931087.CSI,中证科技龙头指数,5512.7179,0.00749230301736259
2021-03-18,2021-01-25,931087.CSI,中证科技龙头指数,5480.1419,-0.00590924487538169
2021-03-18,2021-01-26,931087.CSI,中证科技龙头指数,5288.7514,-0.0349243693853984
2021-03-18,2021-01-27,931087.CSI,中证科技龙头指数,5333.7216,0.00850298994957477
2021-03-18,2021-01-28,931087.CSI,中证科技龙头指数,5075.6802,-0.0483792404912923
2021-03-18,2021-01-29,931087.CSI,中证科技龙头指数,5051.8887,-0.004687352051849
2021-03-18,2021-02-01,931087.CSI,中证科技龙头指数,5102.6711,0.010052161283759
2021-03-18,2021-02-02,931087.CSI,中证科技龙头指数,5183.7429,0.0158881100527919
2021-03-18,2021-02-03,931087.CSI,中证科技龙头指数,5051.2842,-0.0255527140437463
2021-03-18,2021-02-04,931087.CSI,中证科技龙头指数,4998.277,-0.0104938067036497
2021-03-18,2021-02-05,931087.CSI,中证科技龙头指数,4963.8275,-0.00689227507799184
2021-03-18,2021-02-08,931087.CSI,中证科技龙头指数,5023.4514,0.0120116784880215
2021-03-18,2021-02-09,931087.CSI,中证科技龙头指数,5146.6993,0.0245345062958109
2021-03-18,2021-02-10,931087.CSI,中证科技龙头指数,5262.7926,0.0225568453163758
2021-03-18,2021-02-18,931087.CSI,中证科技龙头指数,5154.3119,-0.0206127636494738
2021-03-18,2021-02-19,931087.CSI,中证科技龙头指数,5136.785,-0.00340043449834693
2021-03-18,2021-02-22,931087.CSI,中证科技龙头指数,4976.2822,-0.0312457694842202
2021-03-18,2021-02-23,931087.CSI,中证科技龙头指数,4981.4739,0.00104328890351124
2021-03-18,2021-02-24,931087.CSI,中证科技龙头指数,4888.1805,-0.0187280716255483
2021-03-18,2021-02-25,931087.CSI,中证科技龙头指数,4861.771,-0.00540272602454039
2021-03-18,2021-02-26,931087.CSI,中证科技龙头指数,4808.0923,-0.0110409766317664
2021-03-18,2021-03-01,931087.CSI,中证科技龙头指数,4910.9657,0.0213958870964268
2021-03-18,2021-03-02,931087.CSI,中证科技龙头指数,4890.2085,-0.00422670433230676
2021-03-18,2021-03-03,931087.CSI,中证科技龙头指数,4950.0566,0.0122383534362593
2021-03-18,2021-03-04,931087.CSI,中证科技龙头指数,4782.4132,-0.0338669662888299
2021-03-18,2021-03-05,931087.CSI,中证科技龙头指数,4790.7276,0.00173853651959655
2021-03-18,2021-03-08,931087.CSI,中证科技龙头指数,4601.8496,-0.0394257440143332
2021-03-18,2021-03-09,931087.CSI,中证科技龙头指数,4467.9276,-0.0291017768160001
2021-03-18,2021-03-10,931087.CSI,中证科技龙头指数,4489.7902,0.00489323058860669
2021-03-18,2021-03-11,931087.CSI,中证科技龙头指数,4537.5373,0.0106345949082431
2021-03-18,2021-03-12,931087.CSI,中证科技龙头指数,4502.2034,-0.00778702138712994
2021-03-18,2021-03-15,931087.CSI,中证科技龙头指数,4328.5753,-0.0385651390161537
2021-03-18,2021-03-16,931087.CSI,中证科技龙头指数,4321.4875,-0.00163744408004185
2021-03-18,2021-03-17,931087.CSI,中证科技龙头指数,4386.8519,0.0151254400249912
2021-03-18,2021-03-18,931087.CSI,中证科技龙头指数,4407.2918,0.00465935492374392
2021-03-18,2021-03-19,931087.CSI,中证科技龙头指数,4296.772,-0.0250765787733864
2021-03-18,2020-12-16,931160.CSI,中证全指通信设备指数,5501.8843,-0.0223611079891676
2021-03-18,2020-12-17,931160.CSI,中证全指通信设备指数,5519.6564,0.00323018424796762
2021-03-18,2020-12-18,931160.CSI,中证全指通信设备指数,5473.0062,-0.00845164927295117
2021-03-18,2020-12-21,931160.CSI,中证全指通信设备指数,5527.6928,0.00999205884327337
2021-03-18,2020-12-22,931160.CSI,中证全指通信设备指数,5395.9064,-0.0238411222852326
2021-03-18,2020-12-23,931160.CSI,中证全指通信设备指数,5463.5109,0.0125288496479481
2021-03-18,2020-12-24,931160.CSI,中证全指通信设备指数,5370.8433,-0.0169611814996103
2021-03-18,2020-12-25,931160.CSI,中证全指通信设备指数,5372.541,0.000316095612024281
2021-03-18,2020-12-28,931160.CSI,中证全指通信设备指数,5276.3708,-0.0179003194205499
2021-03-18,2020-12-29,931160.CSI,中证全指通信设备指数,5498.179,0.0420380235596787
2021-03-18,2020-12-30,931160.CSI,中证全指通信设备指数,5499.8533,0.000304519005292381
2021-03-18,2020-12-31,931160.CSI,中证全指通信设备指数,5552.8701,0.00963967529824838
2021-03-18,2021-01-04,931160.CSI,中证全指通信设备指数,5652.3556,0.0179160502962243
2021-03-18,2021-01-05,931160.CSI,中证全指通信设备指数,5733.9326,0.0144323899225307
2021-03-18,2021-01-06,931160.CSI,中证全指通信设备指数,5622.0372,-0.0195145998053762
2021-03-18,2021-01-07,931160.CSI,中证全指通信设备指数,5493.3364,-0.0228922000018071
2021-03-18,2021-01-08,931160.CSI,中证全指通信设备指数,5563.7084,0.0128104297417504
2021-03-18,2021-01-11,931160.CSI,中证全指通信设备指数,5603.062,0.00707326789448559
2021-03-18,2021-01-12,931160.CSI,中证全指通信设备指数,5655.6148,0.0093793001041218
2021-03-18,2021-01-13,931160.CSI,中证全指通信设备指数,5725.8436,0.0124175359326097
2021-03-18,2021-01-14,931160.CSI,中证全指通信设备指数,5795.1838,0.012110040868039
2021-03-18,2021-01-15,931160.CSI,中证全指通信设备指数,5708.3039,-0.0149917419357778
2021-03-18,2021-01-18,931160.CSI,中证全指通信设备指数,5888.5359,0.0315736518512968
2021-03-18,2021-01-19,931160.CSI,中证全指通信设备指数,5842.6081,-0.00779952789283322
2021-03-18,2021-01-20,931160.CSI,中证全指通信设备指数,5872.3549,0.00509135637558855
2021-03-18,2021-01-21,931160.CSI,中证全指通信设备指数,5881.355,0.00153262194694648
2021-03-18,2021-01-22,931160.CSI,中证全指通信设备指数,5750.7375,-0.0222087427132012
2021-03-18,2021-01-25,931160.CSI,中证全指通信设备指数,5670.5025,-0.0139521235319818
2021-03-18,2021-01-26,931160.CSI,中证全指通信设备指数,5574.6258,-0.0169079724415957
2021-03-18,2021-01-27,931160.CSI,中证全指通信设备指数,5567.4025,-0.00129574616470218
2021-03-18,2021-01-28,931160.CSI,中证全指通信设备指数,5365.214,-0.0363164869074941
2021-03-18,2021-01-29,931160.CSI,中证全指通信设备指数,5327.5728,-0.00701578725471153
2021-03-18,2021-02-01,931160.CSI,中证全指通信设备指数,5274.2994,-0.00999956302802663
2021-03-18,2021-02-02,931160.CSI,中证全指通信设备指数,5301.3054,0.00512030090669491
2021-03-18,2021-02-03,931160.CSI,中证全指通信设备指数,5189.5011,-0.0210899564473308
2021-03-18,2021-02-04,931160.CSI,中证全指通信设备指数,5167.6453,-0.00421154164511117
2021-03-18,2021-02-05,931160.CSI,中证全指通信设备指数,5128.1316,-0.00764636458311108
2021-03-18,2021-02-08,931160.CSI,中证全指通信设备指数,5196.4116,0.0133147909074722
2021-03-18,2021-02-09,931160.CSI,中证全指通信设备指数,5314.2404,0.0226750321317886
2021-03-18,2021-02-10,931160.CSI,中证全指通信设备指数,5394.8162,0.0151622421898716
2021-03-18,2021-02-18,931160.CSI,中证全指通信设备指数,5466.5082,0.0132890532952725
2021-03-18,2021-02-19,931160.CSI,中证全指通信设备指数,5534.7808,0.0124892522799107
2021-03-18,2021-02-22,931160.CSI,中证全指通信设备指数,5435.7896,-0.0178852972822339
2021-03-18,2021-02-23,931160.CSI,中证全指通信设备指数,5431.7104,-0.000750433754831192
2021-03-18,2021-02-24,931160.CSI,中证全指通信设备指数,5394.1756,-0.00691030950398241
2021-03-18,2021-02-25,931160.CSI,中证全指通信设备指数,5361.2892,-0.00609664987546932
2021-03-18,2021-02-26,931160.CSI,中证全指通信设备指数,5368.7271,0.00138733422550685
2021-03-18,2021-03-01,931160.CSI,中证全指通信设备指数,5474.0636,0.019620386366817
2021-03-18,2021-03-02,931160.CSI,中证全指通信设备指数,5436.2218,-0.00691292662365128
2021-03-18,2021-03-03,931160.CSI,中证全指通信设备指数,5479.5219,0.00796510914988779
2021-03-18,2021-03-04,931160.CSI,中证全指通信设备指数,5360.9243,-0.0216437861120694
2021-03-18,2021-03-05,931160.CSI,中证全指通信设备指数,5420.2355,0.0110636145337848
2021-03-18,2021-03-08,931160.CSI,中证全指通信设备指数,5344.6227,-0.0139500949728106
2021-03-18,2021-03-09,931160.CSI,中证全指通信设备指数,5193.3985,-0.0282946446341291
2021-03-18,2021-03-10,931160.CSI,中证全指通信设备指数,5135.7867,-0.0110932754341884
2021-03-18,2021-03-11,931160.CSI,中证全指通信设备指数,5185.2179,0.00962485455246798
2021-03-18,2021-03-12,931160.CSI,中证全指通信设备指数,5133.3087,-0.0100109968377606
2021-03-18,2021-03-15,931160.CSI,中证全指通信设备指数,4986.527,-0.0285939748762819
2021-03-18,2021-03-16,931160.CSI,中证全指通信设备指数,5042.9116,0.0113073888901034
2021-03-18,2021-03-17,931160.CSI,中证全指通信设备指数,5161.7921,0.0235737822570594
2021-03-18,2021-03-18,931160.CSI,中证全指通信设备指数,5129.7074,-0.00621580632819352
2021-03-18,2021-03-19,931160.CSI,中证全指通信设备指数,5082.9447,-0.00911605601520282
2021-03-18,2020-12-16,931775.CSI,中证全指房地产指数,5231.2022,-0.00486511031379122
2021-03-18,2020-12-17,931775.CSI,中证全指房地产指数,5266.407,0.00672977236475392
2021-03-18,2020-12-18,931775.CSI,中证全指房地产指数,5228.6412,-0.00717107508022075
2021-03-18,2020-12-21,931775.CSI,中证全指房地产指数,5211.7724,-0.00322623017238211
2021-03-18,2020-12-22,931775.CSI,中证全指房地产指数,5156.5603,-0.0105937281528257
2021-03-18,2020-12-23,931775.CSI,中证全指房地产指数,5140.7608,-0.0030639610672254
2021-03-18,2020-12-24,931775.CSI,中证全指房地产指数,5067.5163,-0.0142477938284932
2021-03-18,2020-12-25,931775.CSI,中证全指房地产指数,5076.0619,0.0016863487937866
2021-03-18,2020-12-28,931775.CSI,中证全指房地产指数,5035.4369,-0.00800325149699221
2021-03-18,2020-12-29,931775.CSI,中证全指房地产指数,5077.1236,0.00827866594852966
2021-03-18,2020-12-30,931775.CSI,中证全指房地产指数,5061.6316,-0.00305133402700697
2021-03-18,2020-12-31,931775.CSI,中证全指房地产指数,5125.3522,0.0125889446399063
2021-03-18,2021-01-04,931775.CSI,中证全指房地产指数,5008.9389,-0.0227132293464632
2021-03-18,2021-01-05,931775.CSI,中证全指房地产指数,5001.8445,-0.00141634788158429
2021-03-18,2021-01-06,931775.CSI,中证全指房地产指数,5002.2482,8.07102259976489e-05
2021-03-18,2021-01-07,931775.CSI,中证全指房地产指数,4925.533,-0.0153361442560966
2021-03-18,2021-01-08,931775.CSI,中证全指房地产指数,4983.0519,0.0116777006671156
2021-03-18,2021-01-11,931775.CSI,中证全指房地产指数,4954.7164,-0.0056863746492386
2021-03-18,2021-01-12,931775.CSI,中证全指房地产指数,4956.6549,0.000391243381760553
2021-03-18,2021-01-13,931775.CSI,中证全指房地产指数,4965.4186,0.00176806741175373
2021-03-18,2021-01-14,931775.CSI,中证全指房地产指数,5017.357,0.010460024457958
2021-03-18,2021-01-15,931775.CSI,中证全指房地产指数,5038.138,0.00414182207883562
2021-03-18,2021-01-18,931775.CSI,中证全指房地产指数,5116.9277,0.015638654598187
2021-03-18,2021-01-19,931775.CSI,中证全指房地产指数,5236.1314,0.0232959515922024
2021-03-18,2021-01-20,931775.CSI,中证全指房地产指数,5158.689,-0.0147900031691336
2021-03-18,2021-01-21,931775.CSI,中证全指房地产指数,5115.2149,-0.00842735431424546
2021-03-18,2021-01-22,931775.CSI,中证全指房地产指数,4995.9979,-0.0233063521925539
2021-03-18,2021-01-25,931775.CSI,中证全指房地产指数,4943.9747,-0.0104129747532521
2021-03-18,2021-01-26,931775.CSI,中证全指房地产指数,4938.5521,-0.00109680981983984
2021-03-18,2021-01-27,931775.CSI,中证全指房地产指数,4905.9993,-0.0065915675973125
2021-03-18,2021-01-28,931775.CSI,中证全指房地产指数,4829.0449,-0.0156857747615252
2021-03-18,2021-01-29,931775.CSI,中证全指房地产指数,4747.4639,-0.0168938168290794
2021-03-18,2021-02-01,931775.CSI,中证全指房地产指数,4774.3092,0.0056546612181716
2021-03-18,2021-02-02,931775.CSI,中证全指房地产指数,4792.3059,0.00376948774076058
2021-03-18,2021-02-03,931775.CSI,中证全指房地产指数,4738.9674,-0.0111300282396414
2021-03-18,2021-02-04,931775.CSI,中证全指房地产指数,4679.4375,-0.0125617871944003
2021-03-18,2021-02-05,931775.CSI,中证全指房地产指数,4754.4961,0.0160400902886297
2021-03-18,2021-02-08,931775.CSI,中证全指房地产指数,4761.0674,0.00138212333374299
2021-03-18,2021-02-09,931775.CSI,中证全指房地产指数,4767.528,0.00135696461680013
2021-03-18,2021-02-10,931775.CSI,中证全指房地产指数,4762.0305,-0.00115311331155277
2021-03-18,2021-02-18,931775.CSI,中证全指房地产指数,4913.1942,0.0317435388118577
2021-03-18,2021-02-19,931775.CSI,中证全指房地产指数,5005.0852,0.0187029041107312
2021-03-18,2021-02-22,931775.CSI,中证全指房地产指数,5039.5596,0.00688787475585806
2021-03-18,2021-02-23,931775.CSI,中证全指房地产指数,4989.7119,-0.0098912809762185
2021-03-18,2021-02-24,931775.CSI,中证全指房地产指数,5017.0297,0.00547482510964215
2021-03-18,2021-02-25,931775.CSI,中证全指房地产指数,5299.0511,0.0562128224993366
2021-03-18,2021-02-26,931775.CSI,中证全指房地产指数,5174.0857,-0.0235825995337166
2021-03-18,2021-03-01,931775.CSI,中证全指房地产指数,5218.4462,0.00857359204545083
2021-03-18,2021-03-02,931775.CSI,中证全指房地产指数,5177.8397,-0.00778133920399526
2021-03-18,2021-03-03,931775.CSI,中证全指房地产指数,5219.2349,0.00799468550561722
2021-03-18,2021-03-04,931775.CSI,中证全指房地产指数,5162.5674,-0.0108574342955901
2021-03-18,2021-03-05,931775.CSI,中证全指房地产指数,5094.739,-0.0131385015912819
2021-03-18,2021-03-08,931775.CSI,中证全指房地产指数,5036.2083,-0.0114884589769956
2021-03-18,2021-03-09,931775.CSI,中证全指房地产指数,4966.274,-0.0138863001357589
2021-03-18,2021-03-10,931775.CSI,中证全指房地产指数,4908.7146,-0.0115900572541909
2021-03-18,2021-03-11,931775.CSI,中证全指房地产指数,4977.9326,0.0141010438863161
2021-03-18,2021-03-12,931775.CSI,中证全指房地产指数,5053.1207,0.0151042824485008
2021-03-18,2021-03-15,931775.CSI,中证全指房地产指数,5050.5885,-0.000501116072687657
2021-03-18,2021-03-16,931775.CSI,中证全指房地产指数,5187.5444,0.0271168201487806
2021-03-18,2021-03-17,931775.CSI,中证全指房地产指数,5174.9323,-0.00243122738380785
2021-03-18,2021-03-18,931775.CSI,中证全指房地产指数,5171.6523,-0.000633824716895437
2021-03-18,2021-03-19,931775.CSI,中证全指房地产指数,5071.9698,-0.0192747876727908
2021-03-18,2020-12-16,980017.SZ,国证半导体芯片指数,8797.6703,-0.013471817417403
2021-03-18,2020-12-17,980017.SZ,国证半导体芯片指数,8845.3133,0.00541541094123521
2021-03-18,2020-12-18,980017.SZ,国证半导体芯片指数,8781.7463,-0.00718651763301581
2021-03-18,2020-12-21,980017.SZ,国证半导体芯片指数,8996.7571,0.0244838318774934
2021-03-18,2020-12-22,980017.SZ,国证半导体芯片指数,8672.0097,-0.0360960506536294
2021-03-18,2020-12-23,980017.SZ,国证半导体芯片指数,8953.1273,0.0324166611575629
2021-03-18,2020-12-24,980017.SZ,国证半导体芯片指数,8924.4113,-0.00320737090379586
2021-03-18,2020-12-25,980017.SZ,国证半导体芯片指数,8855.724,-0.00769656369378668
2021-03-18,2020-12-28,980017.SZ,国证半导体芯片指数,8732.7207,-0.0138896943942698
2021-03-18,2020-12-29,980017.SZ,国证半导体芯片指数,8766.321,0.00384763250243414
2021-03-18,2020-12-30,980017.SZ,国证半导体芯片指数,8877.9405,0.0127327644059578
2021-03-18,2020-12-31,980017.SZ,国证半导体芯片指数,8999.452,0.0136869018214301
2021-03-18,2021-01-04,980017.SZ,国证半导体芯片指数,9252.309,0.0280969330132546
2021-03-18,2021-01-05,980017.SZ,国证半导体芯片指数,9719.926,0.0505405731693569
2021-03-18,2021-01-06,980017.SZ,国证半导体芯片指数,9575.3676,-0.014872376600398
2021-03-18,2021-01-07,980017.SZ,国证半导体芯片指数,9657.8571,0.00861476064898015
2021-03-18,2021-01-08,980017.SZ,国证半导体芯片指数,9631.2194,-0.00275813772394695
2021-03-18,2021-01-11,980017.SZ,国证半导体芯片指数,9792.9762,0.0167950488180135
2021-03-18,2021-01-12,980017.SZ,国证半导体芯片指数,10040.4171,0.0252671807779949
2021-03-18,2021-01-13,980017.SZ,国证半导体芯片指数,10233.489,0.0192294700585696
2021-03-18,2021-01-14,980017.SZ,国证半导体芯片指数,10199.6565,-0.00330605720101917
2021-03-18,2021-01-15,980017.SZ,国证半导体芯片指数,9997.6936,-0.019800951139874
2021-03-18,2021-01-18,980017.SZ,国证半导体芯片指数,10589.9623,0.0592405332365855
2021-03-18,2021-01-19,980017.SZ,国证半导体芯片指数,10420.9444,-0.015960198460763
2021-03-18,2021-01-20,980017.SZ,国证半导体芯片指数,10513.6681,0.00889782119939153
2021-03-18,2021-01-21,980017.SZ,国证半导体芯片指数,10520.1411,0.000615674751992534
2021-03-18,2021-01-22,980017.SZ,国证半导体芯片指数,10385.6872,-0.0127806175527437
2021-03-18,2021-01-25,980017.SZ,国证半导体芯片指数,10252.0614,-0.0128663416706792
2021-03-18,2021-01-26,980017.SZ,国证半导体芯片指数,10021.215,-0.0225170715423144
2021-03-18,2021-01-27,980017.SZ,国证半导体芯片指数,9967.915,-0.00531871634327763
2021-03-18,2021-01-28,980017.SZ,国证半导体芯片指数,9543.8754,-0.0425404510371528
2021-03-18,2021-01-29,980017.SZ,国证半导体芯片指数,9354.4774,-0.0198449782779018
2021-03-18,2021-02-01,980017.SZ,国证半导体芯片指数,9406.0987,0.00551835209949836
2021-03-18,2021-02-02,980017.SZ,国证半导体芯片指数,9489.1739,0.00883205701424328
2021-03-18,2021-02-03,980017.SZ,国证半导体芯片指数,9138.0712,-0.0370003441500845
2021-03-18,2021-02-04,980017.SZ,国证半导体芯片指数,9122.574,-0.00169589398690606
2021-03-18,2021-02-05,980017.SZ,国证半导体芯片指数,8895.4029,-0.0249020835566806
2021-03-18,2021-02-08,980017.SZ,国证半导体芯片指数,9155.107,0.029195316155944
2021-03-18,2021-02-09,980017.SZ,国证半导体芯片指数,9283.9594,0.0140743740078624
2021-03-18,2021-02-10,980017.SZ,国证半导体芯片指数,9356.1413,0.00777490474592124
2021-03-18,2021-02-18,980017.SZ,国证半导体芯片指数,9586.3664,0.0246068429941306
2021-03-18,2021-02-19,980017.SZ,国证半导体芯片指数,9540.0668,-0.00482973402727438
2021-03-18,2021-02-22,980017.SZ,国证半导体芯片指数,9294.9277,-0.0256957425077988
2021-03-18,2021-02-23,980017.SZ,国证半导体芯片指数,9190.1632,-0.0112711473807375
2021-03-18,2021-02-24,980017.SZ,国证半导体芯片指数,9263.3193,0.00796026124976734
2021-03-18,2021-02-25,980017.SZ,国证半导体芯片指数,9185.0626,-0.00844801927533689
2021-03-18,2021-02-26,980017.SZ,国证半导体芯片指数,9050.5252,-0.0146474124193774
2021-03-18,2021-03-01,980017.SZ,国证半导体芯片指数,9384.8249,0.0369370497968449
2021-03-18,2021-03-02,980017.SZ,国证半导体芯片指数,9484.385,0.0106086262728249
2021-03-18,2021-03-03,980017.SZ,国证半导体芯片指数,9493.4123,0.000951806574701397
2021-03-18,2021-03-04,980017.SZ,国证半导体芯片指数,9156.571,-0.0354815833712394
2021-03-18,2021-03-05,980017.SZ,国证半导体芯片指数,9076.6508,-0.00872818001411235
2021-03-18,2021-03-08,980017.SZ,国证半导体芯片指数,8677.7707,-0.0439457360197222
2021-03-18,2021-03-09,980017.SZ,国证半导体芯片指数,8234.0849,-0.051129007130829
2021-03-18,2021-03-10,980017.SZ,国证半导体芯片指数,8241.9104,0.00095037883323279
2021-03-18,2021-03-11,980017.SZ,国证半导体芯片指数,8505.3281,0.0319607575447556
2021-03-18,2021-03-12,980017.SZ,国证半导体芯片指数,8370.1103,-0.0158980110361645
2021-03-18,2021-03-15,980017.SZ,国证半导体芯片指数,8007.8791,-0.0432767534736072
2021-03-18,2021-03-16,980017.SZ,国证半导体芯片指数,7957.459,-0.00629631134166353
2021-03-18,2021-03-17,980017.SZ,国证半导体芯片指数,8198.6002,0.0303037942137059
2021-03-18,2021-03-18,980017.SZ,国证半导体芯片指数,8206.7352,0.000992242553795819
2021-03-18,2021-03-19,980017.SZ,国证半导体芯片指数,8137.5652,-0.00842844301836365
2021-03-18,2020-12-16,H30035.CSI,沪深300非银行金融指数,11714.4565,-0.00156764987056213
2021-03-18,2020-12-17,H30035.CSI,沪深300非银行金融指数,12003.2013,0.0246485869831008
2021-03-18,2020-12-18,H30035.CSI,沪深300非银行金融指数,11854.9589,-0.0123502385984313
2021-03-18,2020-12-21,H30035.CSI,沪深300非银行金融指数,11880.9039,0.00218853563465315
2021-03-18,2020-12-22,H30035.CSI,沪深300非银行金融指数,11422.9221,-0.0385477236290077
2021-03-18,2020-12-23,H30035.CSI,沪深300非银行金融指数,11507.3223,0.00738866983956754
2021-03-18,2020-12-24,H30035.CSI,沪深300非银行金融指数,11415.6494,-0.00796648408813572
2021-03-18,2020-12-25,H30035.CSI,沪深300非银行金融指数,11417.6682,0.000176844954611122
2021-03-18,2020-12-28,H30035.CSI,沪深300非银行金融指数,11463.3482,0.00400081690935816
2021-03-18,2020-12-29,H30035.CSI,沪深300非银行金融指数,11534.9126,0.00624288809442253
2021-03-18,2020-12-30,H30035.CSI,沪深300非银行金融指数,11672.4436,0.0119230205524055
2021-03-18,2020-12-31,H30035.CSI,沪深300非银行金融指数,12056.2585,0.0328821378927031
2021-03-18,2021-01-04,H30035.CSI,沪深300非银行金融指数,12025.7031,-0.00253440153095585
2021-03-18,2021-01-05,H30035.CSI,沪深300非银行金融指数,11970.7078,-0.00457314633021333
2021-03-18,2021-01-06,H30035.CSI,沪深300非银行金融指数,12075.6046,0.00876279011672154
2021-03-18,2021-01-07,H30035.CSI,沪深300非银行金融指数,12207.2671,0.0109031807815236
2021-03-18,2021-01-08,H30035.CSI,沪深300非银行金融指数,12142.4435,-0.00531024671361535
2021-03-18,2021-01-11,H30035.CSI,沪深300非银行金融指数,11862.3622,-0.0230663045704104
2021-03-18,2021-01-12,H30035.CSI,沪深300非银行金融指数,12593.4759,0.0616330615836362
2021-03-18,2021-01-13,H30035.CSI,沪深300非银行金融指数,12410.8474,-0.0145018342394254
2021-03-18,2021-01-14,H30035.CSI,沪深300非银行金融指数,12115.191,-0.0238224184434014
2021-03-18,2021-01-15,H30035.CSI,沪深300非银行金融指数,12205.6373,0.00746552819513946
2021-03-18,2021-01-18,H30035.CSI,沪深300非银行金融指数,12296.8647,0.00747420210495675
2021-03-18,2021-01-19,H30035.CSI,沪深300非银行金融指数,12280.8834,-0.00129962396024408
2021-03-18,2021-01-20,H30035.CSI,沪深300非银行金融指数,12174.8126,-0.00863706596220926
2021-03-18,2021-01-21,H30035.CSI,沪深300非银行金融指数,12249.919,0.00616899844520002
2021-03-18,2021-01-22,H30035.CSI,沪深300非银行金融指数,12020.7598,-0.0187069971646343
2021-03-18,2021-01-25,H30035.CSI,沪深300非银行金融指数,12059.8411,0.0032511505637105
2021-03-18,2021-01-26,H30035.CSI,沪深300非银行金融指数,11667.8764,-0.0325016471402763
2021-03-18,2021-01-27,H30035.CSI,沪深300非银行金融指数,11685.2231,0.00148670584134747
2021-03-18,2021-01-28,H30035.CSI,沪深300非银行金融指数,11512.4544,-0.014785229047103
2021-03-18,2021-01-29,H30035.CSI,沪深300非银行金融指数,11326.4156,-0.0161597860487508
2021-03-18,2021-02-01,H30035.CSI,沪深300非银行金融指数,11338.3683,0.00105529413912731
2021-03-18,2021-02-02,H30035.CSI,沪深300非银行金融指数,11325.7251,-0.00111508108269864
2021-03-18,2021-02-03,H30035.CSI,沪深300非银行金融指数,11157.5861,-0.014845760294853
2021-03-18,2021-02-04,H30035.CSI,沪深300非银行金融指数,11146.9002,-0.000957725076394467
2021-03-18,2021-02-05,H30035.CSI,沪深300非银行金融指数,11126.8186,-0.00180154120335618
2021-03-18,2021-02-08,H30035.CSI,沪深300非银行金融指数,11073.4668,-0.00479488359772495
2021-03-18,2021-02-09,H30035.CSI,沪深300非银行金融指数,11253.6745,0.0162738285357933
2021-03-18,2021-02-10,H30035.CSI,沪深300非银行金融指数,11322.8271,0.00614489071991553
2021-03-18,2021-02-18,H30035.CSI,沪深300非银行金融指数,11529.0298,0.0182112380749857
2021-03-18,2021-02-19,H30035.CSI,沪深300非银行金融指数,11758.6388,0.0199157261264082
2021-03-18,2021-02-22,H30035.CSI,沪深300非银行金融指数,11497.311,-0.0222243241284017
2021-03-18,2021-02-23,H30035.CSI,沪深300非银行金融指数,11560.351,0.00548302120382771
2021-03-18,2021-02-24,H30035.CSI,沪深300非银行金融指数,11463.338,-0.00839187322253454
2021-03-18,2021-02-25,H30035.CSI,沪深300非银行金融指数,11674.7913,0.018446049484016
2021-03-18,2021-02-26,H30035.CSI,沪深300非银行金融指数,11416.1309,-0.0221554624278381
2021-03-18,2021-03-01,H30035.CSI,沪深300非银行金融指数,11340.9092,-0.00658907125880981
2021-03-18,2021-03-02,H30035.CSI,沪深300非银行金融指数,11191.9734,-0.0131326155049367
2021-03-18,2021-03-03,H30035.CSI,沪深300非银行金融指数,11503.2757,0.0278147819758041
2021-03-18,2021-03-04,H30035.CSI,沪深300非银行金融指数,11337.618,-0.0144009153844761
2021-03-18,2021-03-05,H30035.CSI,沪深300非银行金融指数,11341.3218,0.000326682377197685
2021-03-18,2021-03-08,H30035.CSI,沪深300非银行金融指数,11228.8813,-0.00991423239573364
2021-03-18,2021-03-09,H30035.CSI,沪深300非银行金融指数,11022.603,-0.0183703340064696
2021-03-18,2021-03-10,H30035.CSI,沪深300非银行金融指数,10930.2712,-0.00837658763542515
2021-03-18,2021-03-11,H30035.CSI,沪深300非银行金融指数,11182.8506,0.0231082463900805
2021-03-18,2021-03-12,H30035.CSI,沪深300非银行金融指数,11132.6637,-0.00448784498650112
2021-03-18,2021-03-15,H30035.CSI,沪深300非银行金融指数,10984.9817,-0.0132656481844501
2021-03-18,2021-03-16,H30035.CSI,沪深300非银行金融指数,11044.7422,0.00544020023265035
2021-03-18,2021-03-17,H30035.CSI,沪深300非银行金融指数,10896.9636,-0.0133799954153753
2021-03-18,2021-03-18,H30035.CSI,沪深300非银行金融指数,10842.6776,-0.00498175473395157
2021-03-18,2021-03-19,H30035.CSI,沪深300非银行金融指数,10662.8518,-0.0165849992625439
