日期,代码,名称,上市日期,对标指数,benchmark,管理人,托管人,类别大类,类别细类,对标指数代码,规模,成交量,成交额,收盘价,VWAP,溢价率
2021-01-04,588930.SH,科创板AI,20250114,上证科创板人工智能指数,上证科创板人工智能指数收益率,银华基金管理股份有限公司,中信证券股份有限公司,股票型ETF,主题指数ETF,950180.SH,,,,,,
2021-01-05,588930.SH,科创板AI,20250114,上证科创板人工智能指数,上证科创板人工智能指数收益率,银华基金管理股份有限公司,中信证券股份有限公司,股票型ETF,主题指数ETF,950180.SH,,,,,,
2021-01-06,588930.SH,科创板AI,20250114,上证科创板人工智能指数,上证科创板人工智能指数收益率,银华基金管理股份有限公司,中信证券股份有限公司,股票型ETF,主题指数ETF,950180.SH,,,,,,
2021-01-07,588930.SH,科创板AI,20250114,上证科创板人工智能指数,上证科创板人工智能指数收益率,银华基金管理股份有限公司,中信证券股份有限公司,股票型ETF,主题指数ETF,950180.SH,,,,,,
2021-01-08,588930.SH,科创板AI,20250114,上证科创板人工智能指数,上证科创板人工智能指数收益率,银华基金管理股份有限公司,中信证券股份有限公司,股票型ETF,主题指数ETF,950180.SH,,,,,,
2021-01-11,588930.SH,科创板AI,20250114,上证科创板人工智能指数,上证科创板人工智能指数收益率,银华基金管理股份有限公司,中信证券股份有限公司,股票型ETF,主题指数ETF,950180.SH,,,,,,
2021-01-12,588930.SH,科创板AI,20250114,上证科创板人工智能指数,上证科创板人工智能指数收益率,银华基金管理股份有限公司,中信证券股份有限公司,股票型ETF,主题指数ETF,950180.SH,,,,,,
2021-01-13,588930.SH,科创板AI,20250114,上证科创板人工智能指数,上证科创板人工智能指数收益率,银华基金管理股份有限公司,中信证券股份有限公司,股票型ETF,主题指数ETF,950180.SH,,,,,,
2021-01-14,588930.SH,科创板AI,20250114,上证科创板人工智能指数,上证科创板人工智能指数收益率,银华基金管理股份有限公司,中信证券股份有限公司,股票型ETF,主题指数ETF,950180.SH,,,,,,
2021-01-15,588930.SH,科创板AI,20250114,上证科创板人工智能指数,上证科创板人工智能指数收益率,银华基金管理股份有限公司,中信证券股份有限公司,股票型ETF,主题指数ETF,950180.SH,,,,,,
2021-01-18,588930.SH,科创板AI,20250114,上证科创板人工智能指数,上证科创板人工智能指数收益率,银华基金管理股份有限公司,中信证券股份有限公司,股票型ETF,主题指数ETF,950180.SH,,,,,,
2021-01-19,588930.SH,科创板AI,20250114,上证科创板人工智能指数,上证科创板人工智能指数收益率,银华基金管理股份有限公司,中信证券股份有限公司,股票型ETF,主题指数ETF,950180.SH,,,,,,
2021-01-20,588930.SH,科创板AI,20250114,上证科创板人工智能指数,上证科创板人工智能指数收益率,银华基金管理股份有限公司,中信证券股份有限公司,股票型ETF,主题指数ETF,950180.SH,,,,,,
2021-01-21,588930.SH,科创板AI,20250114,上证科创板人工智能指数,上证科创板人工智能指数收益率,银华基金管理股份有限公司,中信证券股份有限公司,股票型ETF,主题指数ETF,950180.SH,,,,,,
2021-01-22,588930.SH,科创板AI,20250114,上证科创板人工智能指数,上证科创板人工智能指数收益率,银华基金管理股份有限公司,中信证券股份有限公司,股票型ETF,主题指数ETF,950180.SH,,,,,,
2021-01-25,588930.SH,科创板AI,20250114,上证科创板人工智能指数,上证科创板人工智能指数收益率,银华基金管理股份有限公司,中信证券股份有限公司,股票型ETF,主题指数ETF,950180.SH,,,,,,
2021-01-26,588930.SH,科创板AI,20250114,上证科创板人工智能指数,上证科创板人工智能指数收益率,银华基金管理股份有限公司,中信证券股份有限公司,股票型ETF,主题指数ETF,950180.SH,,,,,,
2021-01-27,588930.SH,科创板AI,20250114,上证科创板人工智能指数,上证科创板人工智能指数收益率,银华基金管理股份有限公司,中信证券股份有限公司,股票型ETF,主题指数ETF,950180.SH,,,,,,
2021-01-28,588930.SH,科创板AI,20250114,上证科创板人工智能指数,上证科创板人工智能指数收益率,银华基金管理股份有限公司,中信证券股份有限公司,股票型ETF,主题指数ETF,950180.SH,,,,,,
2021-01-29,588930.SH,科创板AI,20250114,上证科创板人工智能指数,上证科创板人工智能指数收益率,银华基金管理股份有限公司,中信证券股份有限公司,股票型ETF,主题指数ETF,950180.SH,,,,,,
2021-02-01,588930.SH,科创板AI,20250114,上证科创板人工智能指数,上证科创板人工智能指数收益率,银华基金管理股份有限公司,中信证券股份有限公司,股票型ETF,主题指数ETF,950180.SH,,,,,,
2021-02-02,588930.SH,科创板AI,20250114,上证科创板人工智能指数,上证科创板人工智能指数收益率,银华基金管理股份有限公司,中信证券股份有限公司,股票型ETF,主题指数ETF,950180.SH,,,,,,
2021-02-03,588930.SH,科创板AI,20250114,上证科创板人工智能指数,上证科创板人工智能指数收益率,银华基金管理股份有限公司,中信证券股份有限公司,股票型ETF,主题指数ETF,950180.SH,,,,,,
2021-02-04,588930.SH,科创板AI,20250114,上证科创板人工智能指数,上证科创板人工智能指数收益率,银华基金管理股份有限公司,中信证券股份有限公司,股票型ETF,主题指数ETF,950180.SH,,,,,,
2021-02-05,588930.SH,科创板AI,20250114,上证科创板人工智能指数,上证科创板人工智能指数收益率,银华基金管理股份有限公司,中信证券股份有限公司,股票型ETF,主题指数ETF,950180.SH,,,,,,
2021-02-08,588930.SH,科创板AI,20250114,上证科创板人工智能指数,上证科创板人工智能指数收益率,银华基金管理股份有限公司,中信证券股份有限公司,股票型ETF,主题指数ETF,950180.SH,,,,,,
2021-02-09,588930.SH,科创板AI,20250114,上证科创板人工智能指数,上证科创板人工智能指数收益率,银华基金管理股份有限公司,中信证券股份有限公司,股票型ETF,主题指数ETF,950180.SH,,,,,,
2021-02-10,588930.SH,科创板AI,20250114,上证科创板人工智能指数,上证科创板人工智能指数收益率,银华基金管理股份有限公司,中信证券股份有限公司,股票型ETF,主题指数ETF,950180.SH,,,,,,
2021-02-18,588930.SH,科创板AI,20250114,上证科创板人工智能指数,上证科创板人工智能指数收益率,银华基金管理股份有限公司,中信证券股份有限公司,股票型ETF,主题指数ETF,950180.SH,,,,,,
2021-02-19,588930.SH,科创板AI,20250114,上证科创板人工智能指数,上证科创板人工智能指数收益率,银华基金管理股份有限公司,中信证券股份有限公司,股票型ETF,主题指数ETF,950180.SH,,,,,,
2021-02-22,588930.SH,科创板AI,20250114,上证科创板人工智能指数,上证科创板人工智能指数收益率,银华基金管理股份有限公司,中信证券股份有限公司,股票型ETF,主题指数ETF,950180.SH,,,,,,
2021-02-23,588930.SH,科创板AI,20250114,上证科创板人工智能指数,上证科创板人工智能指数收益率,银华基金管理股份有限公司,中信证券股份有限公司,股票型ETF,主题指数ETF,950180.SH,,,,,,
2021-02-24,588930.SH,科创板AI,20250114,上证科创板人工智能指数,上证科创板人工智能指数收益率,银华基金管理股份有限公司,中信证券股份有限公司,股票型ETF,主题指数ETF,950180.SH,,,,,,
2021-02-25,588930.SH,科创板AI,20250114,上证科创板人工智能指数,上证科创板人工智能指数收益率,银华基金管理股份有限公司,中信证券股份有限公司,股票型ETF,主题指数ETF,950180.SH,,,,,,
2021-02-26,588930.SH,科创板AI,20250114,上证科创板人工智能指数,上证科创板人工智能指数收益率,银华基金管理股份有限公司,中信证券股份有限公司,股票型ETF,主题指数ETF,950180.SH,,,,,,
2021-03-01,588930.SH,科创板AI,20250114,上证科创板人工智能指数,上证科创板人工智能指数收益率,银华基金管理股份有限公司,中信证券股份有限公司,股票型ETF,主题指数ETF,950180.SH,,,,,,
2021-03-02,588930.SH,科创板AI,20250114,上证科创板人工智能指数,上证科创板人工智能指数收益率,银华基金管理股份有限公司,中信证券股份有限公司,股票型ETF,主题指数ETF,950180.SH,,,,,,
2021-03-03,588930.SH,科创板AI,20250114,上证科创板人工智能指数,上证科创板人工智能指数收益率,银华基金管理股份有限公司,中信证券股份有限公司,股票型ETF,主题指数ETF,950180.SH,,,,,,
2021-03-04,588930.SH,科创板AI,20250114,上证科创板人工智能指数,上证科创板人工智能指数收益率,银华基金管理股份有限公司,中信证券股份有限公司,股票型ETF,主题指数ETF,950180.SH,,,,,,
2021-03-05,588930.SH,科创板AI,20250114,上证科创板人工智能指数,上证科创板人工智能指数收益率,银华基金管理股份有限公司,中信证券股份有限公司,股票型ETF,主题指数ETF,950180.SH,,,,,,
2021-03-08,588930.SH,科创板AI,20250114,上证科创板人工智能指数,上证科创板人工智能指数收益率,银华基金管理股份有限公司,中信证券股份有限公司,股票型ETF,主题指数ETF,950180.SH,,,,,,
2021-03-09,588930.SH,科创板AI,20250114,上证科创板人工智能指数,上证科创板人工智能指数收益率,银华基金管理股份有限公司,中信证券股份有限公司,股票型ETF,主题指数ETF,950180.SH,,,,,,
2021-03-10,588930.SH,科创板AI,20250114,上证科创板人工智能指数,上证科创板人工智能指数收益率,银华基金管理股份有限公司,中信证券股份有限公司,股票型ETF,主题指数ETF,950180.SH,,,,,,
2021-03-11,588930.SH,科创板AI,20250114,上证科创板人工智能指数,上证科创板人工智能指数收益率,银华基金管理股份有限公司,中信证券股份有限公司,股票型ETF,主题指数ETF,950180.SH,,,,,,
2021-03-12,588930.SH,科创板AI,20250114,上证科创板人工智能指数,上证科创板人工智能指数收益率,银华基金管理股份有限公司,中信证券股份有限公司,股票型ETF,主题指数ETF,950180.SH,,,,,,
2021-03-15,588930.SH,科创板AI,20250114,上证科创板人工智能指数,上证科创板人工智能指数收益率,银华基金管理股份有限公司,中信证券股份有限公司,股票型ETF,主题指数ETF,950180.SH,,,,,,
2021-03-16,588930.SH,科创板AI,20250114,上证科创板人工智能指数,上证科创板人工智能指数收益率,银华基金管理股份有限公司,中信证券股份有限公司,股票型ETF,主题指数ETF,950180.SH,,,,,,
2021-03-17,588930.SH,科创板AI,20250114,上证科创板人工智能指数,上证科创板人工智能指数收益率,银华基金管理股份有限公司,中信证券股份有限公司,股票型ETF,主题指数ETF,950180.SH,,,,,,
2021-03-18,588930.SH,科创板AI,20250114,上证科创板人工智能指数,上证科创板人工智能指数收益率,银华基金管理股份有限公司,中信证券股份有限公司,股票型ETF,主题指数ETF,950180.SH,,,,,,
2021-03-19,588930.SH,科创板AI,20250114,上证科创板人工智能指数,上证科创板人工智能指数收益率,银华基金管理股份有限公司,中信证券股份有限公司,股票型ETF,主题指数ETF,950180.SH,,,,,,
2021-03-22,588930.SH,科创板AI,20250114,上证科创板人工智能指数,上证科创板人工智能指数收益率,银华基金管理股份有限公司,中信证券股份有限公司,股票型ETF,主题指数ETF,950180.SH,,,,,,
2021-03-23,588930.SH,科创板AI,20250114,上证科创板人工智能指数,上证科创板人工智能指数收益率,银华基金管理股份有限公司,中信证券股份有限公司,股票型ETF,主题指数ETF,950180.SH,,,,,,
2021-03-24,588930.SH,科创板AI,20250114,上证科创板人工智能指数,上证科创板人工智能指数收益率,银华基金管理股份有限公司,中信证券股份有限公司,股票型ETF,主题指数ETF,950180.SH,,,,,,
2021-03-25,588930.SH,科创板AI,20250114,上证科创板人工智能指数,上证科创板人工智能指数收益率,银华基金管理股份有限公司,中信证券股份有限公司,股票型ETF,主题指数ETF,950180.SH,,,,,,
2021-03-26,588930.SH,科创板AI,20250114,上证科创板人工智能指数,上证科创板人工智能指数收益率,银华基金管理股份有限公司,中信证券股份有限公司,股票型ETF,主题指数ETF,950180.SH,,,,,,
2021-03-29,588930.SH,科创板AI,20250114,上证科创板人工智能指数,上证科创板人工智能指数收益率,银华基金管理股份有限公司,中信证券股份有限公司,股票型ETF,主题指数ETF,950180.SH,,,,,,
2021-03-30,588930.SH,科创板AI,20250114,上证科创板人工智能指数,上证科创板人工智能指数收益率,银华基金管理股份有限公司,中信证券股份有限公司,股票型ETF,主题指数ETF,950180.SH,,,,,,
2021-03-31,588930.SH,科创板AI,20250114,上证科创板人工智能指数,上证科创板人工智能指数收益率,银华基金管理股份有限公司,中信证券股份有限公司,股票型ETF,主题指数ETF,950180.SH,,,,,,
2021-04-01,588930.SH,科创板AI,20250114,上证科创板人工智能指数,上证科创板人工智能指数收益率,银华基金管理股份有限公司,中信证券股份有限公司,股票型ETF,主题指数ETF,950180.SH,,,,,,
2021-04-02,588930.SH,科创板AI,20250114,上证科创板人工智能指数,上证科创板人工智能指数收益率,银华基金管理股份有限公司,中信证券股份有限公司,股票型ETF,主题指数ETF,950180.SH,,,,,,
2021-04-06,588930.SH,科创板AI,20250114,上证科创板人工智能指数,上证科创板人工智能指数收益率,银华基金管理股份有限公司,中信证券股份有限公司,股票型ETF,主题指数ETF,950180.SH,,,,,,
2021-04-07,588930.SH,科创板AI,20250114,上证科创板人工智能指数,上证科创板人工智能指数收益率,银华基金管理股份有限公司,中信证券股份有限公司,股票型ETF,主题指数ETF,950180.SH,,,,,,
2021-04-08,588930.SH,科创板AI,20250114,上证科创板人工智能指数,上证科创板人工智能指数收益率,银华基金管理股份有限公司,中信证券股份有限公司,股票型ETF,主题指数ETF,950180.SH,,,,,,
2021-04-09,588930.SH,科创板AI,20250114,上证科创板人工智能指数,上证科创板人工智能指数收益率,银华基金管理股份有限公司,中信证券股份有限公司,股票型ETF,主题指数ETF,950180.SH,,,,,,
2021-04-12,588930.SH,科创板AI,20250114,上证科创板人工智能指数,上证科创板人工智能指数收益率,银华基金管理股份有限公司,中信证券股份有限公司,股票型ETF,主题指数ETF,950180.SH,,,,,,
2021-04-13,588930.SH,科创板AI,20250114,上证科创板人工智能指数,上证科创板人工智能指数收益率,银华基金管理股份有限公司,中信证券股份有限公司,股票型ETF,主题指数ETF,950180.SH,,,,,,
2021-04-14,588930.SH,科创板AI,20250114,上证科创板人工智能指数,上证科创板人工智能指数收益率,银华基金管理股份有限公司,中信证券股份有限公司,股票型ETF,主题指数ETF,950180.SH,,,,,,
2021-04-15,588930.SH,科创板AI,20250114,上证科创板人工智能指数,上证科创板人工智能指数收益率,银华基金管理股份有限公司,中信证券股份有限公司,股票型ETF,主题指数ETF,950180.SH,,,,,,
2021-04-16,588930.SH,科创板AI,20250114,上证科创板人工智能指数,上证科创板人工智能指数收益率,银华基金管理股份有限公司,中信证券股份有限公司,股票型ETF,主题指数ETF,950180.SH,,,,,,
2021-04-19,588930.SH,科创板AI,20250114,上证科创板人工智能指数,上证科创板人工智能指数收益率,银华基金管理股份有限公司,中信证券股份有限公司,股票型ETF,主题指数ETF,950180.SH,,,,,,
2021-04-20,588930.SH,科创板AI,20250114,上证科创板人工智能指数,上证科创板人工智能指数收益率,银华基金管理股份有限公司,中信证券股份有限公司,股票型ETF,主题指数ETF,950180.SH,,,,,,
2021-04-21,588930.SH,科创板AI,20250114,上证科创板人工智能指数,上证科创板人工智能指数收益率,银华基金管理股份有限公司,中信证券股份有限公司,股票型ETF,主题指数ETF,950180.SH,,,,,,
2021-04-22,588930.SH,科创板AI,20250114,上证科创板人工智能指数,上证科创板人工智能指数收益率,银华基金管理股份有限公司,中信证券股份有限公司,股票型ETF,主题指数ETF,950180.SH,,,,,,
2021-04-23,588930.SH,科创板AI,20250114,上证科创板人工智能指数,上证科创板人工智能指数收益率,银华基金管理股份有限公司,中信证券股份有限公司,股票型ETF,主题指数ETF,950180.SH,,,,,,
2021-04-26,588930.SH,科创板AI,20250114,上证科创板人工智能指数,上证科创板人工智能指数收益率,银华基金管理股份有限公司,中信证券股份有限公司,股票型ETF,主题指数ETF,950180.SH,,,,,,
2021-04-27,588930.SH,科创板AI,20250114,上证科创板人工智能指数,上证科创板人工智能指数收益率,银华基金管理股份有限公司,中信证券股份有限公司,股票型ETF,主题指数ETF,950180.SH,,,,,,
2021-04-28,588930.SH,科创板AI,20250114,上证科创板人工智能指数,上证科创板人工智能指数收益率,银华基金管理股份有限公司,中信证券股份有限公司,股票型ETF,主题指数ETF,950180.SH,,,,,,
2021-04-29,588930.SH,科创板AI,20250114,上证科创板人工智能指数,上证科创板人工智能指数收益率,银华基金管理股份有限公司,中信证券股份有限公司,股票型ETF,主题指数ETF,950180.SH,,,,,,
2021-04-30,588930.SH,科创板AI,20250114,上证科创板人工智能指数,上证科创板人工智能指数收益率,银华基金管理股份有限公司,中信证券股份有限公司,股票型ETF,主题指数ETF,950180.SH,,,,,,
2021-05-06,588930.SH,科创板AI,20250114,上证科创板人工智能指数,上证科创板人工智能指数收益率,银华基金管理股份有限公司,中信证券股份有限公司,股票型ETF,主题指数ETF,950180.SH,,,,,,
2021-05-07,588930.SH,科创板AI,20250114,上证科创板人工智能指数,上证科创板人工智能指数收益率,银华基金管理股份有限公司,中信证券股份有限公司,股票型ETF,主题指数ETF,950180.SH,,,,,,
2021-05-10,588930.SH,科创板AI,20250114,上证科创板人工智能指数,上证科创板人工智能指数收益率,银华基金管理股份有限公司,中信证券股份有限公司,股票型ETF,主题指数ETF,950180.SH,,,,,,
2021-05-11,588930.SH,科创板AI,20250114,上证科创板人工智能指数,上证科创板人工智能指数收益率,银华基金管理股份有限公司,中信证券股份有限公司,股票型ETF,主题指数ETF,950180.SH,,,,,,
2021-05-12,588930.SH,科创板AI,20250114,上证科创板人工智能指数,上证科创板人工智能指数收益率,银华基金管理股份有限公司,中信证券股份有限公司,股票型ETF,主题指数ETF,950180.SH,,,,,,
2021-05-13,588930.SH,科创板AI,20250114,上证科创板人工智能指数,上证科创板人工智能指数收益率,银华基金管理股份有限公司,中信证券股份有限公司,股票型ETF,主题指数ETF,950180.SH,,,,,,
2021-05-14,588930.SH,科创板AI,20250114,上证科创板人工智能指数,上证科创板人工智能指数收益率,银华基金管理股份有限公司,中信证券股份有限公司,股票型ETF,主题指数ETF,950180.SH,,,,,,
2021-05-17,588930.SH,科创板AI,20250114,上证科创板人工智能指数,上证科创板人工智能指数收益率,银华基金管理股份有限公司,中信证券股份有限公司,股票型ETF,主题指数ETF,950180.SH,,,,,,
2021-05-18,588930.SH,科创板AI,20250114,上证科创板人工智能指数,上证科创板人工智能指数收益率,银华基金管理股份有限公司,中信证券股份有限公司,股票型ETF,主题指数ETF,950180.SH,,,,,,
2021-05-19,588930.SH,科创板AI,20250114,上证科创板人工智能指数,上证科创板人工智能指数收益率,银华基金管理股份有限公司,中信证券股份有限公司,股票型ETF,主题指数ETF,950180.SH,,,,,,
2021-05-20,588930.SH,科创板AI,20250114,上证科创板人工智能指数,上证科创板人工智能指数收益率,银华基金管理股份有限公司,中信证券股份有限公司,股票型ETF,主题指数ETF,950180.SH,,,,,,
2021-05-21,588930.SH,科创板AI,20250114,上证科创板人工智能指数,上证科创板人工智能指数收益率,银华基金管理股份有限公司,中信证券股份有限公司,股票型ETF,主题指数ETF,950180.SH,,,,,,
2021-05-24,588930.SH,科创板AI,20250114,上证科创板人工智能指数,上证科创板人工智能指数收益率,银华基金管理股份有限公司,中信证券股份有限公司,股票型ETF,主题指数ETF,950180.SH,,,,,,
2021-05-25,588930.SH,科创板AI,20250114,上证科创板人工智能指数,上证科创板人工智能指数收益率,银华基金管理股份有限公司,中信证券股份有限公司,股票型ETF,主题指数ETF,950180.SH,,,,,,
2021-05-26,588930.SH,科创板AI,20250114,上证科创板人工智能指数,上证科创板人工智能指数收益率,银华基金管理股份有限公司,中信证券股份有限公司,股票型ETF,主题指数ETF,950180.SH,,,,,,
2021-05-27,588930.SH,科创板AI,20250114,上证科创板人工智能指数,上证科创板人工智能指数收益率,银华基金管理股份有限公司,中信证券股份有限公司,股票型ETF,主题指数ETF,950180.SH,,,,,,
2021-05-28,588930.SH,科创板AI,20250114,上证科创板人工智能指数,上证科创板人工智能指数收益率,银华基金管理股份有限公司,中信证券股份有限公司,股票型ETF,主题指数ETF,950180.SH,,,,,,
2021-05-31,588930.SH,科创板AI,20250114,上证科创板人工智能指数,上证科创板人工智能指数收益率,银华基金管理股份有限公司,中信证券股份有限公司,股票型ETF,主题指数ETF,950180.SH,,,,,,
2021-06-01,588930.SH,科创板AI,20250114,上证科创板人工智能指数,上证科创板人工智能指数收益率,银华基金管理股份有限公司,中信证券股份有限公司,股票型ETF,主题指数ETF,950180.SH,,,,,,
2021-06-02,588930.SH,科创板AI,20250114,上证科创板人工智能指数,上证科创板人工智能指数收益率,银华基金管理股份有限公司,中信证券股份有限公司,股票型ETF,主题指数ETF,950180.SH,,,,,,
2021-06-03,588930.SH,科创板AI,20250114,上证科创板人工智能指数,上证科创板人工智能指数收益率,银华基金管理股份有限公司,中信证券股份有限公司,股票型ETF,主题指数ETF,950180.SH,,,,,,
2021-06-04,588930.SH,科创板AI,20250114,上证科创板人工智能指数,上证科创板人工智能指数收益率,银华基金管理股份有限公司,中信证券股份有限公司,股票型ETF,主题指数ETF,950180.SH,,,,,,
2021-06-07,588930.SH,科创板AI,20250114,上证科创板人工智能指数,上证科创板人工智能指数收益率,银华基金管理股份有限公司,中信证券股份有限公司,股票型ETF,主题指数ETF,950180.SH,,,,,,
2021-06-08,588930.SH,科创板AI,20250114,上证科创板人工智能指数,上证科创板人工智能指数收益率,银华基金管理股份有限公司,中信证券股份有限公司,股票型ETF,主题指数ETF,950180.SH,,,,,,
2021-06-09,588930.SH,科创板AI,20250114,上证科创板人工智能指数,上证科创板人工智能指数收益率,银华基金管理股份有限公司,中信证券股份有限公司,股票型ETF,主题指数ETF,950180.SH,,,,,,
2021-06-10,588930.SH,科创板AI,20250114,上证科创板人工智能指数,上证科创板人工智能指数收益率,银华基金管理股份有限公司,中信证券股份有限公司,股票型ETF,主题指数ETF,950180.SH,,,,,,
2021-06-11,588930.SH,科创板AI,20250114,上证科创板人工智能指数,上证科创板人工智能指数收益率,银华基金管理股份有限公司,中信证券股份有限公司,股票型ETF,主题指数ETF,950180.SH,,,,,,
2021-06-15,588930.SH,科创板AI,20250114,上证科创板人工智能指数,上证科创板人工智能指数收益率,银华基金管理股份有限公司,中信证券股份有限公司,股票型ETF,主题指数ETF,950180.SH,,,,,,
2021-06-16,588930.SH,科创板AI,20250114,上证科创板人工智能指数,上证科创板人工智能指数收益率,银华基金管理股份有限公司,中信证券股份有限公司,股票型ETF,主题指数ETF,950180.SH,,,,,,
2021-06-17,588930.SH,科创板AI,20250114,上证科创板人工智能指数,上证科创板人工智能指数收益率,银华基金管理股份有限公司,中信证券股份有限公司,股票型ETF,主题指数ETF,950180.SH,,,,,,
2021-06-18,588930.SH,科创板AI,20250114,上证科创板人工智能指数,上证科创板人工智能指数收益率,银华基金管理股份有限公司,中信证券股份有限公司,股票型ETF,主题指数ETF,950180.SH,,,,,,
2021-06-21,588930.SH,科创板AI,20250114,上证科创板人工智能指数,上证科创板人工智能指数收益率,银华基金管理股份有限公司,中信证券股份有限公司,股票型ETF,主题指数ETF,950180.SH,,,,,,
2021-06-22,588930.SH,科创板AI,20250114,上证科创板人工智能指数,上证科创板人工智能指数收益率,银华基金管理股份有限公司,中信证券股份有限公司,股票型ETF,主题指数ETF,950180.SH,,,,,,
2021-06-23,588930.SH,科创板AI,20250114,上证科创板人工智能指数,上证科创板人工智能指数收益率,银华基金管理股份有限公司,中信证券股份有限公司,股票型ETF,主题指数ETF,950180.SH,,,,,,
2021-06-24,588930.SH,科创板AI,20250114,上证科创板人工智能指数,上证科创板人工智能指数收益率,银华基金管理股份有限公司,中信证券股份有限公司,股票型ETF,主题指数ETF,950180.SH,,,,,,
2021-06-25,588930.SH,科创板AI,20250114,上证科创板人工智能指数,上证科创板人工智能指数收益率,银华基金管理股份有限公司,中信证券股份有限公司,股票型ETF,主题指数ETF,950180.SH,,,,,,
2021-06-28,588930.SH,科创板AI,20250114,上证科创板人工智能指数,上证科创板人工智能指数收益率,银华基金管理股份有限公司,中信证券股份有限公司,股票型ETF,主题指数ETF,950180.SH,,,,,,
2021-06-29,588930.SH,科创板AI,20250114,上证科创板人工智能指数,上证科创板人工智能指数收益率,银华基金管理股份有限公司,中信证券股份有限公司,股票型ETF,主题指数ETF,950180.SH,,,,,,
2021-06-30,588930.SH,科创板AI,20250114,上证科创板人工智能指数,上证科创板人工智能指数收益率,银华基金管理股份有限公司,中信证券股份有限公司,股票型ETF,主题指数ETF,950180.SH,,,,,,
2021-07-01,588930.SH,科创板AI,20250114,上证科创板人工智能指数,上证科创板人工智能指数收益率,银华基金管理股份有限公司,中信证券股份有限公司,股票型ETF,主题指数ETF,950180.SH,,,,,,
2021-07-02,588930.SH,科创板AI,20250114,上证科创板人工智能指数,上证科创板人工智能指数收益率,银华基金管理股份有限公司,中信证券股份有限公司,股票型ETF,主题指数ETF,950180.SH,,,,,,
2021-07-05,588930.SH,科创板AI,20250114,上证科创板人工智能指数,上证科创板人工智能指数收益率,银华基金管理股份有限公司,中信证券股份有限公司,股票型ETF,主题指数ETF,950180.SH,,,,,,
2021-07-06,588930.SH,科创板AI,20250114,上证科创板人工智能指数,上证科创板人工智能指数收益率,银华基金管理股份有限公司,中信证券股份有限公司,股票型ETF,主题指数ETF,950180.SH,,,,,,
2021-07-07,588930.SH,科创板AI,20250114,上证科创板人工智能指数,上证科创板人工智能指数收益率,银华基金管理股份有限公司,中信证券股份有限公司,股票型ETF,主题指数ETF,950180.SH,,,,,,
2021-07-08,588930.SH,科创板AI,20250114,上证科创板人工智能指数,上证科创板人工智能指数收益率,银华基金管理股份有限公司,中信证券股份有限公司,股票型ETF,主题指数ETF,950180.SH,,,,,,
2021-07-09,588930.SH,科创板AI,20250114,上证科创板人工智能指数,上证科创板人工智能指数收益率,银华基金管理股份有限公司,中信证券股份有限公司,股票型ETF,主题指数ETF,950180.SH,,,,,,
2021-07-12,588930.SH,科创板AI,20250114,上证科创板人工智能指数,上证科创板人工智能指数收益率,银华基金管理股份有限公司,中信证券股份有限公司,股票型ETF,主题指数ETF,950180.SH,,,,,,
2021-07-13,588930.SH,科创板AI,20250114,上证科创板人工智能指数,上证科创板人工智能指数收益率,银华基金管理股份有限公司,中信证券股份有限公司,股票型ETF,主题指数ETF,950180.SH,,,,,,
2021-07-14,588930.SH,科创板AI,20250114,上证科创板人工智能指数,上证科创板人工智能指数收益率,银华基金管理股份有限公司,中信证券股份有限公司,股票型ETF,主题指数ETF,950180.SH,,,,,,
2021-07-15,588930.SH,科创板AI,20250114,上证科创板人工智能指数,上证科创板人工智能指数收益率,银华基金管理股份有限公司,中信证券股份有限公司,股票型ETF,主题指数ETF,950180.SH,,,,,,
2021-07-16,588930.SH,科创板AI,20250114,上证科创板人工智能指数,上证科创板人工智能指数收益率,银华基金管理股份有限公司,中信证券股份有限公司,股票型ETF,主题指数ETF,950180.SH,,,,,,
2021-07-19,588930.SH,科创板AI,20250114,上证科创板人工智能指数,上证科创板人工智能指数收益率,银华基金管理股份有限公司,中信证券股份有限公司,股票型ETF,主题指数ETF,950180.SH,,,,,,
2021-07-20,588930.SH,科创板AI,20250114,上证科创板人工智能指数,上证科创板人工智能指数收益率,银华基金管理股份有限公司,中信证券股份有限公司,股票型ETF,主题指数ETF,950180.SH,,,,,,
2021-07-21,588930.SH,科创板AI,20250114,上证科创板人工智能指数,上证科创板人工智能指数收益率,银华基金管理股份有限公司,中信证券股份有限公司,股票型ETF,主题指数ETF,950180.SH,,,,,,
2021-07-22,588930.SH,科创板AI,20250114,上证科创板人工智能指数,上证科创板人工智能指数收益率,银华基金管理股份有限公司,中信证券股份有限公司,股票型ETF,主题指数ETF,950180.SH,,,,,,
2021-07-23,588930.SH,科创板AI,20250114,上证科创板人工智能指数,上证科创板人工智能指数收益率,银华基金管理股份有限公司,中信证券股份有限公司,股票型ETF,主题指数ETF,950180.SH,,,,,,
2021-07-26,588930.SH,科创板AI,20250114,上证科创板人工智能指数,上证科创板人工智能指数收益率,银华基金管理股份有限公司,中信证券股份有限公司,股票型ETF,主题指数ETF,950180.SH,,,,,,
2021-07-27,588930.SH,科创板AI,20250114,上证科创板人工智能指数,上证科创板人工智能指数收益率,银华基金管理股份有限公司,中信证券股份有限公司,股票型ETF,主题指数ETF,950180.SH,,,,,,
2021-07-28,588930.SH,科创板AI,20250114,上证科创板人工智能指数,上证科创板人工智能指数收益率,银华基金管理股份有限公司,中信证券股份有限公司,股票型ETF,主题指数ETF,950180.SH,,,,,,
2021-07-29,588930.SH,科创板AI,20250114,上证科创板人工智能指数,上证科创板人工智能指数收益率,银华基金管理股份有限公司,中信证券股份有限公司,股票型ETF,主题指数ETF,950180.SH,,,,,,
2021-07-30,588930.SH,科创板AI,20250114,上证科创板人工智能指数,上证科创板人工智能指数收益率,银华基金管理股份有限公司,中信证券股份有限公司,股票型ETF,主题指数ETF,950180.SH,,,,,,
2021-08-02,588930.SH,科创板AI,20250114,上证科创板人工智能指数,上证科创板人工智能指数收益率,银华基金管理股份有限公司,中信证券股份有限公司,股票型ETF,主题指数ETF,950180.SH,,,,,,
2021-08-03,588930.SH,科创板AI,20250114,上证科创板人工智能指数,上证科创板人工智能指数收益率,银华基金管理股份有限公司,中信证券股份有限公司,股票型ETF,主题指数ETF,950180.SH,,,,,,
2021-08-04,588930.SH,科创板AI,20250114,上证科创板人工智能指数,上证科创板人工智能指数收益率,银华基金管理股份有限公司,中信证券股份有限公司,股票型ETF,主题指数ETF,950180.SH,,,,,,
2021-08-05,588930.SH,科创板AI,20250114,上证科创板人工智能指数,上证科创板人工智能指数收益率,银华基金管理股份有限公司,中信证券股份有限公司,股票型ETF,主题指数ETF,950180.SH,,,,,,
2021-08-06,588930.SH,科创板AI,20250114,上证科创板人工智能指数,上证科创板人工智能指数收益率,银华基金管理股份有限公司,中信证券股份有限公司,股票型ETF,主题指数ETF,950180.SH,,,,,,
2021-08-09,588930.SH,科创板AI,20250114,上证科创板人工智能指数,上证科创板人工智能指数收益率,银华基金管理股份有限公司,中信证券股份有限公司,股票型ETF,主题指数ETF,950180.SH,,,,,,
2021-08-10,588930.SH,科创板AI,20250114,上证科创板人工智能指数,上证科创板人工智能指数收益率,银华基金管理股份有限公司,中信证券股份有限公司,股票型ETF,主题指数ETF,950180.SH,,,,,,
2021-08-11,588930.SH,科创板AI,20250114,上证科创板人工智能指数,上证科创板人工智能指数收益率,银华基金管理股份有限公司,中信证券股份有限公司,股票型ETF,主题指数ETF,950180.SH,,,,,,
2021-08-12,588930.SH,科创板AI,20250114,上证科创板人工智能指数,上证科创板人工智能指数收益率,银华基金管理股份有限公司,中信证券股份有限公司,股票型ETF,主题指数ETF,950180.SH,,,,,,
2021-08-13,588930.SH,科创板AI,20250114,上证科创板人工智能指数,上证科创板人工智能指数收益率,银华基金管理股份有限公司,中信证券股份有限公司,股票型ETF,主题指数ETF,950180.SH,,,,,,
2021-08-16,588930.SH,科创板AI,20250114,上证科创板人工智能指数,上证科创板人工智能指数收益率,银华基金管理股份有限公司,中信证券股份有限公司,股票型ETF,主题指数ETF,950180.SH,,,,,,
2021-08-17,588930.SH,科创板AI,20250114,上证科创板人工智能指数,上证科创板人工智能指数收益率,银华基金管理股份有限公司,中信证券股份有限公司,股票型ETF,主题指数ETF,950180.SH,,,,,,
2021-08-18,588930.SH,科创板AI,20250114,上证科创板人工智能指数,上证科创板人工智能指数收益率,银华基金管理股份有限公司,中信证券股份有限公司,股票型ETF,主题指数ETF,950180.SH,,,,,,
2021-08-19,588930.SH,科创板AI,20250114,上证科创板人工智能指数,上证科创板人工智能指数收益率,银华基金管理股份有限公司,中信证券股份有限公司,股票型ETF,主题指数ETF,950180.SH,,,,,,
2021-08-20,588930.SH,科创板AI,20250114,上证科创板人工智能指数,上证科创板人工智能指数收益率,银华基金管理股份有限公司,中信证券股份有限公司,股票型ETF,主题指数ETF,950180.SH,,,,,,
2021-08-23,588930.SH,科创板AI,20250114,上证科创板人工智能指数,上证科创板人工智能指数收益率,银华基金管理股份有限公司,中信证券股份有限公司,股票型ETF,主题指数ETF,950180.SH,,,,,,
2021-08-24,588930.SH,科创板AI,20250114,上证科创板人工智能指数,上证科创板人工智能指数收益率,银华基金管理股份有限公司,中信证券股份有限公司,股票型ETF,主题指数ETF,950180.SH,,,,,,
2021-08-25,588930.SH,科创板AI,20250114,上证科创板人工智能指数,上证科创板人工智能指数收益率,银华基金管理股份有限公司,中信证券股份有限公司,股票型ETF,主题指数ETF,950180.SH,,,,,,
2021-08-26,588930.SH,科创板AI,20250114,上证科创板人工智能指数,上证科创板人工智能指数收益率,银华基金管理股份有限公司,中信证券股份有限公司,股票型ETF,主题指数ETF,950180.SH,,,,,,
2021-08-27,588930.SH,科创板AI,20250114,上证科创板人工智能指数,上证科创板人工智能指数收益率,银华基金管理股份有限公司,中信证券股份有限公司,股票型ETF,主题指数ETF,950180.SH,,,,,,
2021-08-30,588930.SH,科创板AI,20250114,上证科创板人工智能指数,上证科创板人工智能指数收益率,银华基金管理股份有限公司,中信证券股份有限公司,股票型ETF,主题指数ETF,950180.SH,,,,,,
2021-08-31,588930.SH,科创板AI,20250114,上证科创板人工智能指数,上证科创板人工智能指数收益率,银华基金管理股份有限公司,中信证券股份有限公司,股票型ETF,主题指数ETF,950180.SH,,,,,,
2021-09-01,588930.SH,科创板AI,20250114,上证科创板人工智能指数,上证科创板人工智能指数收益率,银华基金管理股份有限公司,中信证券股份有限公司,股票型ETF,主题指数ETF,950180.SH,,,,,,
2021-09-02,588930.SH,科创板AI,20250114,上证科创板人工智能指数,上证科创板人工智能指数收益率,银华基金管理股份有限公司,中信证券股份有限公司,股票型ETF,主题指数ETF,950180.SH,,,,,,
2021-09-03,588930.SH,科创板AI,20250114,上证科创板人工智能指数,上证科创板人工智能指数收益率,银华基金管理股份有限公司,中信证券股份有限公司,股票型ETF,主题指数ETF,950180.SH,,,,,,
2021-09-06,588930.SH,科创板AI,20250114,上证科创板人工智能指数,上证科创板人工智能指数收益率,银华基金管理股份有限公司,中信证券股份有限公司,股票型ETF,主题指数ETF,950180.SH,,,,,,
2021-09-07,588930.SH,科创板AI,20250114,上证科创板人工智能指数,上证科创板人工智能指数收益率,银华基金管理股份有限公司,中信证券股份有限公司,股票型ETF,主题指数ETF,950180.SH,,,,,,
2021-09-08,588930.SH,科创板AI,20250114,上证科创板人工智能指数,上证科创板人工智能指数收益率,银华基金管理股份有限公司,中信证券股份有限公司,股票型ETF,主题指数ETF,950180.SH,,,,,,
2021-09-09,588930.SH,科创板AI,20250114,上证科创板人工智能指数,上证科创板人工智能指数收益率,银华基金管理股份有限公司,中信证券股份有限公司,股票型ETF,主题指数ETF,950180.SH,,,,,,
2021-09-10,588930.SH,科创板AI,20250114,上证科创板人工智能指数,上证科创板人工智能指数收益率,银华基金管理股份有限公司,中信证券股份有限公司,股票型ETF,主题指数ETF,950180.SH,,,,,,
2021-09-13,588930.SH,科创板AI,20250114,上证科创板人工智能指数,上证科创板人工智能指数收益率,银华基金管理股份有限公司,中信证券股份有限公司,股票型ETF,主题指数ETF,950180.SH,,,,,,
2021-09-14,588930.SH,科创板AI,20250114,上证科创板人工智能指数,上证科创板人工智能指数收益率,银华基金管理股份有限公司,中信证券股份有限公司,股票型ETF,主题指数ETF,950180.SH,,,,,,
2021-09-15,588930.SH,科创板AI,20250114,上证科创板人工智能指数,上证科创板人工智能指数收益率,银华基金管理股份有限公司,中信证券股份有限公司,股票型ETF,主题指数ETF,950180.SH,,,,,,
2021-09-16,588930.SH,科创板AI,20250114,上证科创板人工智能指数,上证科创板人工智能指数收益率,银华基金管理股份有限公司,中信证券股份有限公司,股票型ETF,主题指数ETF,950180.SH,,,,,,
2021-09-17,588930.SH,科创板AI,20250114,上证科创板人工智能指数,上证科创板人工智能指数收益率,银华基金管理股份有限公司,中信证券股份有限公司,股票型ETF,主题指数ETF,950180.SH,,,,,,
2021-09-22,588930.SH,科创板AI,20250114,上证科创板人工智能指数,上证科创板人工智能指数收益率,银华基金管理股份有限公司,中信证券股份有限公司,股票型ETF,主题指数ETF,950180.SH,,,,,,
2021-09-23,588930.SH,科创板AI,20250114,上证科创板人工智能指数,上证科创板人工智能指数收益率,银华基金管理股份有限公司,中信证券股份有限公司,股票型ETF,主题指数ETF,950180.SH,,,,,,
2021-09-24,588930.SH,科创板AI,20250114,上证科创板人工智能指数,上证科创板人工智能指数收益率,银华基金管理股份有限公司,中信证券股份有限公司,股票型ETF,主题指数ETF,950180.SH,,,,,,
2021-09-27,588930.SH,科创板AI,20250114,上证科创板人工智能指数,上证科创板人工智能指数收益率,银华基金管理股份有限公司,中信证券股份有限公司,股票型ETF,主题指数ETF,950180.SH,,,,,,
2021-09-28,588930.SH,科创板AI,20250114,上证科创板人工智能指数,上证科创板人工智能指数收益率,银华基金管理股份有限公司,中信证券股份有限公司,股票型ETF,主题指数ETF,950180.SH,,,,,,
2021-09-29,588930.SH,科创板AI,20250114,上证科创板人工智能指数,上证科创板人工智能指数收益率,银华基金管理股份有限公司,中信证券股份有限公司,股票型ETF,主题指数ETF,950180.SH,,,,,,
2021-09-30,588930.SH,科创板AI,20250114,上证科创板人工智能指数,上证科创板人工智能指数收益率,银华基金管理股份有限公司,中信证券股份有限公司,股票型ETF,主题指数ETF,950180.SH,,,,,,
2021-10-08,588930.SH,科创板AI,20250114,上证科创板人工智能指数,上证科创板人工智能指数收益率,银华基金管理股份有限公司,中信证券股份有限公司,股票型ETF,主题指数ETF,950180.SH,,,,,,
2021-10-11,588930.SH,科创板AI,20250114,上证科创板人工智能指数,上证科创板人工智能指数收益率,银华基金管理股份有限公司,中信证券股份有限公司,股票型ETF,主题指数ETF,950180.SH,,,,,,
2021-10-12,588930.SH,科创板AI,20250114,上证科创板人工智能指数,上证科创板人工智能指数收益率,银华基金管理股份有限公司,中信证券股份有限公司,股票型ETF,主题指数ETF,950180.SH,,,,,,
2021-10-13,588930.SH,科创板AI,20250114,上证科创板人工智能指数,上证科创板人工智能指数收益率,银华基金管理股份有限公司,中信证券股份有限公司,股票型ETF,主题指数ETF,950180.SH,,,,,,
2021-10-14,588930.SH,科创板AI,20250114,上证科创板人工智能指数,上证科创板人工智能指数收益率,银华基金管理股份有限公司,中信证券股份有限公司,股票型ETF,主题指数ETF,950180.SH,,,,,,
2021-10-15,588930.SH,科创板AI,20250114,上证科创板人工智能指数,上证科创板人工智能指数收益率,银华基金管理股份有限公司,中信证券股份有限公司,股票型ETF,主题指数ETF,950180.SH,,,,,,
2021-10-18,588930.SH,科创板AI,20250114,上证科创板人工智能指数,上证科创板人工智能指数收益率,银华基金管理股份有限公司,中信证券股份有限公司,股票型ETF,主题指数ETF,950180.SH,,,,,,
2021-10-19,588930.SH,科创板AI,20250114,上证科创板人工智能指数,上证科创板人工智能指数收益率,银华基金管理股份有限公司,中信证券股份有限公司,股票型ETF,主题指数ETF,950180.SH,,,,,,
2021-10-20,588930.SH,科创板AI,20250114,上证科创板人工智能指数,上证科创板人工智能指数收益率,银华基金管理股份有限公司,中信证券股份有限公司,股票型ETF,主题指数ETF,950180.SH,,,,,,
2021-10-21,588930.SH,科创板AI,20250114,上证科创板人工智能指数,上证科创板人工智能指数收益率,银华基金管理股份有限公司,中信证券股份有限公司,股票型ETF,主题指数ETF,950180.SH,,,,,,
2021-10-22,588930.SH,科创板AI,20250114,上证科创板人工智能指数,上证科创板人工智能指数收益率,银华基金管理股份有限公司,中信证券股份有限公司,股票型ETF,主题指数ETF,950180.SH,,,,,,
2021-10-25,588930.SH,科创板AI,20250114,上证科创板人工智能指数,上证科创板人工智能指数收益率,银华基金管理股份有限公司,中信证券股份有限公司,股票型ETF,主题指数ETF,950180.SH,,,,,,
2021-10-26,588930.SH,科创板AI,20250114,上证科创板人工智能指数,上证科创板人工智能指数收益率,银华基金管理股份有限公司,中信证券股份有限公司,股票型ETF,主题指数ETF,950180.SH,,,,,,
2021-10-27,588930.SH,科创板AI,20250114,上证科创板人工智能指数,上证科创板人工智能指数收益率,银华基金管理股份有限公司,中信证券股份有限公司,股票型ETF,主题指数ETF,950180.SH,,,,,,
2021-10-28,588930.SH,科创板AI,20250114,上证科创板人工智能指数,上证科创板人工智能指数收益率,银华基金管理股份有限公司,中信证券股份有限公司,股票型ETF,主题指数ETF,950180.SH,,,,,,
2021-10-29,588930.SH,科创板AI,20250114,上证科创板人工智能指数,上证科创板人工智能指数收益率,银华基金管理股份有限公司,中信证券股份有限公司,股票型ETF,主题指数ETF,950180.SH,,,,,,
2021-11-01,588930.SH,科创板AI,20250114,上证科创板人工智能指数,上证科创板人工智能指数收益率,银华基金管理股份有限公司,中信证券股份有限公司,股票型ETF,主题指数ETF,950180.SH,,,,,,
2021-11-02,588930.SH,科创板AI,20250114,上证科创板人工智能指数,上证科创板人工智能指数收益率,银华基金管理股份有限公司,中信证券股份有限公司,股票型ETF,主题指数ETF,950180.SH,,,,,,
2021-11-03,588930.SH,科创板AI,20250114,上证科创板人工智能指数,上证科创板人工智能指数收益率,银华基金管理股份有限公司,中信证券股份有限公司,股票型ETF,主题指数ETF,950180.SH,,,,,,
2021-11-04,588930.SH,科创板AI,20250114,上证科创板人工智能指数,上证科创板人工智能指数收益率,银华基金管理股份有限公司,中信证券股份有限公司,股票型ETF,主题指数ETF,950180.SH,,,,,,
2021-11-05,588930.SH,科创板AI,20250114,上证科创板人工智能指数,上证科创板人工智能指数收益率,银华基金管理股份有限公司,中信证券股份有限公司,股票型ETF,主题指数ETF,950180.SH,,,,,,
2021-11-08,588930.SH,科创板AI,20250114,上证科创板人工智能指数,上证科创板人工智能指数收益率,银华基金管理股份有限公司,中信证券股份有限公司,股票型ETF,主题指数ETF,950180.SH,,,,,,
2021-11-09,588930.SH,科创板AI,20250114,上证科创板人工智能指数,上证科创板人工智能指数收益率,银华基金管理股份有限公司,中信证券股份有限公司,股票型ETF,主题指数ETF,950180.SH,,,,,,
2021-11-10,588930.SH,科创板AI,20250114,上证科创板人工智能指数,上证科创板人工智能指数收益率,银华基金管理股份有限公司,中信证券股份有限公司,股票型ETF,主题指数ETF,950180.SH,,,,,,
2021-11-11,588930.SH,科创板AI,20250114,上证科创板人工智能指数,上证科创板人工智能指数收益率,银华基金管理股份有限公司,中信证券股份有限公司,股票型ETF,主题指数ETF,950180.SH,,,,,,
2021-11-12,588930.SH,科创板AI,20250114,上证科创板人工智能指数,上证科创板人工智能指数收益率,银华基金管理股份有限公司,中信证券股份有限公司,股票型ETF,主题指数ETF,950180.SH,,,,,,
2021-11-15,588930.SH,科创板AI,20250114,上证科创板人工智能指数,上证科创板人工智能指数收益率,银华基金管理股份有限公司,中信证券股份有限公司,股票型ETF,主题指数ETF,950180.SH,,,,,,
2021-11-16,588930.SH,科创板AI,20250114,上证科创板人工智能指数,上证科创板人工智能指数收益率,银华基金管理股份有限公司,中信证券股份有限公司,股票型ETF,主题指数ETF,950180.SH,,,,,,
2021-11-17,588930.SH,科创板AI,20250114,上证科创板人工智能指数,上证科创板人工智能指数收益率,银华基金管理股份有限公司,中信证券股份有限公司,股票型ETF,主题指数ETF,950180.SH,,,,,,
2021-11-18,588930.SH,科创板AI,20250114,上证科创板人工智能指数,上证科创板人工智能指数收益率,银华基金管理股份有限公司,中信证券股份有限公司,股票型ETF,主题指数ETF,950180.SH,,,,,,
2021-11-19,588930.SH,科创板AI,20250114,上证科创板人工智能指数,上证科创板人工智能指数收益率,银华基金管理股份有限公司,中信证券股份有限公司,股票型ETF,主题指数ETF,950180.SH,,,,,,
2021-11-22,588930.SH,科创板AI,20250114,上证科创板人工智能指数,上证科创板人工智能指数收益率,银华基金管理股份有限公司,中信证券股份有限公司,股票型ETF,主题指数ETF,950180.SH,,,,,,
2021-11-23,588930.SH,科创板AI,20250114,上证科创板人工智能指数,上证科创板人工智能指数收益率,银华基金管理股份有限公司,中信证券股份有限公司,股票型ETF,主题指数ETF,950180.SH,,,,,,
2021-11-24,588930.SH,科创板AI,20250114,上证科创板人工智能指数,上证科创板人工智能指数收益率,银华基金管理股份有限公司,中信证券股份有限公司,股票型ETF,主题指数ETF,950180.SH,,,,,,
2021-11-25,588930.SH,科创板AI,20250114,上证科创板人工智能指数,上证科创板人工智能指数收益率,银华基金管理股份有限公司,中信证券股份有限公司,股票型ETF,主题指数ETF,950180.SH,,,,,,
2021-11-26,588930.SH,科创板AI,20250114,上证科创板人工智能指数,上证科创板人工智能指数收益率,银华基金管理股份有限公司,中信证券股份有限公司,股票型ETF,主题指数ETF,950180.SH,,,,,,
2021-11-29,588930.SH,科创板AI,20250114,上证科创板人工智能指数,上证科创板人工智能指数收益率,银华基金管理股份有限公司,中信证券股份有限公司,股票型ETF,主题指数ETF,950180.SH,,,,,,
2021-11-30,588930.SH,科创板AI,20250114,上证科创板人工智能指数,上证科创板人工智能指数收益率,银华基金管理股份有限公司,中信证券股份有限公司,股票型ETF,主题指数ETF,950180.SH,,,,,,
2021-12-01,588930.SH,科创板AI,20250114,上证科创板人工智能指数,上证科创板人工智能指数收益率,银华基金管理股份有限公司,中信证券股份有限公司,股票型ETF,主题指数ETF,950180.SH,,,,,,
2021-12-02,588930.SH,科创板AI,20250114,上证科创板人工智能指数,上证科创板人工智能指数收益率,银华基金管理股份有限公司,中信证券股份有限公司,股票型ETF,主题指数ETF,950180.SH,,,,,,
2021-12-03,588930.SH,科创板AI,20250114,上证科创板人工智能指数,上证科创板人工智能指数收益率,银华基金管理股份有限公司,中信证券股份有限公司,股票型ETF,主题指数ETF,950180.SH,,,,,,
2021-12-06,588930.SH,科创板AI,20250114,上证科创板人工智能指数,上证科创板人工智能指数收益率,银华基金管理股份有限公司,中信证券股份有限公司,股票型ETF,主题指数ETF,950180.SH,,,,,,
2021-12-07,588930.SH,科创板AI,20250114,上证科创板人工智能指数,上证科创板人工智能指数收益率,银华基金管理股份有限公司,中信证券股份有限公司,股票型ETF,主题指数ETF,950180.SH,,,,,,
2021-12-08,588930.SH,科创板AI,20250114,上证科创板人工智能指数,上证科创板人工智能指数收益率,银华基金管理股份有限公司,中信证券股份有限公司,股票型ETF,主题指数ETF,950180.SH,,,,,,
2021-12-09,588930.SH,科创板AI,20250114,上证科创板人工智能指数,上证科创板人工智能指数收益率,银华基金管理股份有限公司,中信证券股份有限公司,股票型ETF,主题指数ETF,950180.SH,,,,,,
2021-12-10,588930.SH,科创板AI,20250114,上证科创板人工智能指数,上证科创板人工智能指数收益率,银华基金管理股份有限公司,中信证券股份有限公司,股票型ETF,主题指数ETF,950180.SH,,,,,,
2021-12-13,588930.SH,科创板AI,20250114,上证科创板人工智能指数,上证科创板人工智能指数收益率,银华基金管理股份有限公司,中信证券股份有限公司,股票型ETF,主题指数ETF,950180.SH,,,,,,
2021-12-14,588930.SH,科创板AI,20250114,上证科创板人工智能指数,上证科创板人工智能指数收益率,银华基金管理股份有限公司,中信证券股份有限公司,股票型ETF,主题指数ETF,950180.SH,,,,,,
2021-12-15,588930.SH,科创板AI,20250114,上证科创板人工智能指数,上证科创板人工智能指数收益率,银华基金管理股份有限公司,中信证券股份有限公司,股票型ETF,主题指数ETF,950180.SH,,,,,,
2021-12-16,588930.SH,科创板AI,20250114,上证科创板人工智能指数,上证科创板人工智能指数收益率,银华基金管理股份有限公司,中信证券股份有限公司,股票型ETF,主题指数ETF,950180.SH,,,,,,
2021-12-17,588930.SH,科创板AI,20250114,上证科创板人工智能指数,上证科创板人工智能指数收益率,银华基金管理股份有限公司,中信证券股份有限公司,股票型ETF,主题指数ETF,950180.SH,,,,,,
2021-12-20,588930.SH,科创板AI,20250114,上证科创板人工智能指数,上证科创板人工智能指数收益率,银华基金管理股份有限公司,中信证券股份有限公司,股票型ETF,主题指数ETF,950180.SH,,,,,,
2021-12-21,588930.SH,科创板AI,20250114,上证科创板人工智能指数,上证科创板人工智能指数收益率,银华基金管理股份有限公司,中信证券股份有限公司,股票型ETF,主题指数ETF,950180.SH,,,,,,
2021-12-22,588930.SH,科创板AI,20250114,上证科创板人工智能指数,上证科创板人工智能指数收益率,银华基金管理股份有限公司,中信证券股份有限公司,股票型ETF,主题指数ETF,950180.SH,,,,,,
2021-12-23,588930.SH,科创板AI,20250114,上证科创板人工智能指数,上证科创板人工智能指数收益率,银华基金管理股份有限公司,中信证券股份有限公司,股票型ETF,主题指数ETF,950180.SH,,,,,,
2021-12-24,588930.SH,科创板AI,20250114,上证科创板人工智能指数,上证科创板人工智能指数收益率,银华基金管理股份有限公司,中信证券股份有限公司,股票型ETF,主题指数ETF,950180.SH,,,,,,
2021-12-27,588930.SH,科创板AI,20250114,上证科创板人工智能指数,上证科创板人工智能指数收益率,银华基金管理股份有限公司,中信证券股份有限公司,股票型ETF,主题指数ETF,950180.SH,,,,,,
2021-12-28,588930.SH,科创板AI,20250114,上证科创板人工智能指数,上证科创板人工智能指数收益率,银华基金管理股份有限公司,中信证券股份有限公司,股票型ETF,主题指数ETF,950180.SH,,,,,,
2021-12-29,588930.SH,科创板AI,20250114,上证科创板人工智能指数,上证科创板人工智能指数收益率,银华基金管理股份有限公司,中信证券股份有限公司,股票型ETF,主题指数ETF,950180.SH,,,,,,
2021-12-30,588930.SH,科创板AI,20250114,上证科创板人工智能指数,上证科创板人工智能指数收益率,银华基金管理股份有限公司,中信证券股份有限公司,股票型ETF,主题指数ETF,950180.SH,,,,,,
2021-12-31,588930.SH,科创板AI,20250114,上证科创板人工智能指数,上证科创板人工智能指数收益率,银华基金管理股份有限公司,中信证券股份有限公司,股票型ETF,主题指数ETF,950180.SH,,,,,,
2022-01-04,588930.SH,科创板AI,20250114,上证科创板人工智能指数,上证科创板人工智能指数收益率,银华基金管理股份有限公司,中信证券股份有限公司,股票型ETF,主题指数ETF,950180.SH,,,,,,
2022-01-05,588930.SH,科创板AI,20250114,上证科创板人工智能指数,上证科创板人工智能指数收益率,银华基金管理股份有限公司,中信证券股份有限公司,股票型ETF,主题指数ETF,950180.SH,,,,,,
2022-01-06,588930.SH,科创板AI,20250114,上证科创板人工智能指数,上证科创板人工智能指数收益率,银华基金管理股份有限公司,中信证券股份有限公司,股票型ETF,主题指数ETF,950180.SH,,,,,,
2022-01-07,588930.SH,科创板AI,20250114,上证科创板人工智能指数,上证科创板人工智能指数收益率,银华基金管理股份有限公司,中信证券股份有限公司,股票型ETF,主题指数ETF,950180.SH,,,,,,
2022-01-10,588930.SH,科创板AI,20250114,上证科创板人工智能指数,上证科创板人工智能指数收益率,银华基金管理股份有限公司,中信证券股份有限公司,股票型ETF,主题指数ETF,950180.SH,,,,,,
2022-01-11,588930.SH,科创板AI,20250114,上证科创板人工智能指数,上证科创板人工智能指数收益率,银华基金管理股份有限公司,中信证券股份有限公司,股票型ETF,主题指数ETF,950180.SH,,,,,,
2022-01-12,588930.SH,科创板AI,20250114,上证科创板人工智能指数,上证科创板人工智能指数收益率,银华基金管理股份有限公司,中信证券股份有限公司,股票型ETF,主题指数ETF,950180.SH,,,,,,
2022-01-13,588930.SH,科创板AI,20250114,上证科创板人工智能指数,上证科创板人工智能指数收益率,银华基金管理股份有限公司,中信证券股份有限公司,股票型ETF,主题指数ETF,950180.SH,,,,,,
2022-01-14,588930.SH,科创板AI,20250114,上证科创板人工智能指数,上证科创板人工智能指数收益率,银华基金管理股份有限公司,中信证券股份有限公司,股票型ETF,主题指数ETF,950180.SH,,,,,,
2022-01-17,588930.SH,科创板AI,20250114,上证科创板人工智能指数,上证科创板人工智能指数收益率,银华基金管理股份有限公司,中信证券股份有限公司,股票型ETF,主题指数ETF,950180.SH,,,,,,
2022-01-18,588930.SH,科创板AI,20250114,上证科创板人工智能指数,上证科创板人工智能指数收益率,银华基金管理股份有限公司,中信证券股份有限公司,股票型ETF,主题指数ETF,950180.SH,,,,,,
2022-01-19,588930.SH,科创板AI,20250114,上证科创板人工智能指数,上证科创板人工智能指数收益率,银华基金管理股份有限公司,中信证券股份有限公司,股票型ETF,主题指数ETF,950180.SH,,,,,,
2022-01-20,588930.SH,科创板AI,20250114,上证科创板人工智能指数,上证科创板人工智能指数收益率,银华基金管理股份有限公司,中信证券股份有限公司,股票型ETF,主题指数ETF,950180.SH,,,,,,
2022-01-21,588930.SH,科创板AI,20250114,上证科创板人工智能指数,上证科创板人工智能指数收益率,银华基金管理股份有限公司,中信证券股份有限公司,股票型ETF,主题指数ETF,950180.SH,,,,,,
2022-01-24,588930.SH,科创板AI,20250114,上证科创板人工智能指数,上证科创板人工智能指数收益率,银华基金管理股份有限公司,中信证券股份有限公司,股票型ETF,主题指数ETF,950180.SH,,,,,,
2022-01-25,588930.SH,科创板AI,20250114,上证科创板人工智能指数,上证科创板人工智能指数收益率,银华基金管理股份有限公司,中信证券股份有限公司,股票型ETF,主题指数ETF,950180.SH,,,,,,
2022-01-26,588930.SH,科创板AI,20250114,上证科创板人工智能指数,上证科创板人工智能指数收益率,银华基金管理股份有限公司,中信证券股份有限公司,股票型ETF,主题指数ETF,950180.SH,,,,,,
2022-01-27,588930.SH,科创板AI,20250114,上证科创板人工智能指数,上证科创板人工智能指数收益率,银华基金管理股份有限公司,中信证券股份有限公司,股票型ETF,主题指数ETF,950180.SH,,,,,,
2022-01-28,588930.SH,科创板AI,20250114,上证科创板人工智能指数,上证科创板人工智能指数收益率,银华基金管理股份有限公司,中信证券股份有限公司,股票型ETF,主题指数ETF,950180.SH,,,,,,
2022-02-07,588930.SH,科创板AI,20250114,上证科创板人工智能指数,上证科创板人工智能指数收益率,银华基金管理股份有限公司,中信证券股份有限公司,股票型ETF,主题指数ETF,950180.SH,,,,,,
2022-02-08,588930.SH,科创板AI,20250114,上证科创板人工智能指数,上证科创板人工智能指数收益率,银华基金管理股份有限公司,中信证券股份有限公司,股票型ETF,主题指数ETF,950180.SH,,,,,,
2022-02-09,588930.SH,科创板AI,20250114,上证科创板人工智能指数,上证科创板人工智能指数收益率,银华基金管理股份有限公司,中信证券股份有限公司,股票型ETF,主题指数ETF,950180.SH,,,,,,
2022-02-10,588930.SH,科创板AI,20250114,上证科创板人工智能指数,上证科创板人工智能指数收益率,银华基金管理股份有限公司,中信证券股份有限公司,股票型ETF,主题指数ETF,950180.SH,,,,,,
2022-02-11,588930.SH,科创板AI,20250114,上证科创板人工智能指数,上证科创板人工智能指数收益率,银华基金管理股份有限公司,中信证券股份有限公司,股票型ETF,主题指数ETF,950180.SH,,,,,,
2022-02-14,588930.SH,科创板AI,20250114,上证科创板人工智能指数,上证科创板人工智能指数收益率,银华基金管理股份有限公司,中信证券股份有限公司,股票型ETF,主题指数ETF,950180.SH,,,,,,
2022-02-15,588930.SH,科创板AI,20250114,上证科创板人工智能指数,上证科创板人工智能指数收益率,银华基金管理股份有限公司,中信证券股份有限公司,股票型ETF,主题指数ETF,950180.SH,,,,,,
2022-02-16,588930.SH,科创板AI,20250114,上证科创板人工智能指数,上证科创板人工智能指数收益率,银华基金管理股份有限公司,中信证券股份有限公司,股票型ETF,主题指数ETF,950180.SH,,,,,,
2022-02-17,588930.SH,科创板AI,20250114,上证科创板人工智能指数,上证科创板人工智能指数收益率,银华基金管理股份有限公司,中信证券股份有限公司,股票型ETF,主题指数ETF,950180.SH,,,,,,
2022-02-18,588930.SH,科创板AI,20250114,上证科创板人工智能指数,上证科创板人工智能指数收益率,银华基金管理股份有限公司,中信证券股份有限公司,股票型ETF,主题指数ETF,950180.SH,,,,,,
2022-02-21,588930.SH,科创板AI,20250114,上证科创板人工智能指数,上证科创板人工智能指数收益率,银华基金管理股份有限公司,中信证券股份有限公司,股票型ETF,主题指数ETF,950180.SH,,,,,,
2022-02-22,588930.SH,科创板AI,20250114,上证科创板人工智能指数,上证科创板人工智能指数收益率,银华基金管理股份有限公司,中信证券股份有限公司,股票型ETF,主题指数ETF,950180.SH,,,,,,
2022-02-23,588930.SH,科创板AI,20250114,上证科创板人工智能指数,上证科创板人工智能指数收益率,银华基金管理股份有限公司,中信证券股份有限公司,股票型ETF,主题指数ETF,950180.SH,,,,,,
2022-02-24,588930.SH,科创板AI,20250114,上证科创板人工智能指数,上证科创板人工智能指数收益率,银华基金管理股份有限公司,中信证券股份有限公司,股票型ETF,主题指数ETF,950180.SH,,,,,,
2022-02-25,588930.SH,科创板AI,20250114,上证科创板人工智能指数,上证科创板人工智能指数收益率,银华基金管理股份有限公司,中信证券股份有限公司,股票型ETF,主题指数ETF,950180.SH,,,,,,
2022-02-28,588930.SH,科创板AI,20250114,上证科创板人工智能指数,上证科创板人工智能指数收益率,银华基金管理股份有限公司,中信证券股份有限公司,股票型ETF,主题指数ETF,950180.SH,,,,,,
2022-03-01,588930.SH,科创板AI,20250114,上证科创板人工智能指数,上证科创板人工智能指数收益率,银华基金管理股份有限公司,中信证券股份有限公司,股票型ETF,主题指数ETF,950180.SH,,,,,,
2022-03-02,588930.SH,科创板AI,20250114,上证科创板人工智能指数,上证科创板人工智能指数收益率,银华基金管理股份有限公司,中信证券股份有限公司,股票型ETF,主题指数ETF,950180.SH,,,,,,
2022-03-03,588930.SH,科创板AI,20250114,上证科创板人工智能指数,上证科创板人工智能指数收益率,银华基金管理股份有限公司,中信证券股份有限公司,股票型ETF,主题指数ETF,950180.SH,,,,,,
2022-03-04,588930.SH,科创板AI,20250114,上证科创板人工智能指数,上证科创板人工智能指数收益率,银华基金管理股份有限公司,中信证券股份有限公司,股票型ETF,主题指数ETF,950180.SH,,,,,,
2022-03-07,588930.SH,科创板AI,20250114,上证科创板人工智能指数,上证科创板人工智能指数收益率,银华基金管理股份有限公司,中信证券股份有限公司,股票型ETF,主题指数ETF,950180.SH,,,,,,
2022-03-08,588930.SH,科创板AI,20250114,上证科创板人工智能指数,上证科创板人工智能指数收益率,银华基金管理股份有限公司,中信证券股份有限公司,股票型ETF,主题指数ETF,950180.SH,,,,,,
2022-03-09,588930.SH,科创板AI,20250114,上证科创板人工智能指数,上证科创板人工智能指数收益率,银华基金管理股份有限公司,中信证券股份有限公司,股票型ETF,主题指数ETF,950180.SH,,,,,,
2022-03-10,588930.SH,科创板AI,20250114,上证科创板人工智能指数,上证科创板人工智能指数收益率,银华基金管理股份有限公司,中信证券股份有限公司,股票型ETF,主题指数ETF,950180.SH,,,,,,
2022-03-11,588930.SH,科创板AI,20250114,上证科创板人工智能指数,上证科创板人工智能指数收益率,银华基金管理股份有限公司,中信证券股份有限公司,股票型ETF,主题指数ETF,950180.SH,,,,,,
2022-03-14,588930.SH,科创板AI,20250114,上证科创板人工智能指数,上证科创板人工智能指数收益率,银华基金管理股份有限公司,中信证券股份有限公司,股票型ETF,主题指数ETF,950180.SH,,,,,,
2022-03-15,588930.SH,科创板AI,20250114,上证科创板人工智能指数,上证科创板人工智能指数收益率,银华基金管理股份有限公司,中信证券股份有限公司,股票型ETF,主题指数ETF,950180.SH,,,,,,
2022-03-16,588930.SH,科创板AI,20250114,上证科创板人工智能指数,上证科创板人工智能指数收益率,银华基金管理股份有限公司,中信证券股份有限公司,股票型ETF,主题指数ETF,950180.SH,,,,,,
2022-03-17,588930.SH,科创板AI,20250114,上证科创板人工智能指数,上证科创板人工智能指数收益率,银华基金管理股份有限公司,中信证券股份有限公司,股票型ETF,主题指数ETF,950180.SH,,,,,,
2022-03-18,588930.SH,科创板AI,20250114,上证科创板人工智能指数,上证科创板人工智能指数收益率,银华基金管理股份有限公司,中信证券股份有限公司,股票型ETF,主题指数ETF,950180.SH,,,,,,
2022-03-21,588930.SH,科创板AI,20250114,上证科创板人工智能指数,上证科创板人工智能指数收益率,银华基金管理股份有限公司,中信证券股份有限公司,股票型ETF,主题指数ETF,950180.SH,,,,,,
2022-03-22,588930.SH,科创板AI,20250114,上证科创板人工智能指数,上证科创板人工智能指数收益率,银华基金管理股份有限公司,中信证券股份有限公司,股票型ETF,主题指数ETF,950180.SH,,,,,,
2022-03-23,588930.SH,科创板AI,20250114,上证科创板人工智能指数,上证科创板人工智能指数收益率,银华基金管理股份有限公司,中信证券股份有限公司,股票型ETF,主题指数ETF,950180.SH,,,,,,
2022-03-24,588930.SH,科创板AI,20250114,上证科创板人工智能指数,上证科创板人工智能指数收益率,银华基金管理股份有限公司,中信证券股份有限公司,股票型ETF,主题指数ETF,950180.SH,,,,,,
2022-03-25,588930.SH,科创板AI,20250114,上证科创板人工智能指数,上证科创板人工智能指数收益率,银华基金管理股份有限公司,中信证券股份有限公司,股票型ETF,主题指数ETF,950180.SH,,,,,,
2022-03-28,588930.SH,科创板AI,20250114,上证科创板人工智能指数,上证科创板人工智能指数收益率,银华基金管理股份有限公司,中信证券股份有限公司,股票型ETF,主题指数ETF,950180.SH,,,,,,
2022-03-29,588930.SH,科创板AI,20250114,上证科创板人工智能指数,上证科创板人工智能指数收益率,银华基金管理股份有限公司,中信证券股份有限公司,股票型ETF,主题指数ETF,950180.SH,,,,,,
2022-03-30,588930.SH,科创板AI,20250114,上证科创板人工智能指数,上证科创板人工智能指数收益率,银华基金管理股份有限公司,中信证券股份有限公司,股票型ETF,主题指数ETF,950180.SH,,,,,,
2022-03-31,588930.SH,科创板AI,20250114,上证科创板人工智能指数,上证科创板人工智能指数收益率,银华基金管理股份有限公司,中信证券股份有限公司,股票型ETF,主题指数ETF,950180.SH,,,,,,
2022-04-01,588930.SH,科创板AI,20250114,上证科创板人工智能指数,上证科创板人工智能指数收益率,银华基金管理股份有限公司,中信证券股份有限公司,股票型ETF,主题指数ETF,950180.SH,,,,,,
2022-04-06,588930.SH,科创板AI,20250114,上证科创板人工智能指数,上证科创板人工智能指数收益率,银华基金管理股份有限公司,中信证券股份有限公司,股票型ETF,主题指数ETF,950180.SH,,,,,,
2022-04-07,588930.SH,科创板AI,20250114,上证科创板人工智能指数,上证科创板人工智能指数收益率,银华基金管理股份有限公司,中信证券股份有限公司,股票型ETF,主题指数ETF,950180.SH,,,,,,
2022-04-08,588930.SH,科创板AI,20250114,上证科创板人工智能指数,上证科创板人工智能指数收益率,银华基金管理股份有限公司,中信证券股份有限公司,股票型ETF,主题指数ETF,950180.SH,,,,,,
2022-04-11,588930.SH,科创板AI,20250114,上证科创板人工智能指数,上证科创板人工智能指数收益率,银华基金管理股份有限公司,中信证券股份有限公司,股票型ETF,主题指数ETF,950180.SH,,,,,,
2022-04-12,588930.SH,科创板AI,20250114,上证科创板人工智能指数,上证科创板人工智能指数收益率,银华基金管理股份有限公司,中信证券股份有限公司,股票型ETF,主题指数ETF,950180.SH,,,,,,
2022-04-13,588930.SH,科创板AI,20250114,上证科创板人工智能指数,上证科创板人工智能指数收益率,银华基金管理股份有限公司,中信证券股份有限公司,股票型ETF,主题指数ETF,950180.SH,,,,,,
2022-04-14,588930.SH,科创板AI,20250114,上证科创板人工智能指数,上证科创板人工智能指数收益率,银华基金管理股份有限公司,中信证券股份有限公司,股票型ETF,主题指数ETF,950180.SH,,,,,,
2022-04-15,588930.SH,科创板AI,20250114,上证科创板人工智能指数,上证科创板人工智能指数收益率,银华基金管理股份有限公司,中信证券股份有限公司,股票型ETF,主题指数ETF,950180.SH,,,,,,
2022-04-18,588930.SH,科创板AI,20250114,上证科创板人工智能指数,上证科创板人工智能指数收益率,银华基金管理股份有限公司,中信证券股份有限公司,股票型ETF,主题指数ETF,950180.SH,,,,,,
2022-04-19,588930.SH,科创板AI,20250114,上证科创板人工智能指数,上证科创板人工智能指数收益率,银华基金管理股份有限公司,中信证券股份有限公司,股票型ETF,主题指数ETF,950180.SH,,,,,,
2022-04-20,588930.SH,科创板AI,20250114,上证科创板人工智能指数,上证科创板人工智能指数收益率,银华基金管理股份有限公司,中信证券股份有限公司,股票型ETF,主题指数ETF,950180.SH,,,,,,
2022-04-21,588930.SH,科创板AI,20250114,上证科创板人工智能指数,上证科创板人工智能指数收益率,银华基金管理股份有限公司,中信证券股份有限公司,股票型ETF,主题指数ETF,950180.SH,,,,,,
2022-04-22,588930.SH,科创板AI,20250114,上证科创板人工智能指数,上证科创板人工智能指数收益率,银华基金管理股份有限公司,中信证券股份有限公司,股票型ETF,主题指数ETF,950180.SH,,,,,,
2022-04-25,588930.SH,科创板AI,20250114,上证科创板人工智能指数,上证科创板人工智能指数收益率,银华基金管理股份有限公司,中信证券股份有限公司,股票型ETF,主题指数ETF,950180.SH,,,,,,
2022-04-26,588930.SH,科创板AI,20250114,上证科创板人工智能指数,上证科创板人工智能指数收益率,银华基金管理股份有限公司,中信证券股份有限公司,股票型ETF,主题指数ETF,950180.SH,,,,,,
2022-04-27,588930.SH,科创板AI,20250114,上证科创板人工智能指数,上证科创板人工智能指数收益率,银华基金管理股份有限公司,中信证券股份有限公司,股票型ETF,主题指数ETF,950180.SH,,,,,,
2022-04-28,588930.SH,科创板AI,20250114,上证科创板人工智能指数,上证科创板人工智能指数收益率,银华基金管理股份有限公司,中信证券股份有限公司,股票型ETF,主题指数ETF,950180.SH,,,,,,
2022-04-29,588930.SH,科创板AI,20250114,上证科创板人工智能指数,上证科创板人工智能指数收益率,银华基金管理股份有限公司,中信证券股份有限公司,股票型ETF,主题指数ETF,950180.SH,,,,,,
2022-05-05,588930.SH,科创板AI,20250114,上证科创板人工智能指数,上证科创板人工智能指数收益率,银华基金管理股份有限公司,中信证券股份有限公司,股票型ETF,主题指数ETF,950180.SH,,,,,,
2022-05-06,588930.SH,科创板AI,20250114,上证科创板人工智能指数,上证科创板人工智能指数收益率,银华基金管理股份有限公司,中信证券股份有限公司,股票型ETF,主题指数ETF,950180.SH,,,,,,
2022-05-09,588930.SH,科创板AI,20250114,上证科创板人工智能指数,上证科创板人工智能指数收益率,银华基金管理股份有限公司,中信证券股份有限公司,股票型ETF,主题指数ETF,950180.SH,,,,,,
2022-05-10,588930.SH,科创板AI,20250114,上证科创板人工智能指数,上证科创板人工智能指数收益率,银华基金管理股份有限公司,中信证券股份有限公司,股票型ETF,主题指数ETF,950180.SH,,,,,,
2022-05-11,588930.SH,科创板AI,20250114,上证科创板人工智能指数,上证科创板人工智能指数收益率,银华基金管理股份有限公司,中信证券股份有限公司,股票型ETF,主题指数ETF,950180.SH,,,,,,
2022-05-12,588930.SH,科创板AI,20250114,上证科创板人工智能指数,上证科创板人工智能指数收益率,银华基金管理股份有限公司,中信证券股份有限公司,股票型ETF,主题指数ETF,950180.SH,,,,,,
2022-05-13,588930.SH,科创板AI,20250114,上证科创板人工智能指数,上证科创板人工智能指数收益率,银华基金管理股份有限公司,中信证券股份有限公司,股票型ETF,主题指数ETF,950180.SH,,,,,,
2022-05-16,588930.SH,科创板AI,20250114,上证科创板人工智能指数,上证科创板人工智能指数收益率,银华基金管理股份有限公司,中信证券股份有限公司,股票型ETF,主题指数ETF,950180.SH,,,,,,
2022-05-17,588930.SH,科创板AI,20250114,上证科创板人工智能指数,上证科创板人工智能指数收益率,银华基金管理股份有限公司,中信证券股份有限公司,股票型ETF,主题指数ETF,950180.SH,,,,,,
2022-05-18,588930.SH,科创板AI,20250114,上证科创板人工智能指数,上证科创板人工智能指数收益率,银华基金管理股份有限公司,中信证券股份有限公司,股票型ETF,主题指数ETF,950180.SH,,,,,,
2022-05-19,588930.SH,科创板AI,20250114,上证科创板人工智能指数,上证科创板人工智能指数收益率,银华基金管理股份有限公司,中信证券股份有限公司,股票型ETF,主题指数ETF,950180.SH,,,,,,
2022-05-20,588930.SH,科创板AI,20250114,上证科创板人工智能指数,上证科创板人工智能指数收益率,银华基金管理股份有限公司,中信证券股份有限公司,股票型ETF,主题指数ETF,950180.SH,,,,,,
2022-05-23,588930.SH,科创板AI,20250114,上证科创板人工智能指数,上证科创板人工智能指数收益率,银华基金管理股份有限公司,中信证券股份有限公司,股票型ETF,主题指数ETF,950180.SH,,,,,,
2022-05-24,588930.SH,科创板AI,20250114,上证科创板人工智能指数,上证科创板人工智能指数收益率,银华基金管理股份有限公司,中信证券股份有限公司,股票型ETF,主题指数ETF,950180.SH,,,,,,
2022-05-25,588930.SH,科创板AI,20250114,上证科创板人工智能指数,上证科创板人工智能指数收益率,银华基金管理股份有限公司,中信证券股份有限公司,股票型ETF,主题指数ETF,950180.SH,,,,,,
2022-05-26,588930.SH,科创板AI,20250114,上证科创板人工智能指数,上证科创板人工智能指数收益率,银华基金管理股份有限公司,中信证券股份有限公司,股票型ETF,主题指数ETF,950180.SH,,,,,,
2022-05-27,588930.SH,科创板AI,20250114,上证科创板人工智能指数,上证科创板人工智能指数收益率,银华基金管理股份有限公司,中信证券股份有限公司,股票型ETF,主题指数ETF,950180.SH,,,,,,
2022-05-30,588930.SH,科创板AI,20250114,上证科创板人工智能指数,上证科创板人工智能指数收益率,银华基金管理股份有限公司,中信证券股份有限公司,股票型ETF,主题指数ETF,950180.SH,,,,,,
2022-05-31,588930.SH,科创板AI,20250114,上证科创板人工智能指数,上证科创板人工智能指数收益率,银华基金管理股份有限公司,中信证券股份有限公司,股票型ETF,主题指数ETF,950180.SH,,,,,,
2022-06-01,588930.SH,科创板AI,20250114,上证科创板人工智能指数,上证科创板人工智能指数收益率,银华基金管理股份有限公司,中信证券股份有限公司,股票型ETF,主题指数ETF,950180.SH,,,,,,
2022-06-02,588930.SH,科创板AI,20250114,上证科创板人工智能指数,上证科创板人工智能指数收益率,银华基金管理股份有限公司,中信证券股份有限公司,股票型ETF,主题指数ETF,950180.SH,,,,,,
2022-06-06,588930.SH,科创板AI,20250114,上证科创板人工智能指数,上证科创板人工智能指数收益率,银华基金管理股份有限公司,中信证券股份有限公司,股票型ETF,主题指数ETF,950180.SH,,,,,,
2022-06-07,588930.SH,科创板AI,20250114,上证科创板人工智能指数,上证科创板人工智能指数收益率,银华基金管理股份有限公司,中信证券股份有限公司,股票型ETF,主题指数ETF,950180.SH,,,,,,
2022-06-08,588930.SH,科创板AI,20250114,上证科创板人工智能指数,上证科创板人工智能指数收益率,银华基金管理股份有限公司,中信证券股份有限公司,股票型ETF,主题指数ETF,950180.SH,,,,,,
2022-06-09,588930.SH,科创板AI,20250114,上证科创板人工智能指数,上证科创板人工智能指数收益率,银华基金管理股份有限公司,中信证券股份有限公司,股票型ETF,主题指数ETF,950180.SH,,,,,,
2022-06-10,588930.SH,科创板AI,20250114,上证科创板人工智能指数,上证科创板人工智能指数收益率,银华基金管理股份有限公司,中信证券股份有限公司,股票型ETF,主题指数ETF,950180.SH,,,,,,
2022-06-13,588930.SH,科创板AI,20250114,上证科创板人工智能指数,上证科创板人工智能指数收益率,银华基金管理股份有限公司,中信证券股份有限公司,股票型ETF,主题指数ETF,950180.SH,,,,,,
2022-06-14,588930.SH,科创板AI,20250114,上证科创板人工智能指数,上证科创板人工智能指数收益率,银华基金管理股份有限公司,中信证券股份有限公司,股票型ETF,主题指数ETF,950180.SH,,,,,,
2022-06-15,588930.SH,科创板AI,20250114,上证科创板人工智能指数,上证科创板人工智能指数收益率,银华基金管理股份有限公司,中信证券股份有限公司,股票型ETF,主题指数ETF,950180.SH,,,,,,
2022-06-16,588930.SH,科创板AI,20250114,上证科创板人工智能指数,上证科创板人工智能指数收益率,银华基金管理股份有限公司,中信证券股份有限公司,股票型ETF,主题指数ETF,950180.SH,,,,,,
2022-06-17,588930.SH,科创板AI,20250114,上证科创板人工智能指数,上证科创板人工智能指数收益率,银华基金管理股份有限公司,中信证券股份有限公司,股票型ETF,主题指数ETF,950180.SH,,,,,,
2022-06-20,588930.SH,科创板AI,20250114,上证科创板人工智能指数,上证科创板人工智能指数收益率,银华基金管理股份有限公司,中信证券股份有限公司,股票型ETF,主题指数ETF,950180.SH,,,,,,
2022-06-21,588930.SH,科创板AI,20250114,上证科创板人工智能指数,上证科创板人工智能指数收益率,银华基金管理股份有限公司,中信证券股份有限公司,股票型ETF,主题指数ETF,950180.SH,,,,,,
2022-06-22,588930.SH,科创板AI,20250114,上证科创板人工智能指数,上证科创板人工智能指数收益率,银华基金管理股份有限公司,中信证券股份有限公司,股票型ETF,主题指数ETF,950180.SH,,,,,,
2022-06-23,588930.SH,科创板AI,20250114,上证科创板人工智能指数,上证科创板人工智能指数收益率,银华基金管理股份有限公司,中信证券股份有限公司,股票型ETF,主题指数ETF,950180.SH,,,,,,
2022-06-24,588930.SH,科创板AI,20250114,上证科创板人工智能指数,上证科创板人工智能指数收益率,银华基金管理股份有限公司,中信证券股份有限公司,股票型ETF,主题指数ETF,950180.SH,,,,,,
2022-06-27,588930.SH,科创板AI,20250114,上证科创板人工智能指数,上证科创板人工智能指数收益率,银华基金管理股份有限公司,中信证券股份有限公司,股票型ETF,主题指数ETF,950180.SH,,,,,,
2022-06-28,588930.SH,科创板AI,20250114,上证科创板人工智能指数,上证科创板人工智能指数收益率,银华基金管理股份有限公司,中信证券股份有限公司,股票型ETF,主题指数ETF,950180.SH,,,,,,
2022-06-29,588930.SH,科创板AI,20250114,上证科创板人工智能指数,上证科创板人工智能指数收益率,银华基金管理股份有限公司,中信证券股份有限公司,股票型ETF,主题指数ETF,950180.SH,,,,,,
2022-06-30,588930.SH,科创板AI,20250114,上证科创板人工智能指数,上证科创板人工智能指数收益率,银华基金管理股份有限公司,中信证券股份有限公司,股票型ETF,主题指数ETF,950180.SH,,,,,,
2022-07-01,588930.SH,科创板AI,20250114,上证科创板人工智能指数,上证科创板人工智能指数收益率,银华基金管理股份有限公司,中信证券股份有限公司,股票型ETF,主题指数ETF,950180.SH,,,,,,
2022-07-04,588930.SH,科创板AI,20250114,上证科创板人工智能指数,上证科创板人工智能指数收益率,银华基金管理股份有限公司,中信证券股份有限公司,股票型ETF,主题指数ETF,950180.SH,,,,,,
2022-07-05,588930.SH,科创板AI,20250114,上证科创板人工智能指数,上证科创板人工智能指数收益率,银华基金管理股份有限公司,中信证券股份有限公司,股票型ETF,主题指数ETF,950180.SH,,,,,,
2022-07-06,588930.SH,科创板AI,20250114,上证科创板人工智能指数,上证科创板人工智能指数收益率,银华基金管理股份有限公司,中信证券股份有限公司,股票型ETF,主题指数ETF,950180.SH,,,,,,
2022-07-07,588930.SH,科创板AI,20250114,上证科创板人工智能指数,上证科创板人工智能指数收益率,银华基金管理股份有限公司,中信证券股份有限公司,股票型ETF,主题指数ETF,950180.SH,,,,,,
2022-07-08,588930.SH,科创板AI,20250114,上证科创板人工智能指数,上证科创板人工智能指数收益率,银华基金管理股份有限公司,中信证券股份有限公司,股票型ETF,主题指数ETF,950180.SH,,,,,,
2022-07-11,588930.SH,科创板AI,20250114,上证科创板人工智能指数,上证科创板人工智能指数收益率,银华基金管理股份有限公司,中信证券股份有限公司,股票型ETF,主题指数ETF,950180.SH,,,,,,
2022-07-12,588930.SH,科创板AI,20250114,上证科创板人工智能指数,上证科创板人工智能指数收益率,银华基金管理股份有限公司,中信证券股份有限公司,股票型ETF,主题指数ETF,950180.SH,,,,,,
2022-07-13,588930.SH,科创板AI,20250114,上证科创板人工智能指数,上证科创板人工智能指数收益率,银华基金管理股份有限公司,中信证券股份有限公司,股票型ETF,主题指数ETF,950180.SH,,,,,,
2022-07-14,588930.SH,科创板AI,20250114,上证科创板人工智能指数,上证科创板人工智能指数收益率,银华基金管理股份有限公司,中信证券股份有限公司,股票型ETF,主题指数ETF,950180.SH,,,,,,
2022-07-15,588930.SH,科创板AI,20250114,上证科创板人工智能指数,上证科创板人工智能指数收益率,银华基金管理股份有限公司,中信证券股份有限公司,股票型ETF,主题指数ETF,950180.SH,,,,,,
2022-07-18,588930.SH,科创板AI,20250114,上证科创板人工智能指数,上证科创板人工智能指数收益率,银华基金管理股份有限公司,中信证券股份有限公司,股票型ETF,主题指数ETF,950180.SH,,,,,,
2022-07-19,588930.SH,科创板AI,20250114,上证科创板人工智能指数,上证科创板人工智能指数收益率,银华基金管理股份有限公司,中信证券股份有限公司,股票型ETF,主题指数ETF,950180.SH,,,,,,
2022-07-20,588930.SH,科创板AI,20250114,上证科创板人工智能指数,上证科创板人工智能指数收益率,银华基金管理股份有限公司,中信证券股份有限公司,股票型ETF,主题指数ETF,950180.SH,,,,,,
2022-07-21,588930.SH,科创板AI,20250114,上证科创板人工智能指数,上证科创板人工智能指数收益率,银华基金管理股份有限公司,中信证券股份有限公司,股票型ETF,主题指数ETF,950180.SH,,,,,,
2022-07-22,588930.SH,科创板AI,20250114,上证科创板人工智能指数,上证科创板人工智能指数收益率,银华基金管理股份有限公司,中信证券股份有限公司,股票型ETF,主题指数ETF,950180.SH,,,,,,
2022-07-25,588930.SH,科创板AI,20250114,上证科创板人工智能指数,上证科创板人工智能指数收益率,银华基金管理股份有限公司,中信证券股份有限公司,股票型ETF,主题指数ETF,950180.SH,,,,,,
2022-07-26,588930.SH,科创板AI,20250114,上证科创板人工智能指数,上证科创板人工智能指数收益率,银华基金管理股份有限公司,中信证券股份有限公司,股票型ETF,主题指数ETF,950180.SH,,,,,,
2022-07-27,588930.SH,科创板AI,20250114,上证科创板人工智能指数,上证科创板人工智能指数收益率,银华基金管理股份有限公司,中信证券股份有限公司,股票型ETF,主题指数ETF,950180.SH,,,,,,
2022-07-28,588930.SH,科创板AI,20250114,上证科创板人工智能指数,上证科创板人工智能指数收益率,银华基金管理股份有限公司,中信证券股份有限公司,股票型ETF,主题指数ETF,950180.SH,,,,,,
2022-07-29,588930.SH,科创板AI,20250114,上证科创板人工智能指数,上证科创板人工智能指数收益率,银华基金管理股份有限公司,中信证券股份有限公司,股票型ETF,主题指数ETF,950180.SH,,,,,,
2022-08-01,588930.SH,科创板AI,20250114,上证科创板人工智能指数,上证科创板人工智能指数收益率,银华基金管理股份有限公司,中信证券股份有限公司,股票型ETF,主题指数ETF,950180.SH,,,,,,
2022-08-02,588930.SH,科创板AI,20250114,上证科创板人工智能指数,上证科创板人工智能指数收益率,银华基金管理股份有限公司,中信证券股份有限公司,股票型ETF,主题指数ETF,950180.SH,,,,,,
2022-08-03,588930.SH,科创板AI,20250114,上证科创板人工智能指数,上证科创板人工智能指数收益率,银华基金管理股份有限公司,中信证券股份有限公司,股票型ETF,主题指数ETF,950180.SH,,,,,,
2022-08-04,588930.SH,科创板AI,20250114,上证科创板人工智能指数,上证科创板人工智能指数收益率,银华基金管理股份有限公司,中信证券股份有限公司,股票型ETF,主题指数ETF,950180.SH,,,,,,
2022-08-05,588930.SH,科创板AI,20250114,上证科创板人工智能指数,上证科创板人工智能指数收益率,银华基金管理股份有限公司,中信证券股份有限公司,股票型ETF,主题指数ETF,950180.SH,,,,,,
2022-08-08,588930.SH,科创板AI,20250114,上证科创板人工智能指数,上证科创板人工智能指数收益率,银华基金管理股份有限公司,中信证券股份有限公司,股票型ETF,主题指数ETF,950180.SH,,,,,,
2022-08-09,588930.SH,科创板AI,20250114,上证科创板人工智能指数,上证科创板人工智能指数收益率,银华基金管理股份有限公司,中信证券股份有限公司,股票型ETF,主题指数ETF,950180.SH,,,,,,
2022-08-10,588930.SH,科创板AI,20250114,上证科创板人工智能指数,上证科创板人工智能指数收益率,银华基金管理股份有限公司,中信证券股份有限公司,股票型ETF,主题指数ETF,950180.SH,,,,,,
2022-08-11,588930.SH,科创板AI,20250114,上证科创板人工智能指数,上证科创板人工智能指数收益率,银华基金管理股份有限公司,中信证券股份有限公司,股票型ETF,主题指数ETF,950180.SH,,,,,,
2022-08-12,588930.SH,科创板AI,20250114,上证科创板人工智能指数,上证科创板人工智能指数收益率,银华基金管理股份有限公司,中信证券股份有限公司,股票型ETF,主题指数ETF,950180.SH,,,,,,
2022-08-15,588930.SH,科创板AI,20250114,上证科创板人工智能指数,上证科创板人工智能指数收益率,银华基金管理股份有限公司,中信证券股份有限公司,股票型ETF,主题指数ETF,950180.SH,,,,,,
2022-08-16,588930.SH,科创板AI,20250114,上证科创板人工智能指数,上证科创板人工智能指数收益率,银华基金管理股份有限公司,中信证券股份有限公司,股票型ETF,主题指数ETF,950180.SH,,,,,,
2022-08-17,588930.SH,科创板AI,20250114,上证科创板人工智能指数,上证科创板人工智能指数收益率,银华基金管理股份有限公司,中信证券股份有限公司,股票型ETF,主题指数ETF,950180.SH,,,,,,
2022-08-18,588930.SH,科创板AI,20250114,上证科创板人工智能指数,上证科创板人工智能指数收益率,银华基金管理股份有限公司,中信证券股份有限公司,股票型ETF,主题指数ETF,950180.SH,,,,,,
2022-08-19,588930.SH,科创板AI,20250114,上证科创板人工智能指数,上证科创板人工智能指数收益率,银华基金管理股份有限公司,中信证券股份有限公司,股票型ETF,主题指数ETF,950180.SH,,,,,,
2022-08-22,588930.SH,科创板AI,20250114,上证科创板人工智能指数,上证科创板人工智能指数收益率,银华基金管理股份有限公司,中信证券股份有限公司,股票型ETF,主题指数ETF,950180.SH,,,,,,
2022-08-23,588930.SH,科创板AI,20250114,上证科创板人工智能指数,上证科创板人工智能指数收益率,银华基金管理股份有限公司,中信证券股份有限公司,股票型ETF,主题指数ETF,950180.SH,,,,,,
2022-08-24,588930.SH,科创板AI,20250114,上证科创板人工智能指数,上证科创板人工智能指数收益率,银华基金管理股份有限公司,中信证券股份有限公司,股票型ETF,主题指数ETF,950180.SH,,,,,,
2022-08-25,588930.SH,科创板AI,20250114,上证科创板人工智能指数,上证科创板人工智能指数收益率,银华基金管理股份有限公司,中信证券股份有限公司,股票型ETF,主题指数ETF,950180.SH,,,,,,
2022-08-26,588930.SH,科创板AI,20250114,上证科创板人工智能指数,上证科创板人工智能指数收益率,银华基金管理股份有限公司,中信证券股份有限公司,股票型ETF,主题指数ETF,950180.SH,,,,,,
2022-08-29,588930.SH,科创板AI,20250114,上证科创板人工智能指数,上证科创板人工智能指数收益率,银华基金管理股份有限公司,中信证券股份有限公司,股票型ETF,主题指数ETF,950180.SH,,,,,,
2022-08-30,588930.SH,科创板AI,20250114,上证科创板人工智能指数,上证科创板人工智能指数收益率,银华基金管理股份有限公司,中信证券股份有限公司,股票型ETF,主题指数ETF,950180.SH,,,,,,
2022-08-31,588930.SH,科创板AI,20250114,上证科创板人工智能指数,上证科创板人工智能指数收益率,银华基金管理股份有限公司,中信证券股份有限公司,股票型ETF,主题指数ETF,950180.SH,,,,,,
2022-09-01,588930.SH,科创板AI,20250114,上证科创板人工智能指数,上证科创板人工智能指数收益率,银华基金管理股份有限公司,中信证券股份有限公司,股票型ETF,主题指数ETF,950180.SH,,,,,,
2022-09-02,588930.SH,科创板AI,20250114,上证科创板人工智能指数,上证科创板人工智能指数收益率,银华基金管理股份有限公司,中信证券股份有限公司,股票型ETF,主题指数ETF,950180.SH,,,,,,
2022-09-05,588930.SH,科创板AI,20250114,上证科创板人工智能指数,上证科创板人工智能指数收益率,银华基金管理股份有限公司,中信证券股份有限公司,股票型ETF,主题指数ETF,950180.SH,,,,,,
2022-09-06,588930.SH,科创板AI,20250114,上证科创板人工智能指数,上证科创板人工智能指数收益率,银华基金管理股份有限公司,中信证券股份有限公司,股票型ETF,主题指数ETF,950180.SH,,,,,,
2022-09-07,588930.SH,科创板AI,20250114,上证科创板人工智能指数,上证科创板人工智能指数收益率,银华基金管理股份有限公司,中信证券股份有限公司,股票型ETF,主题指数ETF,950180.SH,,,,,,
2022-09-08,588930.SH,科创板AI,20250114,上证科创板人工智能指数,上证科创板人工智能指数收益率,银华基金管理股份有限公司,中信证券股份有限公司,股票型ETF,主题指数ETF,950180.SH,,,,,,
2022-09-09,588930.SH,科创板AI,20250114,上证科创板人工智能指数,上证科创板人工智能指数收益率,银华基金管理股份有限公司,中信证券股份有限公司,股票型ETF,主题指数ETF,950180.SH,,,,,,
2022-09-13,588930.SH,科创板AI,20250114,上证科创板人工智能指数,上证科创板人工智能指数收益率,银华基金管理股份有限公司,中信证券股份有限公司,股票型ETF,主题指数ETF,950180.SH,,,,,,
2022-09-14,588930.SH,科创板AI,20250114,上证科创板人工智能指数,上证科创板人工智能指数收益率,银华基金管理股份有限公司,中信证券股份有限公司,股票型ETF,主题指数ETF,950180.SH,,,,,,
2022-09-15,588930.SH,科创板AI,20250114,上证科创板人工智能指数,上证科创板人工智能指数收益率,银华基金管理股份有限公司,中信证券股份有限公司,股票型ETF,主题指数ETF,950180.SH,,,,,,
2022-09-16,588930.SH,科创板AI,20250114,上证科创板人工智能指数,上证科创板人工智能指数收益率,银华基金管理股份有限公司,中信证券股份有限公司,股票型ETF,主题指数ETF,950180.SH,,,,,,
2022-09-19,588930.SH,科创板AI,20250114,上证科创板人工智能指数,上证科创板人工智能指数收益率,银华基金管理股份有限公司,中信证券股份有限公司,股票型ETF,主题指数ETF,950180.SH,,,,,,
2022-09-20,588930.SH,科创板AI,20250114,上证科创板人工智能指数,上证科创板人工智能指数收益率,银华基金管理股份有限公司,中信证券股份有限公司,股票型ETF,主题指数ETF,950180.SH,,,,,,
2022-09-21,588930.SH,科创板AI,20250114,上证科创板人工智能指数,上证科创板人工智能指数收益率,银华基金管理股份有限公司,中信证券股份有限公司,股票型ETF,主题指数ETF,950180.SH,,,,,,
2022-09-22,588930.SH,科创板AI,20250114,上证科创板人工智能指数,上证科创板人工智能指数收益率,银华基金管理股份有限公司,中信证券股份有限公司,股票型ETF,主题指数ETF,950180.SH,,,,,,
2022-09-23,588930.SH,科创板AI,20250114,上证科创板人工智能指数,上证科创板人工智能指数收益率,银华基金管理股份有限公司,中信证券股份有限公司,股票型ETF,主题指数ETF,950180.SH,,,,,,
2022-09-26,588930.SH,科创板AI,20250114,上证科创板人工智能指数,上证科创板人工智能指数收益率,银华基金管理股份有限公司,中信证券股份有限公司,股票型ETF,主题指数ETF,950180.SH,,,,,,
2022-09-27,588930.SH,科创板AI,20250114,上证科创板人工智能指数,上证科创板人工智能指数收益率,银华基金管理股份有限公司,中信证券股份有限公司,股票型ETF,主题指数ETF,950180.SH,,,,,,
2022-09-28,588930.SH,科创板AI,20250114,上证科创板人工智能指数,上证科创板人工智能指数收益率,银华基金管理股份有限公司,中信证券股份有限公司,股票型ETF,主题指数ETF,950180.SH,,,,,,
2022-09-29,588930.SH,科创板AI,20250114,上证科创板人工智能指数,上证科创板人工智能指数收益率,银华基金管理股份有限公司,中信证券股份有限公司,股票型ETF,主题指数ETF,950180.SH,,,,,,
2022-09-30,588930.SH,科创板AI,20250114,上证科创板人工智能指数,上证科创板人工智能指数收益率,银华基金管理股份有限公司,中信证券股份有限公司,股票型ETF,主题指数ETF,950180.SH,,,,,,
2022-10-10,588930.SH,科创板AI,20250114,上证科创板人工智能指数,上证科创板人工智能指数收益率,银华基金管理股份有限公司,中信证券股份有限公司,股票型ETF,主题指数ETF,950180.SH,,,,,,
2022-10-11,588930.SH,科创板AI,20250114,上证科创板人工智能指数,上证科创板人工智能指数收益率,银华基金管理股份有限公司,中信证券股份有限公司,股票型ETF,主题指数ETF,950180.SH,,,,,,
2022-10-12,588930.SH,科创板AI,20250114,上证科创板人工智能指数,上证科创板人工智能指数收益率,银华基金管理股份有限公司,中信证券股份有限公司,股票型ETF,主题指数ETF,950180.SH,,,,,,
2022-10-13,588930.SH,科创板AI,20250114,上证科创板人工智能指数,上证科创板人工智能指数收益率,银华基金管理股份有限公司,中信证券股份有限公司,股票型ETF,主题指数ETF,950180.SH,,,,,,
2022-10-14,588930.SH,科创板AI,20250114,上证科创板人工智能指数,上证科创板人工智能指数收益率,银华基金管理股份有限公司,中信证券股份有限公司,股票型ETF,主题指数ETF,950180.SH,,,,,,
2022-10-17,588930.SH,科创板AI,20250114,上证科创板人工智能指数,上证科创板人工智能指数收益率,银华基金管理股份有限公司,中信证券股份有限公司,股票型ETF,主题指数ETF,950180.SH,,,,,,
2022-10-18,588930.SH,科创板AI,20250114,上证科创板人工智能指数,上证科创板人工智能指数收益率,银华基金管理股份有限公司,中信证券股份有限公司,股票型ETF,主题指数ETF,950180.SH,,,,,,
2022-10-19,588930.SH,科创板AI,20250114,上证科创板人工智能指数,上证科创板人工智能指数收益率,银华基金管理股份有限公司,中信证券股份有限公司,股票型ETF,主题指数ETF,950180.SH,,,,,,
2022-10-20,588930.SH,科创板AI,20250114,上证科创板人工智能指数,上证科创板人工智能指数收益率,银华基金管理股份有限公司,中信证券股份有限公司,股票型ETF,主题指数ETF,950180.SH,,,,,,
2022-10-21,588930.SH,科创板AI,20250114,上证科创板人工智能指数,上证科创板人工智能指数收益率,银华基金管理股份有限公司,中信证券股份有限公司,股票型ETF,主题指数ETF,950180.SH,,,,,,
2022-10-24,588930.SH,科创板AI,20250114,上证科创板人工智能指数,上证科创板人工智能指数收益率,银华基金管理股份有限公司,中信证券股份有限公司,股票型ETF,主题指数ETF,950180.SH,,,,,,
2022-10-25,588930.SH,科创板AI,20250114,上证科创板人工智能指数,上证科创板人工智能指数收益率,银华基金管理股份有限公司,中信证券股份有限公司,股票型ETF,主题指数ETF,950180.SH,,,,,,
2022-10-26,588930.SH,科创板AI,20250114,上证科创板人工智能指数,上证科创板人工智能指数收益率,银华基金管理股份有限公司,中信证券股份有限公司,股票型ETF,主题指数ETF,950180.SH,,,,,,
2022-10-27,588930.SH,科创板AI,20250114,上证科创板人工智能指数,上证科创板人工智能指数收益率,银华基金管理股份有限公司,中信证券股份有限公司,股票型ETF,主题指数ETF,950180.SH,,,,,,
2022-10-28,588930.SH,科创板AI,20250114,上证科创板人工智能指数,上证科创板人工智能指数收益率,银华基金管理股份有限公司,中信证券股份有限公司,股票型ETF,主题指数ETF,950180.SH,,,,,,
2022-10-31,588930.SH,科创板AI,20250114,上证科创板人工智能指数,上证科创板人工智能指数收益率,银华基金管理股份有限公司,中信证券股份有限公司,股票型ETF,主题指数ETF,950180.SH,,,,,,
2022-11-01,588930.SH,科创板AI,20250114,上证科创板人工智能指数,上证科创板人工智能指数收益率,银华基金管理股份有限公司,中信证券股份有限公司,股票型ETF,主题指数ETF,950180.SH,,,,,,
2022-11-02,588930.SH,科创板AI,20250114,上证科创板人工智能指数,上证科创板人工智能指数收益率,银华基金管理股份有限公司,中信证券股份有限公司,股票型ETF,主题指数ETF,950180.SH,,,,,,
2022-11-03,588930.SH,科创板AI,20250114,上证科创板人工智能指数,上证科创板人工智能指数收益率,银华基金管理股份有限公司,中信证券股份有限公司,股票型ETF,主题指数ETF,950180.SH,,,,,,
2022-11-04,588930.SH,科创板AI,20250114,上证科创板人工智能指数,上证科创板人工智能指数收益率,银华基金管理股份有限公司,中信证券股份有限公司,股票型ETF,主题指数ETF,950180.SH,,,,,,
2022-11-07,588930.SH,科创板AI,20250114,上证科创板人工智能指数,上证科创板人工智能指数收益率,银华基金管理股份有限公司,中信证券股份有限公司,股票型ETF,主题指数ETF,950180.SH,,,,,,
2022-11-08,588930.SH,科创板AI,20250114,上证科创板人工智能指数,上证科创板人工智能指数收益率,银华基金管理股份有限公司,中信证券股份有限公司,股票型ETF,主题指数ETF,950180.SH,,,,,,
2022-11-09,588930.SH,科创板AI,20250114,上证科创板人工智能指数,上证科创板人工智能指数收益率,银华基金管理股份有限公司,中信证券股份有限公司,股票型ETF,主题指数ETF,950180.SH,,,,,,
2022-11-10,588930.SH,科创板AI,20250114,上证科创板人工智能指数,上证科创板人工智能指数收益率,银华基金管理股份有限公司,中信证券股份有限公司,股票型ETF,主题指数ETF,950180.SH,,,,,,
2022-11-11,588930.SH,科创板AI,20250114,上证科创板人工智能指数,上证科创板人工智能指数收益率,银华基金管理股份有限公司,中信证券股份有限公司,股票型ETF,主题指数ETF,950180.SH,,,,,,
2022-11-14,588930.SH,科创板AI,20250114,上证科创板人工智能指数,上证科创板人工智能指数收益率,银华基金管理股份有限公司,中信证券股份有限公司,股票型ETF,主题指数ETF,950180.SH,,,,,,
2022-11-15,588930.SH,科创板AI,20250114,上证科创板人工智能指数,上证科创板人工智能指数收益率,银华基金管理股份有限公司,中信证券股份有限公司,股票型ETF,主题指数ETF,950180.SH,,,,,,
2022-11-16,588930.SH,科创板AI,20250114,上证科创板人工智能指数,上证科创板人工智能指数收益率,银华基金管理股份有限公司,中信证券股份有限公司,股票型ETF,主题指数ETF,950180.SH,,,,,,
2022-11-17,588930.SH,科创板AI,20250114,上证科创板人工智能指数,上证科创板人工智能指数收益率,银华基金管理股份有限公司,中信证券股份有限公司,股票型ETF,主题指数ETF,950180.SH,,,,,,
2022-11-18,588930.SH,科创板AI,20250114,上证科创板人工智能指数,上证科创板人工智能指数收益率,银华基金管理股份有限公司,中信证券股份有限公司,股票型ETF,主题指数ETF,950180.SH,,,,,,
2022-11-21,588930.SH,科创板AI,20250114,上证科创板人工智能指数,上证科创板人工智能指数收益率,银华基金管理股份有限公司,中信证券股份有限公司,股票型ETF,主题指数ETF,950180.SH,,,,,,
2022-11-22,588930.SH,科创板AI,20250114,上证科创板人工智能指数,上证科创板人工智能指数收益率,银华基金管理股份有限公司,中信证券股份有限公司,股票型ETF,主题指数ETF,950180.SH,,,,,,
2022-11-23,588930.SH,科创板AI,20250114,上证科创板人工智能指数,上证科创板人工智能指数收益率,银华基金管理股份有限公司,中信证券股份有限公司,股票型ETF,主题指数ETF,950180.SH,,,,,,
2022-11-24,588930.SH,科创板AI,20250114,上证科创板人工智能指数,上证科创板人工智能指数收益率,银华基金管理股份有限公司,中信证券股份有限公司,股票型ETF,主题指数ETF,950180.SH,,,,,,
2022-11-25,588930.SH,科创板AI,20250114,上证科创板人工智能指数,上证科创板人工智能指数收益率,银华基金管理股份有限公司,中信证券股份有限公司,股票型ETF,主题指数ETF,950180.SH,,,,,,
2022-11-28,588930.SH,科创板AI,20250114,上证科创板人工智能指数,上证科创板人工智能指数收益率,银华基金管理股份有限公司,中信证券股份有限公司,股票型ETF,主题指数ETF,950180.SH,,,,,,
2022-11-29,588930.SH,科创板AI,20250114,上证科创板人工智能指数,上证科创板人工智能指数收益率,银华基金管理股份有限公司,中信证券股份有限公司,股票型ETF,主题指数ETF,950180.SH,,,,,,
2022-11-30,588930.SH,科创板AI,20250114,上证科创板人工智能指数,上证科创板人工智能指数收益率,银华基金管理股份有限公司,中信证券股份有限公司,股票型ETF,主题指数ETF,950180.SH,,,,,,
2022-12-01,588930.SH,科创板AI,20250114,上证科创板人工智能指数,上证科创板人工智能指数收益率,银华基金管理股份有限公司,中信证券股份有限公司,股票型ETF,主题指数ETF,950180.SH,,,,,,
2022-12-02,588930.SH,科创板AI,20250114,上证科创板人工智能指数,上证科创板人工智能指数收益率,银华基金管理股份有限公司,中信证券股份有限公司,股票型ETF,主题指数ETF,950180.SH,,,,,,
2022-12-05,588930.SH,科创板AI,20250114,上证科创板人工智能指数,上证科创板人工智能指数收益率,银华基金管理股份有限公司,中信证券股份有限公司,股票型ETF,主题指数ETF,950180.SH,,,,,,
2022-12-06,588930.SH,科创板AI,20250114,上证科创板人工智能指数,上证科创板人工智能指数收益率,银华基金管理股份有限公司,中信证券股份有限公司,股票型ETF,主题指数ETF,950180.SH,,,,,,
2022-12-07,588930.SH,科创板AI,20250114,上证科创板人工智能指数,上证科创板人工智能指数收益率,银华基金管理股份有限公司,中信证券股份有限公司,股票型ETF,主题指数ETF,950180.SH,,,,,,
2022-12-08,588930.SH,科创板AI,20250114,上证科创板人工智能指数,上证科创板人工智能指数收益率,银华基金管理股份有限公司,中信证券股份有限公司,股票型ETF,主题指数ETF,950180.SH,,,,,,
2022-12-09,588930.SH,科创板AI,20250114,上证科创板人工智能指数,上证科创板人工智能指数收益率,银华基金管理股份有限公司,中信证券股份有限公司,股票型ETF,主题指数ETF,950180.SH,,,,,,
2022-12-12,588930.SH,科创板AI,20250114,上证科创板人工智能指数,上证科创板人工智能指数收益率,银华基金管理股份有限公司,中信证券股份有限公司,股票型ETF,主题指数ETF,950180.SH,,,,,,
2022-12-13,588930.SH,科创板AI,20250114,上证科创板人工智能指数,上证科创板人工智能指数收益率,银华基金管理股份有限公司,中信证券股份有限公司,股票型ETF,主题指数ETF,950180.SH,,,,,,
2022-12-14,588930.SH,科创板AI,20250114,上证科创板人工智能指数,上证科创板人工智能指数收益率,银华基金管理股份有限公司,中信证券股份有限公司,股票型ETF,主题指数ETF,950180.SH,,,,,,
2022-12-15,588930.SH,科创板AI,20250114,上证科创板人工智能指数,上证科创板人工智能指数收益率,银华基金管理股份有限公司,中信证券股份有限公司,股票型ETF,主题指数ETF,950180.SH,,,,,,
2022-12-16,588930.SH,科创板AI,20250114,上证科创板人工智能指数,上证科创板人工智能指数收益率,银华基金管理股份有限公司,中信证券股份有限公司,股票型ETF,主题指数ETF,950180.SH,,,,,,
2022-12-19,588930.SH,科创板AI,20250114,上证科创板人工智能指数,上证科创板人工智能指数收益率,银华基金管理股份有限公司,中信证券股份有限公司,股票型ETF,主题指数ETF,950180.SH,,,,,,
2022-12-20,588930.SH,科创板AI,20250114,上证科创板人工智能指数,上证科创板人工智能指数收益率,银华基金管理股份有限公司,中信证券股份有限公司,股票型ETF,主题指数ETF,950180.SH,,,,,,
2022-12-21,588930.SH,科创板AI,20250114,上证科创板人工智能指数,上证科创板人工智能指数收益率,银华基金管理股份有限公司,中信证券股份有限公司,股票型ETF,主题指数ETF,950180.SH,,,,,,
2022-12-22,588930.SH,科创板AI,20250114,上证科创板人工智能指数,上证科创板人工智能指数收益率,银华基金管理股份有限公司,中信证券股份有限公司,股票型ETF,主题指数ETF,950180.SH,,,,,,
2022-12-23,588930.SH,科创板AI,20250114,上证科创板人工智能指数,上证科创板人工智能指数收益率,银华基金管理股份有限公司,中信证券股份有限公司,股票型ETF,主题指数ETF,950180.SH,,,,,,
2022-12-26,588930.SH,科创板AI,20250114,上证科创板人工智能指数,上证科创板人工智能指数收益率,银华基金管理股份有限公司,中信证券股份有限公司,股票型ETF,主题指数ETF,950180.SH,,,,,,
2022-12-27,588930.SH,科创板AI,20250114,上证科创板人工智能指数,上证科创板人工智能指数收益率,银华基金管理股份有限公司,中信证券股份有限公司,股票型ETF,主题指数ETF,950180.SH,,,,,,
2022-12-28,588930.SH,科创板AI,20250114,上证科创板人工智能指数,上证科创板人工智能指数收益率,银华基金管理股份有限公司,中信证券股份有限公司,股票型ETF,主题指数ETF,950180.SH,,,,,,
2022-12-29,588930.SH,科创板AI,20250114,上证科创板人工智能指数,上证科创板人工智能指数收益率,银华基金管理股份有限公司,中信证券股份有限公司,股票型ETF,主题指数ETF,950180.SH,,,,,,
2022-12-30,588930.SH,科创板AI,20250114,上证科创板人工智能指数,上证科创板人工智能指数收益率,银华基金管理股份有限公司,中信证券股份有限公司,股票型ETF,主题指数ETF,950180.SH,,,,,,
2023-01-03,588930.SH,科创板AI,20250114,上证科创板人工智能指数,上证科创板人工智能指数收益率,银华基金管理股份有限公司,中信证券股份有限公司,股票型ETF,主题指数ETF,950180.SH,,,,,,
2023-01-04,588930.SH,科创板AI,20250114,上证科创板人工智能指数,上证科创板人工智能指数收益率,银华基金管理股份有限公司,中信证券股份有限公司,股票型ETF,主题指数ETF,950180.SH,,,,,,
2023-01-05,588930.SH,科创板AI,20250114,上证科创板人工智能指数,上证科创板人工智能指数收益率,银华基金管理股份有限公司,中信证券股份有限公司,股票型ETF,主题指数ETF,950180.SH,,,,,,
2023-01-06,588930.SH,科创板AI,20250114,上证科创板人工智能指数,上证科创板人工智能指数收益率,银华基金管理股份有限公司,中信证券股份有限公司,股票型ETF,主题指数ETF,950180.SH,,,,,,
2023-01-09,588930.SH,科创板AI,20250114,上证科创板人工智能指数,上证科创板人工智能指数收益率,银华基金管理股份有限公司,中信证券股份有限公司,股票型ETF,主题指数ETF,950180.SH,,,,,,
2023-01-10,588930.SH,科创板AI,20250114,上证科创板人工智能指数,上证科创板人工智能指数收益率,银华基金管理股份有限公司,中信证券股份有限公司,股票型ETF,主题指数ETF,950180.SH,,,,,,
2023-01-11,588930.SH,科创板AI,20250114,上证科创板人工智能指数,上证科创板人工智能指数收益率,银华基金管理股份有限公司,中信证券股份有限公司,股票型ETF,主题指数ETF,950180.SH,,,,,,
2023-01-12,588930.SH,科创板AI,20250114,上证科创板人工智能指数,上证科创板人工智能指数收益率,银华基金管理股份有限公司,中信证券股份有限公司,股票型ETF,主题指数ETF,950180.SH,,,,,,
2023-01-13,588930.SH,科创板AI,20250114,上证科创板人工智能指数,上证科创板人工智能指数收益率,银华基金管理股份有限公司,中信证券股份有限公司,股票型ETF,主题指数ETF,950180.SH,,,,,,
2023-01-16,588930.SH,科创板AI,20250114,上证科创板人工智能指数,上证科创板人工智能指数收益率,银华基金管理股份有限公司,中信证券股份有限公司,股票型ETF,主题指数ETF,950180.SH,,,,,,
2023-01-17,588930.SH,科创板AI,20250114,上证科创板人工智能指数,上证科创板人工智能指数收益率,银华基金管理股份有限公司,中信证券股份有限公司,股票型ETF,主题指数ETF,950180.SH,,,,,,
2023-01-18,588930.SH,科创板AI,20250114,上证科创板人工智能指数,上证科创板人工智能指数收益率,银华基金管理股份有限公司,中信证券股份有限公司,股票型ETF,主题指数ETF,950180.SH,,,,,,
2023-01-19,588930.SH,科创板AI,20250114,上证科创板人工智能指数,上证科创板人工智能指数收益率,银华基金管理股份有限公司,中信证券股份有限公司,股票型ETF,主题指数ETF,950180.SH,,,,,,
2023-01-20,588930.SH,科创板AI,20250114,上证科创板人工智能指数,上证科创板人工智能指数收益率,银华基金管理股份有限公司,中信证券股份有限公司,股票型ETF,主题指数ETF,950180.SH,,,,,,
2023-01-30,588930.SH,科创板AI,20250114,上证科创板人工智能指数,上证科创板人工智能指数收益率,银华基金管理股份有限公司,中信证券股份有限公司,股票型ETF,主题指数ETF,950180.SH,,,,,,
2023-01-31,588930.SH,科创板AI,20250114,上证科创板人工智能指数,上证科创板人工智能指数收益率,银华基金管理股份有限公司,中信证券股份有限公司,股票型ETF,主题指数ETF,950180.SH,,,,,,
2023-02-01,588930.SH,科创板AI,20250114,上证科创板人工智能指数,上证科创板人工智能指数收益率,银华基金管理股份有限公司,中信证券股份有限公司,股票型ETF,主题指数ETF,950180.SH,,,,,,
2023-02-02,588930.SH,科创板AI,20250114,上证科创板人工智能指数,上证科创板人工智能指数收益率,银华基金管理股份有限公司,中信证券股份有限公司,股票型ETF,主题指数ETF,950180.SH,,,,,,
2023-02-03,588930.SH,科创板AI,20250114,上证科创板人工智能指数,上证科创板人工智能指数收益率,银华基金管理股份有限公司,中信证券股份有限公司,股票型ETF,主题指数ETF,950180.SH,,,,,,
2023-02-06,588930.SH,科创板AI,20250114,上证科创板人工智能指数,上证科创板人工智能指数收益率,银华基金管理股份有限公司,中信证券股份有限公司,股票型ETF,主题指数ETF,950180.SH,,,,,,
2023-02-07,588930.SH,科创板AI,20250114,上证科创板人工智能指数,上证科创板人工智能指数收益率,银华基金管理股份有限公司,中信证券股份有限公司,股票型ETF,主题指数ETF,950180.SH,,,,,,
2023-02-08,588930.SH,科创板AI,20250114,上证科创板人工智能指数,上证科创板人工智能指数收益率,银华基金管理股份有限公司,中信证券股份有限公司,股票型ETF,主题指数ETF,950180.SH,,,,,,
2023-02-09,588930.SH,科创板AI,20250114,上证科创板人工智能指数,上证科创板人工智能指数收益率,银华基金管理股份有限公司,中信证券股份有限公司,股票型ETF,主题指数ETF,950180.SH,,,,,,
2023-02-10,588930.SH,科创板AI,20250114,上证科创板人工智能指数,上证科创板人工智能指数收益率,银华基金管理股份有限公司,中信证券股份有限公司,股票型ETF,主题指数ETF,950180.SH,,,,,,
2023-02-13,588930.SH,科创板AI,20250114,上证科创板人工智能指数,上证科创板人工智能指数收益率,银华基金管理股份有限公司,中信证券股份有限公司,股票型ETF,主题指数ETF,950180.SH,,,,,,
2023-02-14,588930.SH,科创板AI,20250114,上证科创板人工智能指数,上证科创板人工智能指数收益率,银华基金管理股份有限公司,中信证券股份有限公司,股票型ETF,主题指数ETF,950180.SH,,,,,,
2023-02-15,588930.SH,科创板AI,20250114,上证科创板人工智能指数,上证科创板人工智能指数收益率,银华基金管理股份有限公司,中信证券股份有限公司,股票型ETF,主题指数ETF,950180.SH,,,,,,
2023-02-16,588930.SH,科创板AI,20250114,上证科创板人工智能指数,上证科创板人工智能指数收益率,银华基金管理股份有限公司,中信证券股份有限公司,股票型ETF,主题指数ETF,950180.SH,,,,,,
2023-02-17,588930.SH,科创板AI,20250114,上证科创板人工智能指数,上证科创板人工智能指数收益率,银华基金管理股份有限公司,中信证券股份有限公司,股票型ETF,主题指数ETF,950180.SH,,,,,,
2023-02-20,588930.SH,科创板AI,20250114,上证科创板人工智能指数,上证科创板人工智能指数收益率,银华基金管理股份有限公司,中信证券股份有限公司,股票型ETF,主题指数ETF,950180.SH,,,,,,
2023-02-21,588930.SH,科创板AI,20250114,上证科创板人工智能指数,上证科创板人工智能指数收益率,银华基金管理股份有限公司,中信证券股份有限公司,股票型ETF,主题指数ETF,950180.SH,,,,,,
2023-02-22,588930.SH,科创板AI,20250114,上证科创板人工智能指数,上证科创板人工智能指数收益率,银华基金管理股份有限公司,中信证券股份有限公司,股票型ETF,主题指数ETF,950180.SH,,,,,,
2023-02-23,588930.SH,科创板AI,20250114,上证科创板人工智能指数,上证科创板人工智能指数收益率,银华基金管理股份有限公司,中信证券股份有限公司,股票型ETF,主题指数ETF,950180.SH,,,,,,
2023-02-24,588930.SH,科创板AI,20250114,上证科创板人工智能指数,上证科创板人工智能指数收益率,银华基金管理股份有限公司,中信证券股份有限公司,股票型ETF,主题指数ETF,950180.SH,,,,,,
2023-02-27,588930.SH,科创板AI,20250114,上证科创板人工智能指数,上证科创板人工智能指数收益率,银华基金管理股份有限公司,中信证券股份有限公司,股票型ETF,主题指数ETF,950180.SH,,,,,,
2023-02-28,588930.SH,科创板AI,20250114,上证科创板人工智能指数,上证科创板人工智能指数收益率,银华基金管理股份有限公司,中信证券股份有限公司,股票型ETF,主题指数ETF,950180.SH,,,,,,
2023-03-01,588930.SH,科创板AI,20250114,上证科创板人工智能指数,上证科创板人工智能指数收益率,银华基金管理股份有限公司,中信证券股份有限公司,股票型ETF,主题指数ETF,950180.SH,,,,,,
2023-03-02,588930.SH,科创板AI,20250114,上证科创板人工智能指数,上证科创板人工智能指数收益率,银华基金管理股份有限公司,中信证券股份有限公司,股票型ETF,主题指数ETF,950180.SH,,,,,,
2023-03-03,588930.SH,科创板AI,20250114,上证科创板人工智能指数,上证科创板人工智能指数收益率,银华基金管理股份有限公司,中信证券股份有限公司,股票型ETF,主题指数ETF,950180.SH,,,,,,
2023-03-06,588930.SH,科创板AI,20250114,上证科创板人工智能指数,上证科创板人工智能指数收益率,银华基金管理股份有限公司,中信证券股份有限公司,股票型ETF,主题指数ETF,950180.SH,,,,,,
2023-03-07,588930.SH,科创板AI,20250114,上证科创板人工智能指数,上证科创板人工智能指数收益率,银华基金管理股份有限公司,中信证券股份有限公司,股票型ETF,主题指数ETF,950180.SH,,,,,,
2023-03-08,588930.SH,科创板AI,20250114,上证科创板人工智能指数,上证科创板人工智能指数收益率,银华基金管理股份有限公司,中信证券股份有限公司,股票型ETF,主题指数ETF,950180.SH,,,,,,
2023-03-09,588930.SH,科创板AI,20250114,上证科创板人工智能指数,上证科创板人工智能指数收益率,银华基金管理股份有限公司,中信证券股份有限公司,股票型ETF,主题指数ETF,950180.SH,,,,,,
2023-03-10,588930.SH,科创板AI,20250114,上证科创板人工智能指数,上证科创板人工智能指数收益率,银华基金管理股份有限公司,中信证券股份有限公司,股票型ETF,主题指数ETF,950180.SH,,,,,,
2023-03-13,588930.SH,科创板AI,20250114,上证科创板人工智能指数,上证科创板人工智能指数收益率,银华基金管理股份有限公司,中信证券股份有限公司,股票型ETF,主题指数ETF,950180.SH,,,,,,
2023-03-14,588930.SH,科创板AI,20250114,上证科创板人工智能指数,上证科创板人工智能指数收益率,银华基金管理股份有限公司,中信证券股份有限公司,股票型ETF,主题指数ETF,950180.SH,,,,,,
2023-03-15,588930.SH,科创板AI,20250114,上证科创板人工智能指数,上证科创板人工智能指数收益率,银华基金管理股份有限公司,中信证券股份有限公司,股票型ETF,主题指数ETF,950180.SH,,,,,,
2023-03-16,588930.SH,科创板AI,20250114,上证科创板人工智能指数,上证科创板人工智能指数收益率,银华基金管理股份有限公司,中信证券股份有限公司,股票型ETF,主题指数ETF,950180.SH,,,,,,
2023-03-17,588930.SH,科创板AI,20250114,上证科创板人工智能指数,上证科创板人工智能指数收益率,银华基金管理股份有限公司,中信证券股份有限公司,股票型ETF,主题指数ETF,950180.SH,,,,,,
2023-03-20,588930.SH,科创板AI,20250114,上证科创板人工智能指数,上证科创板人工智能指数收益率,银华基金管理股份有限公司,中信证券股份有限公司,股票型ETF,主题指数ETF,950180.SH,,,,,,
2023-03-21,588930.SH,科创板AI,20250114,上证科创板人工智能指数,上证科创板人工智能指数收益率,银华基金管理股份有限公司,中信证券股份有限公司,股票型ETF,主题指数ETF,950180.SH,,,,,,
2023-03-22,588930.SH,科创板AI,20250114,上证科创板人工智能指数,上证科创板人工智能指数收益率,银华基金管理股份有限公司,中信证券股份有限公司,股票型ETF,主题指数ETF,950180.SH,,,,,,
2023-03-23,588930.SH,科创板AI,20250114,上证科创板人工智能指数,上证科创板人工智能指数收益率,银华基金管理股份有限公司,中信证券股份有限公司,股票型ETF,主题指数ETF,950180.SH,,,,,,
2023-03-24,588930.SH,科创板AI,20250114,上证科创板人工智能指数,上证科创板人工智能指数收益率,银华基金管理股份有限公司,中信证券股份有限公司,股票型ETF,主题指数ETF,950180.SH,,,,,,
2023-03-27,588930.SH,科创板AI,20250114,上证科创板人工智能指数,上证科创板人工智能指数收益率,银华基金管理股份有限公司,中信证券股份有限公司,股票型ETF,主题指数ETF,950180.SH,,,,,,
2023-03-28,588930.SH,科创板AI,20250114,上证科创板人工智能指数,上证科创板人工智能指数收益率,银华基金管理股份有限公司,中信证券股份有限公司,股票型ETF,主题指数ETF,950180.SH,,,,,,
2023-03-29,588930.SH,科创板AI,20250114,上证科创板人工智能指数,上证科创板人工智能指数收益率,银华基金管理股份有限公司,中信证券股份有限公司,股票型ETF,主题指数ETF,950180.SH,,,,,,
2023-03-30,588930.SH,科创板AI,20250114,上证科创板人工智能指数,上证科创板人工智能指数收益率,银华基金管理股份有限公司,中信证券股份有限公司,股票型ETF,主题指数ETF,950180.SH,,,,,,
2023-03-31,588930.SH,科创板AI,20250114,上证科创板人工智能指数,上证科创板人工智能指数收益率,银华基金管理股份有限公司,中信证券股份有限公司,股票型ETF,主题指数ETF,950180.SH,,,,,,
2023-04-03,588930.SH,科创板AI,20250114,上证科创板人工智能指数,上证科创板人工智能指数收益率,银华基金管理股份有限公司,中信证券股份有限公司,股票型ETF,主题指数ETF,950180.SH,,,,,,
2023-04-04,588930.SH,科创板AI,20250114,上证科创板人工智能指数,上证科创板人工智能指数收益率,银华基金管理股份有限公司,中信证券股份有限公司,股票型ETF,主题指数ETF,950180.SH,,,,,,
2023-04-06,588930.SH,科创板AI,20250114,上证科创板人工智能指数,上证科创板人工智能指数收益率,银华基金管理股份有限公司,中信证券股份有限公司,股票型ETF,主题指数ETF,950180.SH,,,,,,
2023-04-07,588930.SH,科创板AI,20250114,上证科创板人工智能指数,上证科创板人工智能指数收益率,银华基金管理股份有限公司,中信证券股份有限公司,股票型ETF,主题指数ETF,950180.SH,,,,,,
2023-04-10,588930.SH,科创板AI,20250114,上证科创板人工智能指数,上证科创板人工智能指数收益率,银华基金管理股份有限公司,中信证券股份有限公司,股票型ETF,主题指数ETF,950180.SH,,,,,,
2023-04-11,588930.SH,科创板AI,20250114,上证科创板人工智能指数,上证科创板人工智能指数收益率,银华基金管理股份有限公司,中信证券股份有限公司,股票型ETF,主题指数ETF,950180.SH,,,,,,
2023-04-12,588930.SH,科创板AI,20250114,上证科创板人工智能指数,上证科创板人工智能指数收益率,银华基金管理股份有限公司,中信证券股份有限公司,股票型ETF,主题指数ETF,950180.SH,,,,,,
2023-04-13,588930.SH,科创板AI,20250114,上证科创板人工智能指数,上证科创板人工智能指数收益率,银华基金管理股份有限公司,中信证券股份有限公司,股票型ETF,主题指数ETF,950180.SH,,,,,,
2023-04-14,588930.SH,科创板AI,20250114,上证科创板人工智能指数,上证科创板人工智能指数收益率,银华基金管理股份有限公司,中信证券股份有限公司,股票型ETF,主题指数ETF,950180.SH,,,,,,
2023-04-17,588930.SH,科创板AI,20250114,上证科创板人工智能指数,上证科创板人工智能指数收益率,银华基金管理股份有限公司,中信证券股份有限公司,股票型ETF,主题指数ETF,950180.SH,,,,,,
2023-04-18,588930.SH,科创板AI,20250114,上证科创板人工智能指数,上证科创板人工智能指数收益率,银华基金管理股份有限公司,中信证券股份有限公司,股票型ETF,主题指数ETF,950180.SH,,,,,,
2023-04-19,588930.SH,科创板AI,20250114,上证科创板人工智能指数,上证科创板人工智能指数收益率,银华基金管理股份有限公司,中信证券股份有限公司,股票型ETF,主题指数ETF,950180.SH,,,,,,
2023-04-20,588930.SH,科创板AI,20250114,上证科创板人工智能指数,上证科创板人工智能指数收益率,银华基金管理股份有限公司,中信证券股份有限公司,股票型ETF,主题指数ETF,950180.SH,,,,,,
2023-04-21,588930.SH,科创板AI,20250114,上证科创板人工智能指数,上证科创板人工智能指数收益率,银华基金管理股份有限公司,中信证券股份有限公司,股票型ETF,主题指数ETF,950180.SH,,,,,,
2023-04-24,588930.SH,科创板AI,20250114,上证科创板人工智能指数,上证科创板人工智能指数收益率,银华基金管理股份有限公司,中信证券股份有限公司,股票型ETF,主题指数ETF,950180.SH,,,,,,
2023-04-25,588930.SH,科创板AI,20250114,上证科创板人工智能指数,上证科创板人工智能指数收益率,银华基金管理股份有限公司,中信证券股份有限公司,股票型ETF,主题指数ETF,950180.SH,,,,,,
2023-04-26,588930.SH,科创板AI,20250114,上证科创板人工智能指数,上证科创板人工智能指数收益率,银华基金管理股份有限公司,中信证券股份有限公司,股票型ETF,主题指数ETF,950180.SH,,,,,,
2023-04-27,588930.SH,科创板AI,20250114,上证科创板人工智能指数,上证科创板人工智能指数收益率,银华基金管理股份有限公司,中信证券股份有限公司,股票型ETF,主题指数ETF,950180.SH,,,,,,
2023-04-28,588930.SH,科创板AI,20250114,上证科创板人工智能指数,上证科创板人工智能指数收益率,银华基金管理股份有限公司,中信证券股份有限公司,股票型ETF,主题指数ETF,950180.SH,,,,,,
2023-05-04,588930.SH,科创板AI,20250114,上证科创板人工智能指数,上证科创板人工智能指数收益率,银华基金管理股份有限公司,中信证券股份有限公司,股票型ETF,主题指数ETF,950180.SH,,,,,,
2023-05-05,588930.SH,科创板AI,20250114,上证科创板人工智能指数,上证科创板人工智能指数收益率,银华基金管理股份有限公司,中信证券股份有限公司,股票型ETF,主题指数ETF,950180.SH,,,,,,
2023-05-08,588930.SH,科创板AI,20250114,上证科创板人工智能指数,上证科创板人工智能指数收益率,银华基金管理股份有限公司,中信证券股份有限公司,股票型ETF,主题指数ETF,950180.SH,,,,,,
2023-05-09,588930.SH,科创板AI,20250114,上证科创板人工智能指数,上证科创板人工智能指数收益率,银华基金管理股份有限公司,中信证券股份有限公司,股票型ETF,主题指数ETF,950180.SH,,,,,,
2023-05-10,588930.SH,科创板AI,20250114,上证科创板人工智能指数,上证科创板人工智能指数收益率,银华基金管理股份有限公司,中信证券股份有限公司,股票型ETF,主题指数ETF,950180.SH,,,,,,
2023-05-11,588930.SH,科创板AI,20250114,上证科创板人工智能指数,上证科创板人工智能指数收益率,银华基金管理股份有限公司,中信证券股份有限公司,股票型ETF,主题指数ETF,950180.SH,,,,,,
2023-05-12,588930.SH,科创板AI,20250114,上证科创板人工智能指数,上证科创板人工智能指数收益率,银华基金管理股份有限公司,中信证券股份有限公司,股票型ETF,主题指数ETF,950180.SH,,,,,,
2023-05-15,588930.SH,科创板AI,20250114,上证科创板人工智能指数,上证科创板人工智能指数收益率,银华基金管理股份有限公司,中信证券股份有限公司,股票型ETF,主题指数ETF,950180.SH,,,,,,
2023-05-16,588930.SH,科创板AI,20250114,上证科创板人工智能指数,上证科创板人工智能指数收益率,银华基金管理股份有限公司,中信证券股份有限公司,股票型ETF,主题指数ETF,950180.SH,,,,,,
2023-05-17,588930.SH,科创板AI,20250114,上证科创板人工智能指数,上证科创板人工智能指数收益率,银华基金管理股份有限公司,中信证券股份有限公司,股票型ETF,主题指数ETF,950180.SH,,,,,,
2023-05-18,588930.SH,科创板AI,20250114,上证科创板人工智能指数,上证科创板人工智能指数收益率,银华基金管理股份有限公司,中信证券股份有限公司,股票型ETF,主题指数ETF,950180.SH,,,,,,
2023-05-19,588930.SH,科创板AI,20250114,上证科创板人工智能指数,上证科创板人工智能指数收益率,银华基金管理股份有限公司,中信证券股份有限公司,股票型ETF,主题指数ETF,950180.SH,,,,,,
2023-05-22,588930.SH,科创板AI,20250114,上证科创板人工智能指数,上证科创板人工智能指数收益率,银华基金管理股份有限公司,中信证券股份有限公司,股票型ETF,主题指数ETF,950180.SH,,,,,,
2023-05-23,588930.SH,科创板AI,20250114,上证科创板人工智能指数,上证科创板人工智能指数收益率,银华基金管理股份有限公司,中信证券股份有限公司,股票型ETF,主题指数ETF,950180.SH,,,,,,
2023-05-24,588930.SH,科创板AI,20250114,上证科创板人工智能指数,上证科创板人工智能指数收益率,银华基金管理股份有限公司,中信证券股份有限公司,股票型ETF,主题指数ETF,950180.SH,,,,,,
2023-05-25,588930.SH,科创板AI,20250114,上证科创板人工智能指数,上证科创板人工智能指数收益率,银华基金管理股份有限公司,中信证券股份有限公司,股票型ETF,主题指数ETF,950180.SH,,,,,,
2023-05-26,588930.SH,科创板AI,20250114,上证科创板人工智能指数,上证科创板人工智能指数收益率,银华基金管理股份有限公司,中信证券股份有限公司,股票型ETF,主题指数ETF,950180.SH,,,,,,
2023-05-29,588930.SH,科创板AI,20250114,上证科创板人工智能指数,上证科创板人工智能指数收益率,银华基金管理股份有限公司,中信证券股份有限公司,股票型ETF,主题指数ETF,950180.SH,,,,,,
2023-05-30,588930.SH,科创板AI,20250114,上证科创板人工智能指数,上证科创板人工智能指数收益率,银华基金管理股份有限公司,中信证券股份有限公司,股票型ETF,主题指数ETF,950180.SH,,,,,,
2023-05-31,588930.SH,科创板AI,20250114,上证科创板人工智能指数,上证科创板人工智能指数收益率,银华基金管理股份有限公司,中信证券股份有限公司,股票型ETF,主题指数ETF,950180.SH,,,,,,
2023-06-01,588930.SH,科创板AI,20250114,上证科创板人工智能指数,上证科创板人工智能指数收益率,银华基金管理股份有限公司,中信证券股份有限公司,股票型ETF,主题指数ETF,950180.SH,,,,,,
2023-06-02,588930.SH,科创板AI,20250114,上证科创板人工智能指数,上证科创板人工智能指数收益率,银华基金管理股份有限公司,中信证券股份有限公司,股票型ETF,主题指数ETF,950180.SH,,,,,,
2023-06-05,588930.SH,科创板AI,20250114,上证科创板人工智能指数,上证科创板人工智能指数收益率,银华基金管理股份有限公司,中信证券股份有限公司,股票型ETF,主题指数ETF,950180.SH,,,,,,
2023-06-06,588930.SH,科创板AI,20250114,上证科创板人工智能指数,上证科创板人工智能指数收益率,银华基金管理股份有限公司,中信证券股份有限公司,股票型ETF,主题指数ETF,950180.SH,,,,,,
2023-06-07,588930.SH,科创板AI,20250114,上证科创板人工智能指数,上证科创板人工智能指数收益率,银华基金管理股份有限公司,中信证券股份有限公司,股票型ETF,主题指数ETF,950180.SH,,,,,,
2023-06-08,588930.SH,科创板AI,20250114,上证科创板人工智能指数,上证科创板人工智能指数收益率,银华基金管理股份有限公司,中信证券股份有限公司,股票型ETF,主题指数ETF,950180.SH,,,,,,
2023-06-09,588930.SH,科创板AI,20250114,上证科创板人工智能指数,上证科创板人工智能指数收益率,银华基金管理股份有限公司,中信证券股份有限公司,股票型ETF,主题指数ETF,950180.SH,,,,,,
2023-06-12,588930.SH,科创板AI,20250114,上证科创板人工智能指数,上证科创板人工智能指数收益率,银华基金管理股份有限公司,中信证券股份有限公司,股票型ETF,主题指数ETF,950180.SH,,,,,,
2023-06-13,588930.SH,科创板AI,20250114,上证科创板人工智能指数,上证科创板人工智能指数收益率,银华基金管理股份有限公司,中信证券股份有限公司,股票型ETF,主题指数ETF,950180.SH,,,,,,
2023-06-14,588930.SH,科创板AI,20250114,上证科创板人工智能指数,上证科创板人工智能指数收益率,银华基金管理股份有限公司,中信证券股份有限公司,股票型ETF,主题指数ETF,950180.SH,,,,,,
2023-06-15,588930.SH,科创板AI,20250114,上证科创板人工智能指数,上证科创板人工智能指数收益率,银华基金管理股份有限公司,中信证券股份有限公司,股票型ETF,主题指数ETF,950180.SH,,,,,,
2023-06-16,588930.SH,科创板AI,20250114,上证科创板人工智能指数,上证科创板人工智能指数收益率,银华基金管理股份有限公司,中信证券股份有限公司,股票型ETF,主题指数ETF,950180.SH,,,,,,
2023-06-19,588930.SH,科创板AI,20250114,上证科创板人工智能指数,上证科创板人工智能指数收益率,银华基金管理股份有限公司,中信证券股份有限公司,股票型ETF,主题指数ETF,950180.SH,,,,,,
2023-06-20,588930.SH,科创板AI,20250114,上证科创板人工智能指数,上证科创板人工智能指数收益率,银华基金管理股份有限公司,中信证券股份有限公司,股票型ETF,主题指数ETF,950180.SH,,,,,,
2023-06-21,588930.SH,科创板AI,20250114,上证科创板人工智能指数,上证科创板人工智能指数收益率,银华基金管理股份有限公司,中信证券股份有限公司,股票型ETF,主题指数ETF,950180.SH,,,,,,
2023-06-26,588930.SH,科创板AI,20250114,上证科创板人工智能指数,上证科创板人工智能指数收益率,银华基金管理股份有限公司,中信证券股份有限公司,股票型ETF,主题指数ETF,950180.SH,,,,,,
2023-06-27,588930.SH,科创板AI,20250114,上证科创板人工智能指数,上证科创板人工智能指数收益率,银华基金管理股份有限公司,中信证券股份有限公司,股票型ETF,主题指数ETF,950180.SH,,,,,,
2023-06-28,588930.SH,科创板AI,20250114,上证科创板人工智能指数,上证科创板人工智能指数收益率,银华基金管理股份有限公司,中信证券股份有限公司,股票型ETF,主题指数ETF,950180.SH,,,,,,
2023-06-29,588930.SH,科创板AI,20250114,上证科创板人工智能指数,上证科创板人工智能指数收益率,银华基金管理股份有限公司,中信证券股份有限公司,股票型ETF,主题指数ETF,950180.SH,,,,,,
2023-06-30,588930.SH,科创板AI,20250114,上证科创板人工智能指数,上证科创板人工智能指数收益率,银华基金管理股份有限公司,中信证券股份有限公司,股票型ETF,主题指数ETF,950180.SH,,,,,,
2023-07-03,588930.SH,科创板AI,20250114,上证科创板人工智能指数,上证科创板人工智能指数收益率,银华基金管理股份有限公司,中信证券股份有限公司,股票型ETF,主题指数ETF,950180.SH,,,,,,
2023-07-04,588930.SH,科创板AI,20250114,上证科创板人工智能指数,上证科创板人工智能指数收益率,银华基金管理股份有限公司,中信证券股份有限公司,股票型ETF,主题指数ETF,950180.SH,,,,,,
2023-07-05,588930.SH,科创板AI,20250114,上证科创板人工智能指数,上证科创板人工智能指数收益率,银华基金管理股份有限公司,中信证券股份有限公司,股票型ETF,主题指数ETF,950180.SH,,,,,,
2023-07-06,588930.SH,科创板AI,20250114,上证科创板人工智能指数,上证科创板人工智能指数收益率,银华基金管理股份有限公司,中信证券股份有限公司,股票型ETF,主题指数ETF,950180.SH,,,,,,
2023-07-07,588930.SH,科创板AI,20250114,上证科创板人工智能指数,上证科创板人工智能指数收益率,银华基金管理股份有限公司,中信证券股份有限公司,股票型ETF,主题指数ETF,950180.SH,,,,,,
2023-07-10,588930.SH,科创板AI,20250114,上证科创板人工智能指数,上证科创板人工智能指数收益率,银华基金管理股份有限公司,中信证券股份有限公司,股票型ETF,主题指数ETF,950180.SH,,,,,,
2023-07-11,588930.SH,科创板AI,20250114,上证科创板人工智能指数,上证科创板人工智能指数收益率,银华基金管理股份有限公司,中信证券股份有限公司,股票型ETF,主题指数ETF,950180.SH,,,,,,
2023-07-12,588930.SH,科创板AI,20250114,上证科创板人工智能指数,上证科创板人工智能指数收益率,银华基金管理股份有限公司,中信证券股份有限公司,股票型ETF,主题指数ETF,950180.SH,,,,,,
2023-07-13,588930.SH,科创板AI,20250114,上证科创板人工智能指数,上证科创板人工智能指数收益率,银华基金管理股份有限公司,中信证券股份有限公司,股票型ETF,主题指数ETF,950180.SH,,,,,,
2023-07-14,588930.SH,科创板AI,20250114,上证科创板人工智能指数,上证科创板人工智能指数收益率,银华基金管理股份有限公司,中信证券股份有限公司,股票型ETF,主题指数ETF,950180.SH,,,,,,
2023-07-17,588930.SH,科创板AI,20250114,上证科创板人工智能指数,上证科创板人工智能指数收益率,银华基金管理股份有限公司,中信证券股份有限公司,股票型ETF,主题指数ETF,950180.SH,,,,,,
2023-07-18,588930.SH,科创板AI,20250114,上证科创板人工智能指数,上证科创板人工智能指数收益率,银华基金管理股份有限公司,中信证券股份有限公司,股票型ETF,主题指数ETF,950180.SH,,,,,,
2023-07-19,588930.SH,科创板AI,20250114,上证科创板人工智能指数,上证科创板人工智能指数收益率,银华基金管理股份有限公司,中信证券股份有限公司,股票型ETF,主题指数ETF,950180.SH,,,,,,
2023-07-20,588930.SH,科创板AI,20250114,上证科创板人工智能指数,上证科创板人工智能指数收益率,银华基金管理股份有限公司,中信证券股份有限公司,股票型ETF,主题指数ETF,950180.SH,,,,,,
2023-07-21,588930.SH,科创板AI,20250114,上证科创板人工智能指数,上证科创板人工智能指数收益率,银华基金管理股份有限公司,中信证券股份有限公司,股票型ETF,主题指数ETF,950180.SH,,,,,,
2023-07-24,588930.SH,科创板AI,20250114,上证科创板人工智能指数,上证科创板人工智能指数收益率,银华基金管理股份有限公司,中信证券股份有限公司,股票型ETF,主题指数ETF,950180.SH,,,,,,
2023-07-25,588930.SH,科创板AI,20250114,上证科创板人工智能指数,上证科创板人工智能指数收益率,银华基金管理股份有限公司,中信证券股份有限公司,股票型ETF,主题指数ETF,950180.SH,,,,,,
2023-07-26,588930.SH,科创板AI,20250114,上证科创板人工智能指数,上证科创板人工智能指数收益率,银华基金管理股份有限公司,中信证券股份有限公司,股票型ETF,主题指数ETF,950180.SH,,,,,,
2023-07-27,588930.SH,科创板AI,20250114,上证科创板人工智能指数,上证科创板人工智能指数收益率,银华基金管理股份有限公司,中信证券股份有限公司,股票型ETF,主题指数ETF,950180.SH,,,,,,
2023-07-28,588930.SH,科创板AI,20250114,上证科创板人工智能指数,上证科创板人工智能指数收益率,银华基金管理股份有限公司,中信证券股份有限公司,股票型ETF,主题指数ETF,950180.SH,,,,,,
2023-07-31,588930.SH,科创板AI,20250114,上证科创板人工智能指数,上证科创板人工智能指数收益率,银华基金管理股份有限公司,中信证券股份有限公司,股票型ETF,主题指数ETF,950180.SH,,,,,,
2023-08-01,588930.SH,科创板AI,20250114,上证科创板人工智能指数,上证科创板人工智能指数收益率,银华基金管理股份有限公司,中信证券股份有限公司,股票型ETF,主题指数ETF,950180.SH,,,,,,
2023-08-02,588930.SH,科创板AI,20250114,上证科创板人工智能指数,上证科创板人工智能指数收益率,银华基金管理股份有限公司,中信证券股份有限公司,股票型ETF,主题指数ETF,950180.SH,,,,,,
2023-08-03,588930.SH,科创板AI,20250114,上证科创板人工智能指数,上证科创板人工智能指数收益率,银华基金管理股份有限公司,中信证券股份有限公司,股票型ETF,主题指数ETF,950180.SH,,,,,,
2023-08-04,588930.SH,科创板AI,20250114,上证科创板人工智能指数,上证科创板人工智能指数收益率,银华基金管理股份有限公司,中信证券股份有限公司,股票型ETF,主题指数ETF,950180.SH,,,,,,
2023-08-07,588930.SH,科创板AI,20250114,上证科创板人工智能指数,上证科创板人工智能指数收益率,银华基金管理股份有限公司,中信证券股份有限公司,股票型ETF,主题指数ETF,950180.SH,,,,,,
2023-08-08,588930.SH,科创板AI,20250114,上证科创板人工智能指数,上证科创板人工智能指数收益率,银华基金管理股份有限公司,中信证券股份有限公司,股票型ETF,主题指数ETF,950180.SH,,,,,,
2023-08-09,588930.SH,科创板AI,20250114,上证科创板人工智能指数,上证科创板人工智能指数收益率,银华基金管理股份有限公司,中信证券股份有限公司,股票型ETF,主题指数ETF,950180.SH,,,,,,
2023-08-10,588930.SH,科创板AI,20250114,上证科创板人工智能指数,上证科创板人工智能指数收益率,银华基金管理股份有限公司,中信证券股份有限公司,股票型ETF,主题指数ETF,950180.SH,,,,,,
2023-08-11,588930.SH,科创板AI,20250114,上证科创板人工智能指数,上证科创板人工智能指数收益率,银华基金管理股份有限公司,中信证券股份有限公司,股票型ETF,主题指数ETF,950180.SH,,,,,,
2023-08-14,588930.SH,科创板AI,20250114,上证科创板人工智能指数,上证科创板人工智能指数收益率,银华基金管理股份有限公司,中信证券股份有限公司,股票型ETF,主题指数ETF,950180.SH,,,,,,
2023-08-15,588930.SH,科创板AI,20250114,上证科创板人工智能指数,上证科创板人工智能指数收益率,银华基金管理股份有限公司,中信证券股份有限公司,股票型ETF,主题指数ETF,950180.SH,,,,,,
2023-08-16,588930.SH,科创板AI,20250114,上证科创板人工智能指数,上证科创板人工智能指数收益率,银华基金管理股份有限公司,中信证券股份有限公司,股票型ETF,主题指数ETF,950180.SH,,,,,,
2023-08-17,588930.SH,科创板AI,20250114,上证科创板人工智能指数,上证科创板人工智能指数收益率,银华基金管理股份有限公司,中信证券股份有限公司,股票型ETF,主题指数ETF,950180.SH,,,,,,
2023-08-18,588930.SH,科创板AI,20250114,上证科创板人工智能指数,上证科创板人工智能指数收益率,银华基金管理股份有限公司,中信证券股份有限公司,股票型ETF,主题指数ETF,950180.SH,,,,,,
2023-08-21,588930.SH,科创板AI,20250114,上证科创板人工智能指数,上证科创板人工智能指数收益率,银华基金管理股份有限公司,中信证券股份有限公司,股票型ETF,主题指数ETF,950180.SH,,,,,,
2023-08-22,588930.SH,科创板AI,20250114,上证科创板人工智能指数,上证科创板人工智能指数收益率,银华基金管理股份有限公司,中信证券股份有限公司,股票型ETF,主题指数ETF,950180.SH,,,,,,
2023-08-23,588930.SH,科创板AI,20250114,上证科创板人工智能指数,上证科创板人工智能指数收益率,银华基金管理股份有限公司,中信证券股份有限公司,股票型ETF,主题指数ETF,950180.SH,,,,,,
2023-08-24,588930.SH,科创板AI,20250114,上证科创板人工智能指数,上证科创板人工智能指数收益率,银华基金管理股份有限公司,中信证券股份有限公司,股票型ETF,主题指数ETF,950180.SH,,,,,,
2023-08-25,588930.SH,科创板AI,20250114,上证科创板人工智能指数,上证科创板人工智能指数收益率,银华基金管理股份有限公司,中信证券股份有限公司,股票型ETF,主题指数ETF,950180.SH,,,,,,
2023-08-28,588930.SH,科创板AI,20250114,上证科创板人工智能指数,上证科创板人工智能指数收益率,银华基金管理股份有限公司,中信证券股份有限公司,股票型ETF,主题指数ETF,950180.SH,,,,,,
2023-08-29,588930.SH,科创板AI,20250114,上证科创板人工智能指数,上证科创板人工智能指数收益率,银华基金管理股份有限公司,中信证券股份有限公司,股票型ETF,主题指数ETF,950180.SH,,,,,,
2023-08-30,588930.SH,科创板AI,20250114,上证科创板人工智能指数,上证科创板人工智能指数收益率,银华基金管理股份有限公司,中信证券股份有限公司,股票型ETF,主题指数ETF,950180.SH,,,,,,
2023-08-31,588930.SH,科创板AI,20250114,上证科创板人工智能指数,上证科创板人工智能指数收益率,银华基金管理股份有限公司,中信证券股份有限公司,股票型ETF,主题指数ETF,950180.SH,,,,,,
2023-09-01,588930.SH,科创板AI,20250114,上证科创板人工智能指数,上证科创板人工智能指数收益率,银华基金管理股份有限公司,中信证券股份有限公司,股票型ETF,主题指数ETF,950180.SH,,,,,,
2023-09-04,588930.SH,科创板AI,20250114,上证科创板人工智能指数,上证科创板人工智能指数收益率,银华基金管理股份有限公司,中信证券股份有限公司,股票型ETF,主题指数ETF,950180.SH,,,,,,
2023-09-05,588930.SH,科创板AI,20250114,上证科创板人工智能指数,上证科创板人工智能指数收益率,银华基金管理股份有限公司,中信证券股份有限公司,股票型ETF,主题指数ETF,950180.SH,,,,,,
2023-09-06,588930.SH,科创板AI,20250114,上证科创板人工智能指数,上证科创板人工智能指数收益率,银华基金管理股份有限公司,中信证券股份有限公司,股票型ETF,主题指数ETF,950180.SH,,,,,,
2023-09-07,588930.SH,科创板AI,20250114,上证科创板人工智能指数,上证科创板人工智能指数收益率,银华基金管理股份有限公司,中信证券股份有限公司,股票型ETF,主题指数ETF,950180.SH,,,,,,
2023-09-08,588930.SH,科创板AI,20250114,上证科创板人工智能指数,上证科创板人工智能指数收益率,银华基金管理股份有限公司,中信证券股份有限公司,股票型ETF,主题指数ETF,950180.SH,,,,,,
2023-09-11,588930.SH,科创板AI,20250114,上证科创板人工智能指数,上证科创板人工智能指数收益率,银华基金管理股份有限公司,中信证券股份有限公司,股票型ETF,主题指数ETF,950180.SH,,,,,,
2023-09-12,588930.SH,科创板AI,20250114,上证科创板人工智能指数,上证科创板人工智能指数收益率,银华基金管理股份有限公司,中信证券股份有限公司,股票型ETF,主题指数ETF,950180.SH,,,,,,
2023-09-13,588930.SH,科创板AI,20250114,上证科创板人工智能指数,上证科创板人工智能指数收益率,银华基金管理股份有限公司,中信证券股份有限公司,股票型ETF,主题指数ETF,950180.SH,,,,,,
2023-09-14,588930.SH,科创板AI,20250114,上证科创板人工智能指数,上证科创板人工智能指数收益率,银华基金管理股份有限公司,中信证券股份有限公司,股票型ETF,主题指数ETF,950180.SH,,,,,,
2023-09-15,588930.SH,科创板AI,20250114,上证科创板人工智能指数,上证科创板人工智能指数收益率,银华基金管理股份有限公司,中信证券股份有限公司,股票型ETF,主题指数ETF,950180.SH,,,,,,
2023-09-18,588930.SH,科创板AI,20250114,上证科创板人工智能指数,上证科创板人工智能指数收益率,银华基金管理股份有限公司,中信证券股份有限公司,股票型ETF,主题指数ETF,950180.SH,,,,,,
2023-09-19,588930.SH,科创板AI,20250114,上证科创板人工智能指数,上证科创板人工智能指数收益率,银华基金管理股份有限公司,中信证券股份有限公司,股票型ETF,主题指数ETF,950180.SH,,,,,,
2023-09-20,588930.SH,科创板AI,20250114,上证科创板人工智能指数,上证科创板人工智能指数收益率,银华基金管理股份有限公司,中信证券股份有限公司,股票型ETF,主题指数ETF,950180.SH,,,,,,
2023-09-21,588930.SH,科创板AI,20250114,上证科创板人工智能指数,上证科创板人工智能指数收益率,银华基金管理股份有限公司,中信证券股份有限公司,股票型ETF,主题指数ETF,950180.SH,,,,,,
2023-09-22,588930.SH,科创板AI,20250114,上证科创板人工智能指数,上证科创板人工智能指数收益率,银华基金管理股份有限公司,中信证券股份有限公司,股票型ETF,主题指数ETF,950180.SH,,,,,,
2023-09-25,588930.SH,科创板AI,20250114,上证科创板人工智能指数,上证科创板人工智能指数收益率,银华基金管理股份有限公司,中信证券股份有限公司,股票型ETF,主题指数ETF,950180.SH,,,,,,
2023-09-26,588930.SH,科创板AI,20250114,上证科创板人工智能指数,上证科创板人工智能指数收益率,银华基金管理股份有限公司,中信证券股份有限公司,股票型ETF,主题指数ETF,950180.SH,,,,,,
2023-09-27,588930.SH,科创板AI,20250114,上证科创板人工智能指数,上证科创板人工智能指数收益率,银华基金管理股份有限公司,中信证券股份有限公司,股票型ETF,主题指数ETF,950180.SH,,,,,,
2023-09-28,588930.SH,科创板AI,20250114,上证科创板人工智能指数,上证科创板人工智能指数收益率,银华基金管理股份有限公司,中信证券股份有限公司,股票型ETF,主题指数ETF,950180.SH,,,,,,
2023-10-09,588930.SH,科创板AI,20250114,上证科创板人工智能指数,上证科创板人工智能指数收益率,银华基金管理股份有限公司,中信证券股份有限公司,股票型ETF,主题指数ETF,950180.SH,,,,,,
2023-10-10,588930.SH,科创板AI,20250114,上证科创板人工智能指数,上证科创板人工智能指数收益率,银华基金管理股份有限公司,中信证券股份有限公司,股票型ETF,主题指数ETF,950180.SH,,,,,,
2023-10-11,588930.SH,科创板AI,20250114,上证科创板人工智能指数,上证科创板人工智能指数收益率,银华基金管理股份有限公司,中信证券股份有限公司,股票型ETF,主题指数ETF,950180.SH,,,,,,
2023-10-12,588930.SH,科创板AI,20250114,上证科创板人工智能指数,上证科创板人工智能指数收益率,银华基金管理股份有限公司,中信证券股份有限公司,股票型ETF,主题指数ETF,950180.SH,,,,,,
2023-10-13,588930.SH,科创板AI,20250114,上证科创板人工智能指数,上证科创板人工智能指数收益率,银华基金管理股份有限公司,中信证券股份有限公司,股票型ETF,主题指数ETF,950180.SH,,,,,,
2023-10-16,588930.SH,科创板AI,20250114,上证科创板人工智能指数,上证科创板人工智能指数收益率,银华基金管理股份有限公司,中信证券股份有限公司,股票型ETF,主题指数ETF,950180.SH,,,,,,
2023-10-17,588930.SH,科创板AI,20250114,上证科创板人工智能指数,上证科创板人工智能指数收益率,银华基金管理股份有限公司,中信证券股份有限公司,股票型ETF,主题指数ETF,950180.SH,,,,,,
2023-10-18,588930.SH,科创板AI,20250114,上证科创板人工智能指数,上证科创板人工智能指数收益率,银华基金管理股份有限公司,中信证券股份有限公司,股票型ETF,主题指数ETF,950180.SH,,,,,,
2023-10-19,588930.SH,科创板AI,20250114,上证科创板人工智能指数,上证科创板人工智能指数收益率,银华基金管理股份有限公司,中信证券股份有限公司,股票型ETF,主题指数ETF,950180.SH,,,,,,
2023-10-20,588930.SH,科创板AI,20250114,上证科创板人工智能指数,上证科创板人工智能指数收益率,银华基金管理股份有限公司,中信证券股份有限公司,股票型ETF,主题指数ETF,950180.SH,,,,,,
2023-10-23,588930.SH,科创板AI,20250114,上证科创板人工智能指数,上证科创板人工智能指数收益率,银华基金管理股份有限公司,中信证券股份有限公司,股票型ETF,主题指数ETF,950180.SH,,,,,,
2023-10-24,588930.SH,科创板AI,20250114,上证科创板人工智能指数,上证科创板人工智能指数收益率,银华基金管理股份有限公司,中信证券股份有限公司,股票型ETF,主题指数ETF,950180.SH,,,,,,
2023-10-25,588930.SH,科创板AI,20250114,上证科创板人工智能指数,上证科创板人工智能指数收益率,银华基金管理股份有限公司,中信证券股份有限公司,股票型ETF,主题指数ETF,950180.SH,,,,,,
2023-10-26,588930.SH,科创板AI,20250114,上证科创板人工智能指数,上证科创板人工智能指数收益率,银华基金管理股份有限公司,中信证券股份有限公司,股票型ETF,主题指数ETF,950180.SH,,,,,,
2023-10-27,588930.SH,科创板AI,20250114,上证科创板人工智能指数,上证科创板人工智能指数收益率,银华基金管理股份有限公司,中信证券股份有限公司,股票型ETF,主题指数ETF,950180.SH,,,,,,
2023-10-30,588930.SH,科创板AI,20250114,上证科创板人工智能指数,上证科创板人工智能指数收益率,银华基金管理股份有限公司,中信证券股份有限公司,股票型ETF,主题指数ETF,950180.SH,,,,,,
2023-10-31,588930.SH,科创板AI,20250114,上证科创板人工智能指数,上证科创板人工智能指数收益率,银华基金管理股份有限公司,中信证券股份有限公司,股票型ETF,主题指数ETF,950180.SH,,,,,,
2023-11-01,588930.SH,科创板AI,20250114,上证科创板人工智能指数,上证科创板人工智能指数收益率,银华基金管理股份有限公司,中信证券股份有限公司,股票型ETF,主题指数ETF,950180.SH,,,,,,
2023-11-02,588930.SH,科创板AI,20250114,上证科创板人工智能指数,上证科创板人工智能指数收益率,银华基金管理股份有限公司,中信证券股份有限公司,股票型ETF,主题指数ETF,950180.SH,,,,,,
2023-11-03,588930.SH,科创板AI,20250114,上证科创板人工智能指数,上证科创板人工智能指数收益率,银华基金管理股份有限公司,中信证券股份有限公司,股票型ETF,主题指数ETF,950180.SH,,,,,,
2023-11-06,588930.SH,科创板AI,20250114,上证科创板人工智能指数,上证科创板人工智能指数收益率,银华基金管理股份有限公司,中信证券股份有限公司,股票型ETF,主题指数ETF,950180.SH,,,,,,
2023-11-07,588930.SH,科创板AI,20250114,上证科创板人工智能指数,上证科创板人工智能指数收益率,银华基金管理股份有限公司,中信证券股份有限公司,股票型ETF,主题指数ETF,950180.SH,,,,,,
2023-11-08,588930.SH,科创板AI,20250114,上证科创板人工智能指数,上证科创板人工智能指数收益率,银华基金管理股份有限公司,中信证券股份有限公司,股票型ETF,主题指数ETF,950180.SH,,,,,,
2023-11-09,588930.SH,科创板AI,20250114,上证科创板人工智能指数,上证科创板人工智能指数收益率,银华基金管理股份有限公司,中信证券股份有限公司,股票型ETF,主题指数ETF,950180.SH,,,,,,
2023-11-10,588930.SH,科创板AI,20250114,上证科创板人工智能指数,上证科创板人工智能指数收益率,银华基金管理股份有限公司,中信证券股份有限公司,股票型ETF,主题指数ETF,950180.SH,,,,,,
2023-11-13,588930.SH,科创板AI,20250114,上证科创板人工智能指数,上证科创板人工智能指数收益率,银华基金管理股份有限公司,中信证券股份有限公司,股票型ETF,主题指数ETF,950180.SH,,,,,,
2023-11-14,588930.SH,科创板AI,20250114,上证科创板人工智能指数,上证科创板人工智能指数收益率,银华基金管理股份有限公司,中信证券股份有限公司,股票型ETF,主题指数ETF,950180.SH,,,,,,
2023-11-15,588930.SH,科创板AI,20250114,上证科创板人工智能指数,上证科创板人工智能指数收益率,银华基金管理股份有限公司,中信证券股份有限公司,股票型ETF,主题指数ETF,950180.SH,,,,,,
2023-11-16,588930.SH,科创板AI,20250114,上证科创板人工智能指数,上证科创板人工智能指数收益率,银华基金管理股份有限公司,中信证券股份有限公司,股票型ETF,主题指数ETF,950180.SH,,,,,,
2023-11-17,588930.SH,科创板AI,20250114,上证科创板人工智能指数,上证科创板人工智能指数收益率,银华基金管理股份有限公司,中信证券股份有限公司,股票型ETF,主题指数ETF,950180.SH,,,,,,
2023-11-20,588930.SH,科创板AI,20250114,上证科创板人工智能指数,上证科创板人工智能指数收益率,银华基金管理股份有限公司,中信证券股份有限公司,股票型ETF,主题指数ETF,950180.SH,,,,,,
2023-11-21,588930.SH,科创板AI,20250114,上证科创板人工智能指数,上证科创板人工智能指数收益率,银华基金管理股份有限公司,中信证券股份有限公司,股票型ETF,主题指数ETF,950180.SH,,,,,,
2023-11-22,588930.SH,科创板AI,20250114,上证科创板人工智能指数,上证科创板人工智能指数收益率,银华基金管理股份有限公司,中信证券股份有限公司,股票型ETF,主题指数ETF,950180.SH,,,,,,
2023-11-23,588930.SH,科创板AI,20250114,上证科创板人工智能指数,上证科创板人工智能指数收益率,银华基金管理股份有限公司,中信证券股份有限公司,股票型ETF,主题指数ETF,950180.SH,,,,,,
2023-11-24,588930.SH,科创板AI,20250114,上证科创板人工智能指数,上证科创板人工智能指数收益率,银华基金管理股份有限公司,中信证券股份有限公司,股票型ETF,主题指数ETF,950180.SH,,,,,,
2023-11-27,588930.SH,科创板AI,20250114,上证科创板人工智能指数,上证科创板人工智能指数收益率,银华基金管理股份有限公司,中信证券股份有限公司,股票型ETF,主题指数ETF,950180.SH,,,,,,
2023-11-28,588930.SH,科创板AI,20250114,上证科创板人工智能指数,上证科创板人工智能指数收益率,银华基金管理股份有限公司,中信证券股份有限公司,股票型ETF,主题指数ETF,950180.SH,,,,,,
2023-11-29,588930.SH,科创板AI,20250114,上证科创板人工智能指数,上证科创板人工智能指数收益率,银华基金管理股份有限公司,中信证券股份有限公司,股票型ETF,主题指数ETF,950180.SH,,,,,,
2023-11-30,588930.SH,科创板AI,20250114,上证科创板人工智能指数,上证科创板人工智能指数收益率,银华基金管理股份有限公司,中信证券股份有限公司,股票型ETF,主题指数ETF,950180.SH,,,,,,
2023-12-01,588930.SH,科创板AI,20250114,上证科创板人工智能指数,上证科创板人工智能指数收益率,银华基金管理股份有限公司,中信证券股份有限公司,股票型ETF,主题指数ETF,950180.SH,,,,,,
2023-12-04,588930.SH,科创板AI,20250114,上证科创板人工智能指数,上证科创板人工智能指数收益率,银华基金管理股份有限公司,中信证券股份有限公司,股票型ETF,主题指数ETF,950180.SH,,,,,,
2023-12-05,588930.SH,科创板AI,20250114,上证科创板人工智能指数,上证科创板人工智能指数收益率,银华基金管理股份有限公司,中信证券股份有限公司,股票型ETF,主题指数ETF,950180.SH,,,,,,
2023-12-06,588930.SH,科创板AI,20250114,上证科创板人工智能指数,上证科创板人工智能指数收益率,银华基金管理股份有限公司,中信证券股份有限公司,股票型ETF,主题指数ETF,950180.SH,,,,,,
2023-12-07,588930.SH,科创板AI,20250114,上证科创板人工智能指数,上证科创板人工智能指数收益率,银华基金管理股份有限公司,中信证券股份有限公司,股票型ETF,主题指数ETF,950180.SH,,,,,,
2023-12-08,588930.SH,科创板AI,20250114,上证科创板人工智能指数,上证科创板人工智能指数收益率,银华基金管理股份有限公司,中信证券股份有限公司,股票型ETF,主题指数ETF,950180.SH,,,,,,
2023-12-11,588930.SH,科创板AI,20250114,上证科创板人工智能指数,上证科创板人工智能指数收益率,银华基金管理股份有限公司,中信证券股份有限公司,股票型ETF,主题指数ETF,950180.SH,,,,,,
2023-12-12,588930.SH,科创板AI,20250114,上证科创板人工智能指数,上证科创板人工智能指数收益率,银华基金管理股份有限公司,中信证券股份有限公司,股票型ETF,主题指数ETF,950180.SH,,,,,,
2023-12-13,588930.SH,科创板AI,20250114,上证科创板人工智能指数,上证科创板人工智能指数收益率,银华基金管理股份有限公司,中信证券股份有限公司,股票型ETF,主题指数ETF,950180.SH,,,,,,
2023-12-14,588930.SH,科创板AI,20250114,上证科创板人工智能指数,上证科创板人工智能指数收益率,银华基金管理股份有限公司,中信证券股份有限公司,股票型ETF,主题指数ETF,950180.SH,,,,,,
2023-12-15,588930.SH,科创板AI,20250114,上证科创板人工智能指数,上证科创板人工智能指数收益率,银华基金管理股份有限公司,中信证券股份有限公司,股票型ETF,主题指数ETF,950180.SH,,,,,,
2023-12-18,588930.SH,科创板AI,20250114,上证科创板人工智能指数,上证科创板人工智能指数收益率,银华基金管理股份有限公司,中信证券股份有限公司,股票型ETF,主题指数ETF,950180.SH,,,,,,
2023-12-19,588930.SH,科创板AI,20250114,上证科创板人工智能指数,上证科创板人工智能指数收益率,银华基金管理股份有限公司,中信证券股份有限公司,股票型ETF,主题指数ETF,950180.SH,,,,,,
2023-12-20,588930.SH,科创板AI,20250114,上证科创板人工智能指数,上证科创板人工智能指数收益率,银华基金管理股份有限公司,中信证券股份有限公司,股票型ETF,主题指数ETF,950180.SH,,,,,,
2023-12-21,588930.SH,科创板AI,20250114,上证科创板人工智能指数,上证科创板人工智能指数收益率,银华基金管理股份有限公司,中信证券股份有限公司,股票型ETF,主题指数ETF,950180.SH,,,,,,
2023-12-22,588930.SH,科创板AI,20250114,上证科创板人工智能指数,上证科创板人工智能指数收益率,银华基金管理股份有限公司,中信证券股份有限公司,股票型ETF,主题指数ETF,950180.SH,,,,,,
2023-12-25,588930.SH,科创板AI,20250114,上证科创板人工智能指数,上证科创板人工智能指数收益率,银华基金管理股份有限公司,中信证券股份有限公司,股票型ETF,主题指数ETF,950180.SH,,,,,,
2023-12-26,588930.SH,科创板AI,20250114,上证科创板人工智能指数,上证科创板人工智能指数收益率,银华基金管理股份有限公司,中信证券股份有限公司,股票型ETF,主题指数ETF,950180.SH,,,,,,
2023-12-27,588930.SH,科创板AI,20250114,上证科创板人工智能指数,上证科创板人工智能指数收益率,银华基金管理股份有限公司,中信证券股份有限公司,股票型ETF,主题指数ETF,950180.SH,,,,,,
2023-12-28,588930.SH,科创板AI,20250114,上证科创板人工智能指数,上证科创板人工智能指数收益率,银华基金管理股份有限公司,中信证券股份有限公司,股票型ETF,主题指数ETF,950180.SH,,,,,,
2023-12-29,588930.SH,科创板AI,20250114,上证科创板人工智能指数,上证科创板人工智能指数收益率,银华基金管理股份有限公司,中信证券股份有限公司,股票型ETF,主题指数ETF,950180.SH,,,,,,
2024-01-02,588930.SH,科创板AI,20250114,上证科创板人工智能指数,上证科创板人工智能指数收益率,银华基金管理股份有限公司,中信证券股份有限公司,股票型ETF,主题指数ETF,950180.SH,,,,,,
2024-01-03,588930.SH,科创板AI,20250114,上证科创板人工智能指数,上证科创板人工智能指数收益率,银华基金管理股份有限公司,中信证券股份有限公司,股票型ETF,主题指数ETF,950180.SH,,,,,,
2024-01-04,588930.SH,科创板AI,20250114,上证科创板人工智能指数,上证科创板人工智能指数收益率,银华基金管理股份有限公司,中信证券股份有限公司,股票型ETF,主题指数ETF,950180.SH,,,,,,
2024-01-05,588930.SH,科创板AI,20250114,上证科创板人工智能指数,上证科创板人工智能指数收益率,银华基金管理股份有限公司,中信证券股份有限公司,股票型ETF,主题指数ETF,950180.SH,,,,,,
2024-01-08,588930.SH,科创板AI,20250114,上证科创板人工智能指数,上证科创板人工智能指数收益率,银华基金管理股份有限公司,中信证券股份有限公司,股票型ETF,主题指数ETF,950180.SH,,,,,,
2024-01-09,588930.SH,科创板AI,20250114,上证科创板人工智能指数,上证科创板人工智能指数收益率,银华基金管理股份有限公司,中信证券股份有限公司,股票型ETF,主题指数ETF,950180.SH,,,,,,
2024-01-10,588930.SH,科创板AI,20250114,上证科创板人工智能指数,上证科创板人工智能指数收益率,银华基金管理股份有限公司,中信证券股份有限公司,股票型ETF,主题指数ETF,950180.SH,,,,,,
2024-01-11,588930.SH,科创板AI,20250114,上证科创板人工智能指数,上证科创板人工智能指数收益率,银华基金管理股份有限公司,中信证券股份有限公司,股票型ETF,主题指数ETF,950180.SH,,,,,,
2024-01-12,588930.SH,科创板AI,20250114,上证科创板人工智能指数,上证科创板人工智能指数收益率,银华基金管理股份有限公司,中信证券股份有限公司,股票型ETF,主题指数ETF,950180.SH,,,,,,
2024-01-15,588930.SH,科创板AI,20250114,上证科创板人工智能指数,上证科创板人工智能指数收益率,银华基金管理股份有限公司,中信证券股份有限公司,股票型ETF,主题指数ETF,950180.SH,,,,,,
2024-01-16,588930.SH,科创板AI,20250114,上证科创板人工智能指数,上证科创板人工智能指数收益率,银华基金管理股份有限公司,中信证券股份有限公司,股票型ETF,主题指数ETF,950180.SH,,,,,,
2024-01-17,588930.SH,科创板AI,20250114,上证科创板人工智能指数,上证科创板人工智能指数收益率,银华基金管理股份有限公司,中信证券股份有限公司,股票型ETF,主题指数ETF,950180.SH,,,,,,
2024-01-18,588930.SH,科创板AI,20250114,上证科创板人工智能指数,上证科创板人工智能指数收益率,银华基金管理股份有限公司,中信证券股份有限公司,股票型ETF,主题指数ETF,950180.SH,,,,,,
2024-01-19,588930.SH,科创板AI,20250114,上证科创板人工智能指数,上证科创板人工智能指数收益率,银华基金管理股份有限公司,中信证券股份有限公司,股票型ETF,主题指数ETF,950180.SH,,,,,,
2024-01-22,588930.SH,科创板AI,20250114,上证科创板人工智能指数,上证科创板人工智能指数收益率,银华基金管理股份有限公司,中信证券股份有限公司,股票型ETF,主题指数ETF,950180.SH,,,,,,
2024-01-23,588930.SH,科创板AI,20250114,上证科创板人工智能指数,上证科创板人工智能指数收益率,银华基金管理股份有限公司,中信证券股份有限公司,股票型ETF,主题指数ETF,950180.SH,,,,,,
2024-01-24,588930.SH,科创板AI,20250114,上证科创板人工智能指数,上证科创板人工智能指数收益率,银华基金管理股份有限公司,中信证券股份有限公司,股票型ETF,主题指数ETF,950180.SH,,,,,,
2024-01-25,588930.SH,科创板AI,20250114,上证科创板人工智能指数,上证科创板人工智能指数收益率,银华基金管理股份有限公司,中信证券股份有限公司,股票型ETF,主题指数ETF,950180.SH,,,,,,
2024-01-26,588930.SH,科创板AI,20250114,上证科创板人工智能指数,上证科创板人工智能指数收益率,银华基金管理股份有限公司,中信证券股份有限公司,股票型ETF,主题指数ETF,950180.SH,,,,,,
2024-01-29,588930.SH,科创板AI,20250114,上证科创板人工智能指数,上证科创板人工智能指数收益率,银华基金管理股份有限公司,中信证券股份有限公司,股票型ETF,主题指数ETF,950180.SH,,,,,,
2024-01-30,588930.SH,科创板AI,20250114,上证科创板人工智能指数,上证科创板人工智能指数收益率,银华基金管理股份有限公司,中信证券股份有限公司,股票型ETF,主题指数ETF,950180.SH,,,,,,
2024-01-31,588930.SH,科创板AI,20250114,上证科创板人工智能指数,上证科创板人工智能指数收益率,银华基金管理股份有限公司,中信证券股份有限公司,股票型ETF,主题指数ETF,950180.SH,,,,,,
2024-02-01,588930.SH,科创板AI,20250114,上证科创板人工智能指数,上证科创板人工智能指数收益率,银华基金管理股份有限公司,中信证券股份有限公司,股票型ETF,主题指数ETF,950180.SH,,,,,,
2024-02-02,588930.SH,科创板AI,20250114,上证科创板人工智能指数,上证科创板人工智能指数收益率,银华基金管理股份有限公司,中信证券股份有限公司,股票型ETF,主题指数ETF,950180.SH,,,,,,
2024-02-05,588930.SH,科创板AI,20250114,上证科创板人工智能指数,上证科创板人工智能指数收益率,银华基金管理股份有限公司,中信证券股份有限公司,股票型ETF,主题指数ETF,950180.SH,,,,,,
2024-02-06,588930.SH,科创板AI,20250114,上证科创板人工智能指数,上证科创板人工智能指数收益率,银华基金管理股份有限公司,中信证券股份有限公司,股票型ETF,主题指数ETF,950180.SH,,,,,,
2024-02-07,588930.SH,科创板AI,20250114,上证科创板人工智能指数,上证科创板人工智能指数收益率,银华基金管理股份有限公司,中信证券股份有限公司,股票型ETF,主题指数ETF,950180.SH,,,,,,
2024-02-08,588930.SH,科创板AI,20250114,上证科创板人工智能指数,上证科创板人工智能指数收益率,银华基金管理股份有限公司,中信证券股份有限公司,股票型ETF,主题指数ETF,950180.SH,,,,,,
2024-02-19,588930.SH,科创板AI,20250114,上证科创板人工智能指数,上证科创板人工智能指数收益率,银华基金管理股份有限公司,中信证券股份有限公司,股票型ETF,主题指数ETF,950180.SH,,,,,,
2024-02-20,588930.SH,科创板AI,20250114,上证科创板人工智能指数,上证科创板人工智能指数收益率,银华基金管理股份有限公司,中信证券股份有限公司,股票型ETF,主题指数ETF,950180.SH,,,,,,
2024-02-21,588930.SH,科创板AI,20250114,上证科创板人工智能指数,上证科创板人工智能指数收益率,银华基金管理股份有限公司,中信证券股份有限公司,股票型ETF,主题指数ETF,950180.SH,,,,,,
2024-02-22,588930.SH,科创板AI,20250114,上证科创板人工智能指数,上证科创板人工智能指数收益率,银华基金管理股份有限公司,中信证券股份有限公司,股票型ETF,主题指数ETF,950180.SH,,,,,,
2024-02-23,588930.SH,科创板AI,20250114,上证科创板人工智能指数,上证科创板人工智能指数收益率,银华基金管理股份有限公司,中信证券股份有限公司,股票型ETF,主题指数ETF,950180.SH,,,,,,
2024-02-26,588930.SH,科创板AI,20250114,上证科创板人工智能指数,上证科创板人工智能指数收益率,银华基金管理股份有限公司,中信证券股份有限公司,股票型ETF,主题指数ETF,950180.SH,,,,,,
2024-02-27,588930.SH,科创板AI,20250114,上证科创板人工智能指数,上证科创板人工智能指数收益率,银华基金管理股份有限公司,中信证券股份有限公司,股票型ETF,主题指数ETF,950180.SH,,,,,,
2024-02-28,588930.SH,科创板AI,20250114,上证科创板人工智能指数,上证科创板人工智能指数收益率,银华基金管理股份有限公司,中信证券股份有限公司,股票型ETF,主题指数ETF,950180.SH,,,,,,
2024-02-29,588930.SH,科创板AI,20250114,上证科创板人工智能指数,上证科创板人工智能指数收益率,银华基金管理股份有限公司,中信证券股份有限公司,股票型ETF,主题指数ETF,950180.SH,,,,,,
2024-03-01,588930.SH,科创板AI,20250114,上证科创板人工智能指数,上证科创板人工智能指数收益率,银华基金管理股份有限公司,中信证券股份有限公司,股票型ETF,主题指数ETF,950180.SH,,,,,,
2024-03-04,588930.SH,科创板AI,20250114,上证科创板人工智能指数,上证科创板人工智能指数收益率,银华基金管理股份有限公司,中信证券股份有限公司,股票型ETF,主题指数ETF,950180.SH,,,,,,
2024-03-05,588930.SH,科创板AI,20250114,上证科创板人工智能指数,上证科创板人工智能指数收益率,银华基金管理股份有限公司,中信证券股份有限公司,股票型ETF,主题指数ETF,950180.SH,,,,,,
2024-03-06,588930.SH,科创板AI,20250114,上证科创板人工智能指数,上证科创板人工智能指数收益率,银华基金管理股份有限公司,中信证券股份有限公司,股票型ETF,主题指数ETF,950180.SH,,,,,,
2024-03-07,588930.SH,科创板AI,20250114,上证科创板人工智能指数,上证科创板人工智能指数收益率,银华基金管理股份有限公司,中信证券股份有限公司,股票型ETF,主题指数ETF,950180.SH,,,,,,
2024-03-08,588930.SH,科创板AI,20250114,上证科创板人工智能指数,上证科创板人工智能指数收益率,银华基金管理股份有限公司,中信证券股份有限公司,股票型ETF,主题指数ETF,950180.SH,,,,,,
2024-03-11,588930.SH,科创板AI,20250114,上证科创板人工智能指数,上证科创板人工智能指数收益率,银华基金管理股份有限公司,中信证券股份有限公司,股票型ETF,主题指数ETF,950180.SH,,,,,,
2024-03-12,588930.SH,科创板AI,20250114,上证科创板人工智能指数,上证科创板人工智能指数收益率,银华基金管理股份有限公司,中信证券股份有限公司,股票型ETF,主题指数ETF,950180.SH,,,,,,
2024-03-13,588930.SH,科创板AI,20250114,上证科创板人工智能指数,上证科创板人工智能指数收益率,银华基金管理股份有限公司,中信证券股份有限公司,股票型ETF,主题指数ETF,950180.SH,,,,,,
2024-03-14,588930.SH,科创板AI,20250114,上证科创板人工智能指数,上证科创板人工智能指数收益率,银华基金管理股份有限公司,中信证券股份有限公司,股票型ETF,主题指数ETF,950180.SH,,,,,,
2024-03-15,588930.SH,科创板AI,20250114,上证科创板人工智能指数,上证科创板人工智能指数收益率,银华基金管理股份有限公司,中信证券股份有限公司,股票型ETF,主题指数ETF,950180.SH,,,,,,
2024-03-18,588930.SH,科创板AI,20250114,上证科创板人工智能指数,上证科创板人工智能指数收益率,银华基金管理股份有限公司,中信证券股份有限公司,股票型ETF,主题指数ETF,950180.SH,,,,,,
2024-03-19,588930.SH,科创板AI,20250114,上证科创板人工智能指数,上证科创板人工智能指数收益率,银华基金管理股份有限公司,中信证券股份有限公司,股票型ETF,主题指数ETF,950180.SH,,,,,,
2024-03-20,588930.SH,科创板AI,20250114,上证科创板人工智能指数,上证科创板人工智能指数收益率,银华基金管理股份有限公司,中信证券股份有限公司,股票型ETF,主题指数ETF,950180.SH,,,,,,
2024-03-21,588930.SH,科创板AI,20250114,上证科创板人工智能指数,上证科创板人工智能指数收益率,银华基金管理股份有限公司,中信证券股份有限公司,股票型ETF,主题指数ETF,950180.SH,,,,,,
2024-03-22,588930.SH,科创板AI,20250114,上证科创板人工智能指数,上证科创板人工智能指数收益率,银华基金管理股份有限公司,中信证券股份有限公司,股票型ETF,主题指数ETF,950180.SH,,,,,,
2024-03-25,588930.SH,科创板AI,20250114,上证科创板人工智能指数,上证科创板人工智能指数收益率,银华基金管理股份有限公司,中信证券股份有限公司,股票型ETF,主题指数ETF,950180.SH,,,,,,
2024-03-26,588930.SH,科创板AI,20250114,上证科创板人工智能指数,上证科创板人工智能指数收益率,银华基金管理股份有限公司,中信证券股份有限公司,股票型ETF,主题指数ETF,950180.SH,,,,,,
2024-03-27,588930.SH,科创板AI,20250114,上证科创板人工智能指数,上证科创板人工智能指数收益率,银华基金管理股份有限公司,中信证券股份有限公司,股票型ETF,主题指数ETF,950180.SH,,,,,,
2024-03-28,588930.SH,科创板AI,20250114,上证科创板人工智能指数,上证科创板人工智能指数收益率,银华基金管理股份有限公司,中信证券股份有限公司,股票型ETF,主题指数ETF,950180.SH,,,,,,
2024-03-29,588930.SH,科创板AI,20250114,上证科创板人工智能指数,上证科创板人工智能指数收益率,银华基金管理股份有限公司,中信证券股份有限公司,股票型ETF,主题指数ETF,950180.SH,,,,,,
2024-04-01,588930.SH,科创板AI,20250114,上证科创板人工智能指数,上证科创板人工智能指数收益率,银华基金管理股份有限公司,中信证券股份有限公司,股票型ETF,主题指数ETF,950180.SH,,,,,,
2024-04-02,588930.SH,科创板AI,20250114,上证科创板人工智能指数,上证科创板人工智能指数收益率,银华基金管理股份有限公司,中信证券股份有限公司,股票型ETF,主题指数ETF,950180.SH,,,,,,
2024-04-03,588930.SH,科创板AI,20250114,上证科创板人工智能指数,上证科创板人工智能指数收益率,银华基金管理股份有限公司,中信证券股份有限公司,股票型ETF,主题指数ETF,950180.SH,,,,,,
2024-04-08,588930.SH,科创板AI,20250114,上证科创板人工智能指数,上证科创板人工智能指数收益率,银华基金管理股份有限公司,中信证券股份有限公司,股票型ETF,主题指数ETF,950180.SH,,,,,,
2024-04-09,588930.SH,科创板AI,20250114,上证科创板人工智能指数,上证科创板人工智能指数收益率,银华基金管理股份有限公司,中信证券股份有限公司,股票型ETF,主题指数ETF,950180.SH,,,,,,
2024-04-10,588930.SH,科创板AI,20250114,上证科创板人工智能指数,上证科创板人工智能指数收益率,银华基金管理股份有限公司,中信证券股份有限公司,股票型ETF,主题指数ETF,950180.SH,,,,,,
2024-04-11,588930.SH,科创板AI,20250114,上证科创板人工智能指数,上证科创板人工智能指数收益率,银华基金管理股份有限公司,中信证券股份有限公司,股票型ETF,主题指数ETF,950180.SH,,,,,,
2024-04-12,588930.SH,科创板AI,20250114,上证科创板人工智能指数,上证科创板人工智能指数收益率,银华基金管理股份有限公司,中信证券股份有限公司,股票型ETF,主题指数ETF,950180.SH,,,,,,
2024-04-15,588930.SH,科创板AI,20250114,上证科创板人工智能指数,上证科创板人工智能指数收益率,银华基金管理股份有限公司,中信证券股份有限公司,股票型ETF,主题指数ETF,950180.SH,,,,,,
2024-04-16,588930.SH,科创板AI,20250114,上证科创板人工智能指数,上证科创板人工智能指数收益率,银华基金管理股份有限公司,中信证券股份有限公司,股票型ETF,主题指数ETF,950180.SH,,,,,,
2024-04-17,588930.SH,科创板AI,20250114,上证科创板人工智能指数,上证科创板人工智能指数收益率,银华基金管理股份有限公司,中信证券股份有限公司,股票型ETF,主题指数ETF,950180.SH,,,,,,
2024-04-18,588930.SH,科创板AI,20250114,上证科创板人工智能指数,上证科创板人工智能指数收益率,银华基金管理股份有限公司,中信证券股份有限公司,股票型ETF,主题指数ETF,950180.SH,,,,,,
2024-04-19,588930.SH,科创板AI,20250114,上证科创板人工智能指数,上证科创板人工智能指数收益率,银华基金管理股份有限公司,中信证券股份有限公司,股票型ETF,主题指数ETF,950180.SH,,,,,,
2024-04-22,588930.SH,科创板AI,20250114,上证科创板人工智能指数,上证科创板人工智能指数收益率,银华基金管理股份有限公司,中信证券股份有限公司,股票型ETF,主题指数ETF,950180.SH,,,,,,
2024-04-23,588930.SH,科创板AI,20250114,上证科创板人工智能指数,上证科创板人工智能指数收益率,银华基金管理股份有限公司,中信证券股份有限公司,股票型ETF,主题指数ETF,950180.SH,,,,,,
2024-04-24,588930.SH,科创板AI,20250114,上证科创板人工智能指数,上证科创板人工智能指数收益率,银华基金管理股份有限公司,中信证券股份有限公司,股票型ETF,主题指数ETF,950180.SH,,,,,,
2024-04-25,588930.SH,科创板AI,20250114,上证科创板人工智能指数,上证科创板人工智能指数收益率,银华基金管理股份有限公司,中信证券股份有限公司,股票型ETF,主题指数ETF,950180.SH,,,,,,
2024-04-26,588930.SH,科创板AI,20250114,上证科创板人工智能指数,上证科创板人工智能指数收益率,银华基金管理股份有限公司,中信证券股份有限公司,股票型ETF,主题指数ETF,950180.SH,,,,,,
2024-04-29,588930.SH,科创板AI,20250114,上证科创板人工智能指数,上证科创板人工智能指数收益率,银华基金管理股份有限公司,中信证券股份有限公司,股票型ETF,主题指数ETF,950180.SH,,,,,,
2024-04-30,588930.SH,科创板AI,20250114,上证科创板人工智能指数,上证科创板人工智能指数收益率,银华基金管理股份有限公司,中信证券股份有限公司,股票型ETF,主题指数ETF,950180.SH,,,,,,
2024-05-06,588930.SH,科创板AI,20250114,上证科创板人工智能指数,上证科创板人工智能指数收益率,银华基金管理股份有限公司,中信证券股份有限公司,股票型ETF,主题指数ETF,950180.SH,,,,,,
2024-05-07,588930.SH,科创板AI,20250114,上证科创板人工智能指数,上证科创板人工智能指数收益率,银华基金管理股份有限公司,中信证券股份有限公司,股票型ETF,主题指数ETF,950180.SH,,,,,,
2024-05-08,588930.SH,科创板AI,20250114,上证科创板人工智能指数,上证科创板人工智能指数收益率,银华基金管理股份有限公司,中信证券股份有限公司,股票型ETF,主题指数ETF,950180.SH,,,,,,
2024-05-09,588930.SH,科创板AI,20250114,上证科创板人工智能指数,上证科创板人工智能指数收益率,银华基金管理股份有限公司,中信证券股份有限公司,股票型ETF,主题指数ETF,950180.SH,,,,,,
2024-05-10,588930.SH,科创板AI,20250114,上证科创板人工智能指数,上证科创板人工智能指数收益率,银华基金管理股份有限公司,中信证券股份有限公司,股票型ETF,主题指数ETF,950180.SH,,,,,,
2024-05-13,588930.SH,科创板AI,20250114,上证科创板人工智能指数,上证科创板人工智能指数收益率,银华基金管理股份有限公司,中信证券股份有限公司,股票型ETF,主题指数ETF,950180.SH,,,,,,
2024-05-14,588930.SH,科创板AI,20250114,上证科创板人工智能指数,上证科创板人工智能指数收益率,银华基金管理股份有限公司,中信证券股份有限公司,股票型ETF,主题指数ETF,950180.SH,,,,,,
2024-05-15,588930.SH,科创板AI,20250114,上证科创板人工智能指数,上证科创板人工智能指数收益率,银华基金管理股份有限公司,中信证券股份有限公司,股票型ETF,主题指数ETF,950180.SH,,,,,,
2024-05-16,588930.SH,科创板AI,20250114,上证科创板人工智能指数,上证科创板人工智能指数收益率,银华基金管理股份有限公司,中信证券股份有限公司,股票型ETF,主题指数ETF,950180.SH,,,,,,
2024-05-17,588930.SH,科创板AI,20250114,上证科创板人工智能指数,上证科创板人工智能指数收益率,银华基金管理股份有限公司,中信证券股份有限公司,股票型ETF,主题指数ETF,950180.SH,,,,,,
2024-05-20,588930.SH,科创板AI,20250114,上证科创板人工智能指数,上证科创板人工智能指数收益率,银华基金管理股份有限公司,中信证券股份有限公司,股票型ETF,主题指数ETF,950180.SH,,,,,,
2024-05-21,588930.SH,科创板AI,20250114,上证科创板人工智能指数,上证科创板人工智能指数收益率,银华基金管理股份有限公司,中信证券股份有限公司,股票型ETF,主题指数ETF,950180.SH,,,,,,
2024-05-22,588930.SH,科创板AI,20250114,上证科创板人工智能指数,上证科创板人工智能指数收益率,银华基金管理股份有限公司,中信证券股份有限公司,股票型ETF,主题指数ETF,950180.SH,,,,,,
2024-05-23,588930.SH,科创板AI,20250114,上证科创板人工智能指数,上证科创板人工智能指数收益率,银华基金管理股份有限公司,中信证券股份有限公司,股票型ETF,主题指数ETF,950180.SH,,,,,,
2024-05-24,588930.SH,科创板AI,20250114,上证科创板人工智能指数,上证科创板人工智能指数收益率,银华基金管理股份有限公司,中信证券股份有限公司,股票型ETF,主题指数ETF,950180.SH,,,,,,
2024-05-27,588930.SH,科创板AI,20250114,上证科创板人工智能指数,上证科创板人工智能指数收益率,银华基金管理股份有限公司,中信证券股份有限公司,股票型ETF,主题指数ETF,950180.SH,,,,,,
2024-05-28,588930.SH,科创板AI,20250114,上证科创板人工智能指数,上证科创板人工智能指数收益率,银华基金管理股份有限公司,中信证券股份有限公司,股票型ETF,主题指数ETF,950180.SH,,,,,,
2024-05-29,588930.SH,科创板AI,20250114,上证科创板人工智能指数,上证科创板人工智能指数收益率,银华基金管理股份有限公司,中信证券股份有限公司,股票型ETF,主题指数ETF,950180.SH,,,,,,
2024-05-30,588930.SH,科创板AI,20250114,上证科创板人工智能指数,上证科创板人工智能指数收益率,银华基金管理股份有限公司,中信证券股份有限公司,股票型ETF,主题指数ETF,950180.SH,,,,,,
2024-05-31,588930.SH,科创板AI,20250114,上证科创板人工智能指数,上证科创板人工智能指数收益率,银华基金管理股份有限公司,中信证券股份有限公司,股票型ETF,主题指数ETF,950180.SH,,,,,,
2024-06-03,588930.SH,科创板AI,20250114,上证科创板人工智能指数,上证科创板人工智能指数收益率,银华基金管理股份有限公司,中信证券股份有限公司,股票型ETF,主题指数ETF,950180.SH,,,,,,
2024-06-04,588930.SH,科创板AI,20250114,上证科创板人工智能指数,上证科创板人工智能指数收益率,银华基金管理股份有限公司,中信证券股份有限公司,股票型ETF,主题指数ETF,950180.SH,,,,,,
2024-06-05,588930.SH,科创板AI,20250114,上证科创板人工智能指数,上证科创板人工智能指数收益率,银华基金管理股份有限公司,中信证券股份有限公司,股票型ETF,主题指数ETF,950180.SH,,,,,,
2024-06-06,588930.SH,科创板AI,20250114,上证科创板人工智能指数,上证科创板人工智能指数收益率,银华基金管理股份有限公司,中信证券股份有限公司,股票型ETF,主题指数ETF,950180.SH,,,,,,
2024-06-07,588930.SH,科创板AI,20250114,上证科创板人工智能指数,上证科创板人工智能指数收益率,银华基金管理股份有限公司,中信证券股份有限公司,股票型ETF,主题指数ETF,950180.SH,,,,,,
2024-06-11,588930.SH,科创板AI,20250114,上证科创板人工智能指数,上证科创板人工智能指数收益率,银华基金管理股份有限公司,中信证券股份有限公司,股票型ETF,主题指数ETF,950180.SH,,,,,,
2024-06-12,588930.SH,科创板AI,20250114,上证科创板人工智能指数,上证科创板人工智能指数收益率,银华基金管理股份有限公司,中信证券股份有限公司,股票型ETF,主题指数ETF,950180.SH,,,,,,
2024-06-13,588930.SH,科创板AI,20250114,上证科创板人工智能指数,上证科创板人工智能指数收益率,银华基金管理股份有限公司,中信证券股份有限公司,股票型ETF,主题指数ETF,950180.SH,,,,,,
2024-06-14,588930.SH,科创板AI,20250114,上证科创板人工智能指数,上证科创板人工智能指数收益率,银华基金管理股份有限公司,中信证券股份有限公司,股票型ETF,主题指数ETF,950180.SH,,,,,,
2024-06-17,588930.SH,科创板AI,20250114,上证科创板人工智能指数,上证科创板人工智能指数收益率,银华基金管理股份有限公司,中信证券股份有限公司,股票型ETF,主题指数ETF,950180.SH,,,,,,
2024-06-18,588930.SH,科创板AI,20250114,上证科创板人工智能指数,上证科创板人工智能指数收益率,银华基金管理股份有限公司,中信证券股份有限公司,股票型ETF,主题指数ETF,950180.SH,,,,,,
2024-06-19,588930.SH,科创板AI,20250114,上证科创板人工智能指数,上证科创板人工智能指数收益率,银华基金管理股份有限公司,中信证券股份有限公司,股票型ETF,主题指数ETF,950180.SH,,,,,,
2024-06-20,588930.SH,科创板AI,20250114,上证科创板人工智能指数,上证科创板人工智能指数收益率,银华基金管理股份有限公司,中信证券股份有限公司,股票型ETF,主题指数ETF,950180.SH,,,,,,
2024-06-21,588930.SH,科创板AI,20250114,上证科创板人工智能指数,上证科创板人工智能指数收益率,银华基金管理股份有限公司,中信证券股份有限公司,股票型ETF,主题指数ETF,950180.SH,,,,,,
2024-06-24,588930.SH,科创板AI,20250114,上证科创板人工智能指数,上证科创板人工智能指数收益率,银华基金管理股份有限公司,中信证券股份有限公司,股票型ETF,主题指数ETF,950180.SH,,,,,,
2024-06-25,588930.SH,科创板AI,20250114,上证科创板人工智能指数,上证科创板人工智能指数收益率,银华基金管理股份有限公司,中信证券股份有限公司,股票型ETF,主题指数ETF,950180.SH,,,,,,
2024-06-26,588930.SH,科创板AI,20250114,上证科创板人工智能指数,上证科创板人工智能指数收益率,银华基金管理股份有限公司,中信证券股份有限公司,股票型ETF,主题指数ETF,950180.SH,,,,,,
2024-06-27,588930.SH,科创板AI,20250114,上证科创板人工智能指数,上证科创板人工智能指数收益率,银华基金管理股份有限公司,中信证券股份有限公司,股票型ETF,主题指数ETF,950180.SH,,,,,,
2024-06-28,588930.SH,科创板AI,20250114,上证科创板人工智能指数,上证科创板人工智能指数收益率,银华基金管理股份有限公司,中信证券股份有限公司,股票型ETF,主题指数ETF,950180.SH,,,,,,
2024-07-01,588930.SH,科创板AI,20250114,上证科创板人工智能指数,上证科创板人工智能指数收益率,银华基金管理股份有限公司,中信证券股份有限公司,股票型ETF,主题指数ETF,950180.SH,,,,,,
2024-07-02,588930.SH,科创板AI,20250114,上证科创板人工智能指数,上证科创板人工智能指数收益率,银华基金管理股份有限公司,中信证券股份有限公司,股票型ETF,主题指数ETF,950180.SH,,,,,,
2024-07-03,588930.SH,科创板AI,20250114,上证科创板人工智能指数,上证科创板人工智能指数收益率,银华基金管理股份有限公司,中信证券股份有限公司,股票型ETF,主题指数ETF,950180.SH,,,,,,
2024-07-04,588930.SH,科创板AI,20250114,上证科创板人工智能指数,上证科创板人工智能指数收益率,银华基金管理股份有限公司,中信证券股份有限公司,股票型ETF,主题指数ETF,950180.SH,,,,,,
2024-07-05,588930.SH,科创板AI,20250114,上证科创板人工智能指数,上证科创板人工智能指数收益率,银华基金管理股份有限公司,中信证券股份有限公司,股票型ETF,主题指数ETF,950180.SH,,,,,,
2024-07-08,588930.SH,科创板AI,20250114,上证科创板人工智能指数,上证科创板人工智能指数收益率,银华基金管理股份有限公司,中信证券股份有限公司,股票型ETF,主题指数ETF,950180.SH,,,,,,
2024-07-09,588930.SH,科创板AI,20250114,上证科创板人工智能指数,上证科创板人工智能指数收益率,银华基金管理股份有限公司,中信证券股份有限公司,股票型ETF,主题指数ETF,950180.SH,,,,,,
2024-07-10,588930.SH,科创板AI,20250114,上证科创板人工智能指数,上证科创板人工智能指数收益率,银华基金管理股份有限公司,中信证券股份有限公司,股票型ETF,主题指数ETF,950180.SH,,,,,,
2024-07-11,588930.SH,科创板AI,20250114,上证科创板人工智能指数,上证科创板人工智能指数收益率,银华基金管理股份有限公司,中信证券股份有限公司,股票型ETF,主题指数ETF,950180.SH,,,,,,
2024-07-12,588930.SH,科创板AI,20250114,上证科创板人工智能指数,上证科创板人工智能指数收益率,银华基金管理股份有限公司,中信证券股份有限公司,股票型ETF,主题指数ETF,950180.SH,,,,,,
2024-07-15,588930.SH,科创板AI,20250114,上证科创板人工智能指数,上证科创板人工智能指数收益率,银华基金管理股份有限公司,中信证券股份有限公司,股票型ETF,主题指数ETF,950180.SH,,,,,,
2024-07-16,588930.SH,科创板AI,20250114,上证科创板人工智能指数,上证科创板人工智能指数收益率,银华基金管理股份有限公司,中信证券股份有限公司,股票型ETF,主题指数ETF,950180.SH,,,,,,
2024-07-17,588930.SH,科创板AI,20250114,上证科创板人工智能指数,上证科创板人工智能指数收益率,银华基金管理股份有限公司,中信证券股份有限公司,股票型ETF,主题指数ETF,950180.SH,,,,,,
2024-07-18,588930.SH,科创板AI,20250114,上证科创板人工智能指数,上证科创板人工智能指数收益率,银华基金管理股份有限公司,中信证券股份有限公司,股票型ETF,主题指数ETF,950180.SH,,,,,,
2024-07-19,588930.SH,科创板AI,20250114,上证科创板人工智能指数,上证科创板人工智能指数收益率,银华基金管理股份有限公司,中信证券股份有限公司,股票型ETF,主题指数ETF,950180.SH,,,,,,
2024-07-22,588930.SH,科创板AI,20250114,上证科创板人工智能指数,上证科创板人工智能指数收益率,银华基金管理股份有限公司,中信证券股份有限公司,股票型ETF,主题指数ETF,950180.SH,,,,,,
2024-07-23,588930.SH,科创板AI,20250114,上证科创板人工智能指数,上证科创板人工智能指数收益率,银华基金管理股份有限公司,中信证券股份有限公司,股票型ETF,主题指数ETF,950180.SH,,,,,,
2024-07-24,588930.SH,科创板AI,20250114,上证科创板人工智能指数,上证科创板人工智能指数收益率,银华基金管理股份有限公司,中信证券股份有限公司,股票型ETF,主题指数ETF,950180.SH,,,,,,
2024-07-25,588930.SH,科创板AI,20250114,上证科创板人工智能指数,上证科创板人工智能指数收益率,银华基金管理股份有限公司,中信证券股份有限公司,股票型ETF,主题指数ETF,950180.SH,,,,,,
2024-07-26,588930.SH,科创板AI,20250114,上证科创板人工智能指数,上证科创板人工智能指数收益率,银华基金管理股份有限公司,中信证券股份有限公司,股票型ETF,主题指数ETF,950180.SH,,,,,,
2024-07-29,588930.SH,科创板AI,20250114,上证科创板人工智能指数,上证科创板人工智能指数收益率,银华基金管理股份有限公司,中信证券股份有限公司,股票型ETF,主题指数ETF,950180.SH,,,,,,
2024-07-30,588930.SH,科创板AI,20250114,上证科创板人工智能指数,上证科创板人工智能指数收益率,银华基金管理股份有限公司,中信证券股份有限公司,股票型ETF,主题指数ETF,950180.SH,,,,,,
2024-07-31,588930.SH,科创板AI,20250114,上证科创板人工智能指数,上证科创板人工智能指数收益率,银华基金管理股份有限公司,中信证券股份有限公司,股票型ETF,主题指数ETF,950180.SH,,,,,,
2024-08-01,588930.SH,科创板AI,20250114,上证科创板人工智能指数,上证科创板人工智能指数收益率,银华基金管理股份有限公司,中信证券股份有限公司,股票型ETF,主题指数ETF,950180.SH,,,,,,
2024-08-02,588930.SH,科创板AI,20250114,上证科创板人工智能指数,上证科创板人工智能指数收益率,银华基金管理股份有限公司,中信证券股份有限公司,股票型ETF,主题指数ETF,950180.SH,,,,,,
2024-08-05,588930.SH,科创板AI,20250114,上证科创板人工智能指数,上证科创板人工智能指数收益率,银华基金管理股份有限公司,中信证券股份有限公司,股票型ETF,主题指数ETF,950180.SH,,,,,,
2024-08-06,588930.SH,科创板AI,20250114,上证科创板人工智能指数,上证科创板人工智能指数收益率,银华基金管理股份有限公司,中信证券股份有限公司,股票型ETF,主题指数ETF,950180.SH,,,,,,
2024-08-07,588930.SH,科创板AI,20250114,上证科创板人工智能指数,上证科创板人工智能指数收益率,银华基金管理股份有限公司,中信证券股份有限公司,股票型ETF,主题指数ETF,950180.SH,,,,,,
2024-08-08,588930.SH,科创板AI,20250114,上证科创板人工智能指数,上证科创板人工智能指数收益率,银华基金管理股份有限公司,中信证券股份有限公司,股票型ETF,主题指数ETF,950180.SH,,,,,,
2024-08-09,588930.SH,科创板AI,20250114,上证科创板人工智能指数,上证科创板人工智能指数收益率,银华基金管理股份有限公司,中信证券股份有限公司,股票型ETF,主题指数ETF,950180.SH,,,,,,
2024-08-12,588930.SH,科创板AI,20250114,上证科创板人工智能指数,上证科创板人工智能指数收益率,银华基金管理股份有限公司,中信证券股份有限公司,股票型ETF,主题指数ETF,950180.SH,,,,,,
2024-08-13,588930.SH,科创板AI,20250114,上证科创板人工智能指数,上证科创板人工智能指数收益率,银华基金管理股份有限公司,中信证券股份有限公司,股票型ETF,主题指数ETF,950180.SH,,,,,,
2024-08-14,588930.SH,科创板AI,20250114,上证科创板人工智能指数,上证科创板人工智能指数收益率,银华基金管理股份有限公司,中信证券股份有限公司,股票型ETF,主题指数ETF,950180.SH,,,,,,
2024-08-15,588930.SH,科创板AI,20250114,上证科创板人工智能指数,上证科创板人工智能指数收益率,银华基金管理股份有限公司,中信证券股份有限公司,股票型ETF,主题指数ETF,950180.SH,,,,,,
2024-08-16,588930.SH,科创板AI,20250114,上证科创板人工智能指数,上证科创板人工智能指数收益率,银华基金管理股份有限公司,中信证券股份有限公司,股票型ETF,主题指数ETF,950180.SH,,,,,,
2024-08-19,588930.SH,科创板AI,20250114,上证科创板人工智能指数,上证科创板人工智能指数收益率,银华基金管理股份有限公司,中信证券股份有限公司,股票型ETF,主题指数ETF,950180.SH,,,,,,
2024-08-20,588930.SH,科创板AI,20250114,上证科创板人工智能指数,上证科创板人工智能指数收益率,银华基金管理股份有限公司,中信证券股份有限公司,股票型ETF,主题指数ETF,950180.SH,,,,,,
2024-08-21,588930.SH,科创板AI,20250114,上证科创板人工智能指数,上证科创板人工智能指数收益率,银华基金管理股份有限公司,中信证券股份有限公司,股票型ETF,主题指数ETF,950180.SH,,,,,,
2024-08-22,588930.SH,科创板AI,20250114,上证科创板人工智能指数,上证科创板人工智能指数收益率,银华基金管理股份有限公司,中信证券股份有限公司,股票型ETF,主题指数ETF,950180.SH,,,,,,
2024-08-23,588930.SH,科创板AI,20250114,上证科创板人工智能指数,上证科创板人工智能指数收益率,银华基金管理股份有限公司,中信证券股份有限公司,股票型ETF,主题指数ETF,950180.SH,,,,,,
2024-08-26,588930.SH,科创板AI,20250114,上证科创板人工智能指数,上证科创板人工智能指数收益率,银华基金管理股份有限公司,中信证券股份有限公司,股票型ETF,主题指数ETF,950180.SH,,,,,,
2024-08-27,588930.SH,科创板AI,20250114,上证科创板人工智能指数,上证科创板人工智能指数收益率,银华基金管理股份有限公司,中信证券股份有限公司,股票型ETF,主题指数ETF,950180.SH,,,,,,
2024-08-28,588930.SH,科创板AI,20250114,上证科创板人工智能指数,上证科创板人工智能指数收益率,银华基金管理股份有限公司,中信证券股份有限公司,股票型ETF,主题指数ETF,950180.SH,,,,,,
2024-08-29,588930.SH,科创板AI,20250114,上证科创板人工智能指数,上证科创板人工智能指数收益率,银华基金管理股份有限公司,中信证券股份有限公司,股票型ETF,主题指数ETF,950180.SH,,,,,,
2024-08-30,588930.SH,科创板AI,20250114,上证科创板人工智能指数,上证科创板人工智能指数收益率,银华基金管理股份有限公司,中信证券股份有限公司,股票型ETF,主题指数ETF,950180.SH,,,,,,
2024-09-02,588930.SH,科创板AI,20250114,上证科创板人工智能指数,上证科创板人工智能指数收益率,银华基金管理股份有限公司,中信证券股份有限公司,股票型ETF,主题指数ETF,950180.SH,,,,,,
2024-09-03,588930.SH,科创板AI,20250114,上证科创板人工智能指数,上证科创板人工智能指数收益率,银华基金管理股份有限公司,中信证券股份有限公司,股票型ETF,主题指数ETF,950180.SH,,,,,,
2024-09-04,588930.SH,科创板AI,20250114,上证科创板人工智能指数,上证科创板人工智能指数收益率,银华基金管理股份有限公司,中信证券股份有限公司,股票型ETF,主题指数ETF,950180.SH,,,,,,
2024-09-05,588930.SH,科创板AI,20250114,上证科创板人工智能指数,上证科创板人工智能指数收益率,银华基金管理股份有限公司,中信证券股份有限公司,股票型ETF,主题指数ETF,950180.SH,,,,,,
2024-09-06,588930.SH,科创板AI,20250114,上证科创板人工智能指数,上证科创板人工智能指数收益率,银华基金管理股份有限公司,中信证券股份有限公司,股票型ETF,主题指数ETF,950180.SH,,,,,,
2024-09-09,588930.SH,科创板AI,20250114,上证科创板人工智能指数,上证科创板人工智能指数收益率,银华基金管理股份有限公司,中信证券股份有限公司,股票型ETF,主题指数ETF,950180.SH,,,,,,
2024-09-10,588930.SH,科创板AI,20250114,上证科创板人工智能指数,上证科创板人工智能指数收益率,银华基金管理股份有限公司,中信证券股份有限公司,股票型ETF,主题指数ETF,950180.SH,,,,,,
2024-09-11,588930.SH,科创板AI,20250114,上证科创板人工智能指数,上证科创板人工智能指数收益率,银华基金管理股份有限公司,中信证券股份有限公司,股票型ETF,主题指数ETF,950180.SH,,,,,,
2024-09-12,588930.SH,科创板AI,20250114,上证科创板人工智能指数,上证科创板人工智能指数收益率,银华基金管理股份有限公司,中信证券股份有限公司,股票型ETF,主题指数ETF,950180.SH,,,,,,
2024-09-13,588930.SH,科创板AI,20250114,上证科创板人工智能指数,上证科创板人工智能指数收益率,银华基金管理股份有限公司,中信证券股份有限公司,股票型ETF,主题指数ETF,950180.SH,,,,,,
2024-09-18,588930.SH,科创板AI,20250114,上证科创板人工智能指数,上证科创板人工智能指数收益率,银华基金管理股份有限公司,中信证券股份有限公司,股票型ETF,主题指数ETF,950180.SH,,,,,,
2024-09-19,588930.SH,科创板AI,20250114,上证科创板人工智能指数,上证科创板人工智能指数收益率,银华基金管理股份有限公司,中信证券股份有限公司,股票型ETF,主题指数ETF,950180.SH,,,,,,
2024-09-20,588930.SH,科创板AI,20250114,上证科创板人工智能指数,上证科创板人工智能指数收益率,银华基金管理股份有限公司,中信证券股份有限公司,股票型ETF,主题指数ETF,950180.SH,,,,,,
2024-09-23,588930.SH,科创板AI,20250114,上证科创板人工智能指数,上证科创板人工智能指数收益率,银华基金管理股份有限公司,中信证券股份有限公司,股票型ETF,主题指数ETF,950180.SH,,,,,,
2024-09-24,588930.SH,科创板AI,20250114,上证科创板人工智能指数,上证科创板人工智能指数收益率,银华基金管理股份有限公司,中信证券股份有限公司,股票型ETF,主题指数ETF,950180.SH,,,,,,
2024-09-25,588930.SH,科创板AI,20250114,上证科创板人工智能指数,上证科创板人工智能指数收益率,银华基金管理股份有限公司,中信证券股份有限公司,股票型ETF,主题指数ETF,950180.SH,,,,,,
2024-09-26,588930.SH,科创板AI,20250114,上证科创板人工智能指数,上证科创板人工智能指数收益率,银华基金管理股份有限公司,中信证券股份有限公司,股票型ETF,主题指数ETF,950180.SH,,,,,,
2024-09-27,588930.SH,科创板AI,20250114,上证科创板人工智能指数,上证科创板人工智能指数收益率,银华基金管理股份有限公司,中信证券股份有限公司,股票型ETF,主题指数ETF,950180.SH,,,,,,
2024-09-30,588930.SH,科创板AI,20250114,上证科创板人工智能指数,上证科创板人工智能指数收益率,银华基金管理股份有限公司,中信证券股份有限公司,股票型ETF,主题指数ETF,950180.SH,,,,,,
2024-10-08,588930.SH,科创板AI,20250114,上证科创板人工智能指数,上证科创板人工智能指数收益率,银华基金管理股份有限公司,中信证券股份有限公司,股票型ETF,主题指数ETF,950180.SH,,,,,,
2024-10-09,588930.SH,科创板AI,20250114,上证科创板人工智能指数,上证科创板人工智能指数收益率,银华基金管理股份有限公司,中信证券股份有限公司,股票型ETF,主题指数ETF,950180.SH,,,,,,
2024-10-10,588930.SH,科创板AI,20250114,上证科创板人工智能指数,上证科创板人工智能指数收益率,银华基金管理股份有限公司,中信证券股份有限公司,股票型ETF,主题指数ETF,950180.SH,,,,,,
2024-10-11,588930.SH,科创板AI,20250114,上证科创板人工智能指数,上证科创板人工智能指数收益率,银华基金管理股份有限公司,中信证券股份有限公司,股票型ETF,主题指数ETF,950180.SH,,,,,,
2024-10-14,588930.SH,科创板AI,20250114,上证科创板人工智能指数,上证科创板人工智能指数收益率,银华基金管理股份有限公司,中信证券股份有限公司,股票型ETF,主题指数ETF,950180.SH,,,,,,
2024-10-15,588930.SH,科创板AI,20250114,上证科创板人工智能指数,上证科创板人工智能指数收益率,银华基金管理股份有限公司,中信证券股份有限公司,股票型ETF,主题指数ETF,950180.SH,,,,,,
2024-10-16,588930.SH,科创板AI,20250114,上证科创板人工智能指数,上证科创板人工智能指数收益率,银华基金管理股份有限公司,中信证券股份有限公司,股票型ETF,主题指数ETF,950180.SH,,,,,,
2024-10-17,588930.SH,科创板AI,20250114,上证科创板人工智能指数,上证科创板人工智能指数收益率,银华基金管理股份有限公司,中信证券股份有限公司,股票型ETF,主题指数ETF,950180.SH,,,,,,
2024-10-18,588930.SH,科创板AI,20250114,上证科创板人工智能指数,上证科创板人工智能指数收益率,银华基金管理股份有限公司,中信证券股份有限公司,股票型ETF,主题指数ETF,950180.SH,,,,,,
2024-10-21,588930.SH,科创板AI,20250114,上证科创板人工智能指数,上证科创板人工智能指数收益率,银华基金管理股份有限公司,中信证券股份有限公司,股票型ETF,主题指数ETF,950180.SH,,,,,,
2024-10-22,588930.SH,科创板AI,20250114,上证科创板人工智能指数,上证科创板人工智能指数收益率,银华基金管理股份有限公司,中信证券股份有限公司,股票型ETF,主题指数ETF,950180.SH,,,,,,
2024-10-23,588930.SH,科创板AI,20250114,上证科创板人工智能指数,上证科创板人工智能指数收益率,银华基金管理股份有限公司,中信证券股份有限公司,股票型ETF,主题指数ETF,950180.SH,,,,,,
2024-10-24,588930.SH,科创板AI,20250114,上证科创板人工智能指数,上证科创板人工智能指数收益率,银华基金管理股份有限公司,中信证券股份有限公司,股票型ETF,主题指数ETF,950180.SH,,,,,,
2024-10-25,588930.SH,科创板AI,20250114,上证科创板人工智能指数,上证科创板人工智能指数收益率,银华基金管理股份有限公司,中信证券股份有限公司,股票型ETF,主题指数ETF,950180.SH,,,,,,
2024-10-28,588930.SH,科创板AI,20250114,上证科创板人工智能指数,上证科创板人工智能指数收益率,银华基金管理股份有限公司,中信证券股份有限公司,股票型ETF,主题指数ETF,950180.SH,,,,,,
2024-10-29,588930.SH,科创板AI,20250114,上证科创板人工智能指数,上证科创板人工智能指数收益率,银华基金管理股份有限公司,中信证券股份有限公司,股票型ETF,主题指数ETF,950180.SH,,,,,,
2024-10-30,588930.SH,科创板AI,20250114,上证科创板人工智能指数,上证科创板人工智能指数收益率,银华基金管理股份有限公司,中信证券股份有限公司,股票型ETF,主题指数ETF,950180.SH,,,,,,
2024-10-31,588930.SH,科创板AI,20250114,上证科创板人工智能指数,上证科创板人工智能指数收益率,银华基金管理股份有限公司,中信证券股份有限公司,股票型ETF,主题指数ETF,950180.SH,,,,,,
2024-11-01,588930.SH,科创板AI,20250114,上证科创板人工智能指数,上证科创板人工智能指数收益率,银华基金管理股份有限公司,中信证券股份有限公司,股票型ETF,主题指数ETF,950180.SH,,,,,,
2024-11-04,588930.SH,科创板AI,20250114,上证科创板人工智能指数,上证科创板人工智能指数收益率,银华基金管理股份有限公司,中信证券股份有限公司,股票型ETF,主题指数ETF,950180.SH,,,,,,
2024-11-05,588930.SH,科创板AI,20250114,上证科创板人工智能指数,上证科创板人工智能指数收益率,银华基金管理股份有限公司,中信证券股份有限公司,股票型ETF,主题指数ETF,950180.SH,,,,,,
2024-11-06,588930.SH,科创板AI,20250114,上证科创板人工智能指数,上证科创板人工智能指数收益率,银华基金管理股份有限公司,中信证券股份有限公司,股票型ETF,主题指数ETF,950180.SH,,,,,,
2024-11-07,588930.SH,科创板AI,20250114,上证科创板人工智能指数,上证科创板人工智能指数收益率,银华基金管理股份有限公司,中信证券股份有限公司,股票型ETF,主题指数ETF,950180.SH,,,,,,
2024-11-08,588930.SH,科创板AI,20250114,上证科创板人工智能指数,上证科创板人工智能指数收益率,银华基金管理股份有限公司,中信证券股份有限公司,股票型ETF,主题指数ETF,950180.SH,,,,,,
2024-11-11,588930.SH,科创板AI,20250114,上证科创板人工智能指数,上证科创板人工智能指数收益率,银华基金管理股份有限公司,中信证券股份有限公司,股票型ETF,主题指数ETF,950180.SH,,,,,,
2024-11-12,588930.SH,科创板AI,20250114,上证科创板人工智能指数,上证科创板人工智能指数收益率,银华基金管理股份有限公司,中信证券股份有限公司,股票型ETF,主题指数ETF,950180.SH,,,,,,
2024-11-13,588930.SH,科创板AI,20250114,上证科创板人工智能指数,上证科创板人工智能指数收益率,银华基金管理股份有限公司,中信证券股份有限公司,股票型ETF,主题指数ETF,950180.SH,,,,,,
2024-11-14,588930.SH,科创板AI,20250114,上证科创板人工智能指数,上证科创板人工智能指数收益率,银华基金管理股份有限公司,中信证券股份有限公司,股票型ETF,主题指数ETF,950180.SH,,,,,,
2024-11-15,588930.SH,科创板AI,20250114,上证科创板人工智能指数,上证科创板人工智能指数收益率,银华基金管理股份有限公司,中信证券股份有限公司,股票型ETF,主题指数ETF,950180.SH,,,,,,
2024-11-18,588930.SH,科创板AI,20250114,上证科创板人工智能指数,上证科创板人工智能指数收益率,银华基金管理股份有限公司,中信证券股份有限公司,股票型ETF,主题指数ETF,950180.SH,,,,,,
2024-11-19,588930.SH,科创板AI,20250114,上证科创板人工智能指数,上证科创板人工智能指数收益率,银华基金管理股份有限公司,中信证券股份有限公司,股票型ETF,主题指数ETF,950180.SH,,,,,,
2024-11-20,588930.SH,科创板AI,20250114,上证科创板人工智能指数,上证科创板人工智能指数收益率,银华基金管理股份有限公司,中信证券股份有限公司,股票型ETF,主题指数ETF,950180.SH,,,,,,
2024-11-21,588930.SH,科创板AI,20250114,上证科创板人工智能指数,上证科创板人工智能指数收益率,银华基金管理股份有限公司,中信证券股份有限公司,股票型ETF,主题指数ETF,950180.SH,,,,,,
2024-11-22,588930.SH,科创板AI,20250114,上证科创板人工智能指数,上证科创板人工智能指数收益率,银华基金管理股份有限公司,中信证券股份有限公司,股票型ETF,主题指数ETF,950180.SH,,,,,,
2024-11-25,588930.SH,科创板AI,20250114,上证科创板人工智能指数,上证科创板人工智能指数收益率,银华基金管理股份有限公司,中信证券股份有限公司,股票型ETF,主题指数ETF,950180.SH,,,,,,
2024-11-26,588930.SH,科创板AI,20250114,上证科创板人工智能指数,上证科创板人工智能指数收益率,银华基金管理股份有限公司,中信证券股份有限公司,股票型ETF,主题指数ETF,950180.SH,,,,,,
2024-11-27,588930.SH,科创板AI,20250114,上证科创板人工智能指数,上证科创板人工智能指数收益率,银华基金管理股份有限公司,中信证券股份有限公司,股票型ETF,主题指数ETF,950180.SH,,,,,,
2024-11-28,588930.SH,科创板AI,20250114,上证科创板人工智能指数,上证科创板人工智能指数收益率,银华基金管理股份有限公司,中信证券股份有限公司,股票型ETF,主题指数ETF,950180.SH,,,,,,
2024-11-29,588930.SH,科创板AI,20250114,上证科创板人工智能指数,上证科创板人工智能指数收益率,银华基金管理股份有限公司,中信证券股份有限公司,股票型ETF,主题指数ETF,950180.SH,,,,,,
2024-12-02,588930.SH,科创板AI,20250114,上证科创板人工智能指数,上证科创板人工智能指数收益率,银华基金管理股份有限公司,中信证券股份有限公司,股票型ETF,主题指数ETF,950180.SH,,,,,,
2024-12-03,588930.SH,科创板AI,20250114,上证科创板人工智能指数,上证科创板人工智能指数收益率,银华基金管理股份有限公司,中信证券股份有限公司,股票型ETF,主题指数ETF,950180.SH,,,,,,
2024-12-04,588930.SH,科创板AI,20250114,上证科创板人工智能指数,上证科创板人工智能指数收益率,银华基金管理股份有限公司,中信证券股份有限公司,股票型ETF,主题指数ETF,950180.SH,,,,,,
2024-12-05,588930.SH,科创板AI,20250114,上证科创板人工智能指数,上证科创板人工智能指数收益率,银华基金管理股份有限公司,中信证券股份有限公司,股票型ETF,主题指数ETF,950180.SH,,,,,,
2024-12-06,588930.SH,科创板AI,20250114,上证科创板人工智能指数,上证科创板人工智能指数收益率,银华基金管理股份有限公司,中信证券股份有限公司,股票型ETF,主题指数ETF,950180.SH,,,,,,
2024-12-09,588930.SH,科创板AI,20250114,上证科创板人工智能指数,上证科创板人工智能指数收益率,银华基金管理股份有限公司,中信证券股份有限公司,股票型ETF,主题指数ETF,950180.SH,,,,,,
2024-12-10,588930.SH,科创板AI,20250114,上证科创板人工智能指数,上证科创板人工智能指数收益率,银华基金管理股份有限公司,中信证券股份有限公司,股票型ETF,主题指数ETF,950180.SH,,,,,,
2024-12-11,588930.SH,科创板AI,20250114,上证科创板人工智能指数,上证科创板人工智能指数收益率,银华基金管理股份有限公司,中信证券股份有限公司,股票型ETF,主题指数ETF,950180.SH,,,,,,
2024-12-12,588930.SH,科创板AI,20250114,上证科创板人工智能指数,上证科创板人工智能指数收益率,银华基金管理股份有限公司,中信证券股份有限公司,股票型ETF,主题指数ETF,950180.SH,,,,,,
2024-12-13,588930.SH,科创板AI,20250114,上证科创板人工智能指数,上证科创板人工智能指数收益率,银华基金管理股份有限公司,中信证券股份有限公司,股票型ETF,主题指数ETF,950180.SH,,,,,,
2024-12-16,588930.SH,科创板AI,20250114,上证科创板人工智能指数,上证科创板人工智能指数收益率,银华基金管理股份有限公司,中信证券股份有限公司,股票型ETF,主题指数ETF,950180.SH,,,,,,
2024-12-17,588930.SH,科创板AI,20250114,上证科创板人工智能指数,上证科创板人工智能指数收益率,银华基金管理股份有限公司,中信证券股份有限公司,股票型ETF,主题指数ETF,950180.SH,,,,,,
2024-12-18,588930.SH,科创板AI,20250114,上证科创板人工智能指数,上证科创板人工智能指数收益率,银华基金管理股份有限公司,中信证券股份有限公司,股票型ETF,主题指数ETF,950180.SH,,,,,,
2024-12-19,588930.SH,科创板AI,20250114,上证科创板人工智能指数,上证科创板人工智能指数收益率,银华基金管理股份有限公司,中信证券股份有限公司,股票型ETF,主题指数ETF,950180.SH,,,,,,
2024-12-20,588930.SH,科创板AI,20250114,上证科创板人工智能指数,上证科创板人工智能指数收益率,银华基金管理股份有限公司,中信证券股份有限公司,股票型ETF,主题指数ETF,950180.SH,,,,,,
2024-12-23,588930.SH,科创板AI,20250114,上证科创板人工智能指数,上证科创板人工智能指数收益率,银华基金管理股份有限公司,中信证券股份有限公司,股票型ETF,主题指数ETF,950180.SH,,,,,,
2024-12-24,588930.SH,科创板AI,20250114,上证科创板人工智能指数,上证科创板人工智能指数收益率,银华基金管理股份有限公司,中信证券股份有限公司,股票型ETF,主题指数ETF,950180.SH,,,,,,
2024-12-25,588930.SH,科创板AI,20250114,上证科创板人工智能指数,上证科创板人工智能指数收益率,银华基金管理股份有限公司,中信证券股份有限公司,股票型ETF,主题指数ETF,950180.SH,,,,,,
2024-12-26,588930.SH,科创板AI,20250114,上证科创板人工智能指数,上证科创板人工智能指数收益率,银华基金管理股份有限公司,中信证券股份有限公司,股票型ETF,主题指数ETF,950180.SH,,,,,,
2024-12-27,588930.SH,科创板AI,20250114,上证科创板人工智能指数,上证科创板人工智能指数收益率,银华基金管理股份有限公司,中信证券股份有限公司,股票型ETF,主题指数ETF,950180.SH,,,,,,
2024-12-30,588930.SH,科创板AI,20250114,上证科创板人工智能指数,上证科创板人工智能指数收益率,银华基金管理股份有限公司,中信证券股份有限公司,股票型ETF,主题指数ETF,950180.SH,,,,,,
2024-12-31,588930.SH,科创板AI,20250114,上证科创板人工智能指数,上证科创板人工智能指数收益率,银华基金管理股份有限公司,中信证券股份有限公司,股票型ETF,主题指数ETF,950180.SH,,,,,,
2025-01-02,588930.SH,科创板AI,20250114,上证科创板人工智能指数,上证科创板人工智能指数收益率,银华基金管理股份有限公司,中信证券股份有限公司,股票型ETF,主题指数ETF,950180.SH,,,,,,
2025-01-03,588930.SH,科创板AI,20250114,上证科创板人工智能指数,上证科创板人工智能指数收益率,银华基金管理股份有限公司,中信证券股份有限公司,股票型ETF,主题指数ETF,950180.SH,,,,,,
2025-01-06,588930.SH,科创板AI,20250114,上证科创板人工智能指数,上证科创板人工智能指数收益率,银华基金管理股份有限公司,中信证券股份有限公司,股票型ETF,主题指数ETF,950180.SH,217329000.0,,,,,
2025-01-07,588930.SH,科创板AI,20250114,上证科创板人工智能指数,上证科创板人工智能指数收益率,银华基金管理股份有限公司,中信证券股份有限公司,股票型ETF,主题指数ETF,950180.SH,217329000.0,,,,,
2025-01-08,588930.SH,科创板AI,20250114,上证科创板人工智能指数,上证科创板人工智能指数收益率,银华基金管理股份有限公司,中信证券股份有限公司,股票型ETF,主题指数ETF,950180.SH,217329000.0,,,,,
2025-01-09,588930.SH,科创板AI,20250114,上证科创板人工智能指数,上证科创板人工智能指数收益率,银华基金管理股份有限公司,中信证券股份有限公司,股票型ETF,主题指数ETF,950180.SH,217329000.0,,,,,
2025-01-10,588930.SH,科创板AI,20250114,上证科创板人工智能指数,上证科创板人工智能指数收益率,银华基金管理股份有限公司,中信证券股份有限公司,股票型ETF,主题指数ETF,950180.SH,217329000.0,,,,,
2025-01-13,588930.SH,科创板AI,20250114,上证科创板人工智能指数,上证科创板人工智能指数收益率,银华基金管理股份有限公司,中信证券股份有限公司,股票型ETF,主题指数ETF,950180.SH,215459970.6,,,,,
2025-01-14,588930.SH,科创板AI,20250114,上证科创板人工智能指数,上证科创板人工智能指数收益率,银华基金管理股份有限公司,中信证券股份有限公司,股票型ETF,主题指数ETF,950180.SH,197910717.6,118488300,120007598,1.035,1.0128223461726,0.05800464
2025-01-15,588930.SH,科创板AI,20250114,上证科创板人工智能指数,上证科创板人工智能指数收益率,银华基金管理股份有限公司,中信证券股份有限公司,股票型ETF,主题指数ETF,950180.SH,171165113.7,58969900,60897735,1.032,1.0326918478749,-0.318748189
2025-01-16,588930.SH,科创板AI,20250114,上证科创板人工智能指数,上证科创板人工智能指数收益率,银华基金管理股份有限公司,中信证券股份有限公司,股票型ETF,主题指数ETF,950180.SH,136993546.7,41000800,42162622,1.013,1.0283365690426,0.069149462
2025-01-17,588930.SH,科创板AI,20250114,上证科创板人工智能指数,上证科创板人工智能指数收益率,银华基金管理股份有限公司,中信证券股份有限公司,股票型ETF,主题指数ETF,950180.SH,125211528.0,34408900,35133141,1.03,1.0210480718651,-0.19379845
2025-01-20,588930.SH,科创板AI,20250114,上证科创板人工智能指数,上证科创板人工智能指数收益率,银华基金管理股份有限公司,中信证券股份有限公司,股票型ETF,主题指数ETF,950180.SH,111171378.2,17039200,17659537,1.039,1.0364064627447,0.30893995
2025-01-21,588930.SH,科创板AI,20250114,上证科创板人工智能指数,上证科创板人工智能指数收益率,银华基金管理股份有限公司,中信证券股份有限公司,股票型ETF,主题指数ETF,950180.SH,109222529.1,29300600,31083567,1.078,1.0608508699481,0.009277298
2025-01-22,588930.SH,科创板AI,20250114,上证科创板人工智能指数,上证科创板人工智能指数收益率,银华基金管理股份有限公司,中信证券股份有限公司,股票型ETF,主题指数ETF,950180.SH,109333991.0,28366200,30397843,1.078,1.0716219655788,-0.092678406
2025-01-23,588930.SH,科创板AI,20250114,上证科创板人工智能指数,上证科创板人工智能指数收益率,银华基金管理股份有限公司,中信证券股份有限公司,股票型ETF,主题指数ETF,950180.SH,116402586.3,26357900,28615251,1.071,1.0856422932024,0.591715976
2025-01-24,588930.SH,科创板AI,20250114,上证科创板人工智能指数,上证科创板人工智能指数收益率,银华基金管理股份有限公司,中信证券股份有限公司,股票型ETF,主题指数ETF,950180.SH,121938653.7,29249300,31753783,1.097,1.0856253995822,0.155208619
2025-01-27,588930.SH,科创板AI,20250114,上证科创板人工智能指数,上证科创板人工智能指数收益率,银华基金管理股份有限公司,中信证券股份有限公司,股票型ETF,主题指数ETF,950180.SH,143075349.9,47048000,51344395,1.076,1.0913193972114,0.270245084
2025-02-05,588930.SH,科创板AI,20250114,上证科创板人工智能指数,上证科创板人工智能指数收益率,银华基金管理股份有限公司,中信证券股份有限公司,股票型ETF,主题指数ETF,950180.SH,177428774.4,57043100,64030206,1.118,1.1224881887555,0.395114943
2025-02-06,588930.SH,科创板AI,20250114,上证科创板人工智能指数,上证科创板人工智能指数收益率,银华基金管理股份有限公司,中信证券股份有限公司,股票型ETF,主题指数ETF,950180.SH,254860298.0,93617400,108535614,1.172,1.1593530048901,0.860585198
2025-02-07,588930.SH,科创板AI,20250114,上证科创板人工智能指数,上证科创板人工智能指数收益率,银华基金管理股份有限公司,中信证券股份有限公司,股票型ETF,主题指数ETF,950180.SH,323566870.2,112666800,134239612,1.187,1.1914744361249,0.270315932
2025-02-10,588930.SH,科创板AI,20250114,上证科创板人工智能指数,上证科创板人工智能指数收益率,银华基金管理股份有限公司,中信证券股份有限公司,股票型ETF,主题指数ETF,950180.SH,375463839.3,112512000,136712565,1.232,1.2150931900597,0.843087501
2025-02-11,588930.SH,科创板AI,20250114,上证科创板人工智能指数,上证科创板人工智能指数收益率,银华基金管理股份有限公司,中信证券股份有限公司,股票型ETF,主题指数ETF,950180.SH,419608164.9,104978500,127871442,1.208,1.2180726720233,-0.00827746
2025-02-12,588930.SH,科创板AI,20250114,上证科创板人工智能指数,上证科创板人工智能指数收益率,银华基金管理股份有限公司,中信证券股份有限公司,股票型ETF,主题指数ETF,950180.SH,429605101.2,85614499,103949120,1.224,1.2141532242103,0.098135427
2025-02-13,588930.SH,科创板AI,20250114,上证科创板人工智能指数,上证科创板人工智能指数收益率,银华基金管理股份有限公司,中信证券股份有限公司,股票型ETF,主题指数ETF,950180.SH,427457778.4,85027700,102496106,1.193,1.2054437083445,0.285810356
2025-02-14,588930.SH,科创板AI,20250114,上证科创板人工智能指数,上证科创板人工智能指数收益率,银华基金管理股份有限公司,中信证券股份有限公司,股票型ETF,主题指数ETF,950180.SH,407156103.0,90218000,108011001,1.207,1.1972222948857,0
2025-02-17,588930.SH,科创板AI,20250114,上证科创板人工智能指数,上证科创板人工智能指数收益率,银华基金管理股份有限公司,中信证券股份有限公司,股票型ETF,主题指数ETF,950180.SH,403861416.4,77504600,93640425,1.212,1.2081918363555,0.033014196
2025-02-18,588930.SH,科创板AI,20250114,上证科创板人工智能指数,上证科创板人工智能指数收益率,银华基金管理股份有限公司,中信证券股份有限公司,股票型ETF,主题指数ETF,950180.SH,419911869.4,69186900,82056798,1.177,1.1860163990582,0.718808831
2025-02-19,588930.SH,科创板AI,20250114,上证科创板人工智能指数,上证科创板人工智能指数收益率,银华基金管理股份有限公司,中信证券股份有限公司,股票型ETF,主题指数ETF,950180.SH,407965692.6,73424600,87920332,1.21,1.1974233703691,0.049611378
2025-02-20,588930.SH,科创板AI,20250114,上证科创板人工智能指数,上证科创板人工智能指数收益率,银华基金管理股份有限公司,中信证券股份有限公司,股票型ETF,主题指数ETF,950180.SH,385967262.7,60863700,73844680,1.217,1.2132795081469,0.057551591
2025-02-21,588930.SH,科创板AI,20250114,上证科创板人工智能指数,上证科创板人工智能指数收益率,银华基金管理股份有限公司,中信证券股份有限公司,股票型ETF,主题指数ETF,950180.SH,395817388.4,112631500,140678789,1.283,1.249018160994,0.265708034
2025-02-24,588930.SH,科创板AI,20250114,上证科创板人工智能指数,上证科创板人工智能指数收益率,银华基金管理股份有限公司,中信证券股份有限公司,股票型ETF,主题指数ETF,950180.SH,410819126.5,81807100,104647277,1.285,1.2791955343729,0.508408291
2025-02-25,588930.SH,科创板AI,20250114,上证科创板人工智能指数,上证科创板人工智能指数收益率,银华基金管理股份有限公司,中信证券股份有限公司,股票型ETF,主题指数ETF,950180.SH,439202358.0,96434200,124390478,1.305,1.2899000354646,0.230414747
2025-02-26,588930.SH,科创板AI,20250114,上证科创板人工智能指数,上证科创板人工智能指数收益率,银华基金管理股份有限公司,中信证券股份有限公司,股票型ETF,主题指数ETF,950180.SH,470810925.0,111854700,147346300,1.33,1.3173009270062,0.377358491
2025-02-27,588930.SH,科创板AI,20250114,上证科创板人工智能指数,上证科创板人工智能指数收益率,银华基金管理股份有限公司,中信证券股份有限公司,股票型ETF,主题指数ETF,950180.SH,532145825.4,110277100,146389424,1.336,1.3274689305395,0.255140327
2025-02-28,588930.SH,科创板AI,20250114,上证科创板人工智能指数,上证科创板人工智能指数收益率,银华基金管理股份有限公司,中信证券股份有限公司,股票型ETF,主题指数ETF,950180.SH,554285363.9,127967300,162548451,1.244,1.2702342786009,0.395448309
2025-03-03,588930.SH,科创板AI,20250114,上证科创板人工智能指数,上证科创板人工智能指数收益率,银华基金管理股份有限公司,中信证券股份有限公司,股票型ETF,主题指数ETF,950180.SH,552245387.8,95051000,116619124,1.219,1.2269110687946,0.065670662
2025-03-04,588930.SH,科创板AI,20250114,上证科创板人工智能指数,上证科创板人工智能指数收益率,银华基金管理股份有限公司,中信证券股份有限公司,股票型ETF,主题指数ETF,950180.SH,564797595.4,85872100,106798777,1.268,1.2436958802684,0.427688896
2025-03-05,588930.SH,科创板AI,20250114,上证科创板人工智能指数,上证科创板人工智能指数收益率,银华基金管理股份有限公司,中信证券股份有限公司,股票型ETF,主题指数ETF,950180.SH,593895112.2,90819200,116130294,1.284,1.278697610197,0.17163364
2025-03-06,588930.SH,科创板AI,20250114,上证科创板人工智能指数,上证科创板人工智能指数收益率,银华基金管理股份有限公司,中信证券股份有限公司,股票型ETF,主题指数ETF,950180.SH,606680359.6,114176000,150801358,1.335,1.3207798311379,0.195136596
2025-03-07,588930.SH,科创板AI,20250114,上证科创板人工智能指数,上证科创板人工智能指数收益率,银华基金管理股份有限公司,中信证券股份有限公司,股票型ETF,主题指数ETF,950180.SH,626818533.3,114346300,150383523,1.311,1.3151586277824,0.252351457
2025-03-10,588930.SH,科创板AI,20250114,上证科创板人工智能指数,上证科创板人工智能指数收益率,银华基金管理股份有限公司,中信证券股份有限公司,股票型ETF,主题指数ETF,950180.SH,627941813.4,75496100,98209943,1.306,1.3008611438207,0.107312586
2025-03-11,588930.SH,科创板AI,20250114,上证科创板人工智能指数,上证科创板人工智能指数收益率,银华基金管理股份有限公司,中信证券股份有限公司,股票型ETF,主题指数ETF,950180.SH,634599823.8,51733200,66805343,1.301,1.2913437212467,-0.092151743
2025-03-12,588930.SH,科创板AI,20250114,上证科创板人工智能指数,上证科创板人工智能指数收益率,银华基金管理股份有限公司,中信证券股份有限公司,股票型ETF,主题指数ETF,950180.SH,640856660.2,87348700,114182410,1.292,1.3072021678628,-0.139125058
2025-03-13,588930.SH,科创板AI,20250114,上证科创板人工智能指数,上证科创板人工智能指数收益率,银华基金管理股份有限公司,中信证券股份有限公司,股票型ETF,主题指数ETF,950180.SH,656946468.2,93447600,117637019,1.245,1.2588554334194,-0.064215765
2025-03-14,588930.SH,科创板AI,20250114,上证科创板人工智能指数,上证科创板人工智能指数收益率,银华基金管理股份有限公司,中信证券股份有限公司,股票型ETF,主题指数ETF,950180.SH,680849575.9,65981800,83069629,1.268,1.258977915122,0.071028332
2025-03-17,588930.SH,科创板AI,20250114,上证科创板人工智能指数,上证科创板人工智能指数收益率,银华基金管理股份有限公司,中信证券股份有限公司,股票型ETF,主题指数ETF,950180.SH,691331259.9,50808600,64016051,1.265,1.2599451864448,0.150423561
2025-03-18,588930.SH,科创板AI,20250114,上证科创板人工智能指数,上证科创板人工智能指数收益率,银华基金管理股份有限公司,中信证券股份有限公司,股票型ETF,主题指数ETF,950180.SH,709488330.4,47809000,61103078,1.279,1.2780664310067,0.109580463
2025-03-19,588930.SH,科创板AI,20250114,上证科创板人工智能指数,上证科创板人工智能指数收益率,银华基金管理股份有限公司,中信证券股份有限公司,股票型ETF,主题指数ETF,950180.SH,710448954.3,64723600,81789408,1.261,1.2636721072375,0.34216599
2025-03-20,588930.SH,科创板AI,20250114,上证科创板人工智能指数,上证科创板人工智能指数收益率,银华基金管理股份有限公司,中信证券股份有限公司,股票型ETF,主题指数ETF,950180.SH,701885781.6,48322200,60917114,1.253,1.2606444656907,0.207933461
2025-03-21,588930.SH,科创板AI,20250114,上证科创板人工智能指数,上证科创板人工智能指数收益率,银华基金管理股份有限公司,中信证券股份有限公司,股票型ETF,主题指数ETF,950180.SH,718919300.4,89213300,108506648,1.208,1.2162608938353,0.033123551
2025-03-24,588930.SH,科创板AI,20250114,上证科创板人工智能指数,上证科创板人工智能指数收益率,银华基金管理股份有限公司,中信证券股份有限公司,股票型ETF,主题指数ETF,950180.SH,721250732.4,60792500,73552356,1.221,1.2098919439076,0.444225074
2025-03-25,588930.SH,科创板AI,20250114,上证科创板人工智能指数,上证科创板人工智能指数收益率,银华基金管理股份有限公司,中信证券股份有限公司,股票型ETF,主题指数ETF,950180.SH,719684865.0,64485200,77092161,1.187,1.1955016189761,0.168776371
2025-03-26,588930.SH,科创板AI,20250114,上证科创板人工智能指数,上证科创板人工智能指数收益率,银华基金管理股份有限公司,中信证券股份有限公司,股票型ETF,主题指数ETF,950180.SH,718444173.2,34110900,40875585,1.192,1.1983144683957,0.10077259
2025-03-27,588930.SH,科创板AI,20250114,上证科创板人工智能指数,上证科创板人工智能指数收益率,银华基金管理股份有限公司,中信证券股份有限公司,股票型ETF,主题指数ETF,950180.SH,719157432.0,67947900,82159613,1.21,1.2091560298405,0.165562914
2025-03-28,588930.SH,科创板AI,20250114,上证科创板人工智能指数,上证科创板人工智能指数收益率,银华基金管理股份有限公司,中信证券股份有限公司,股票型ETF,主题指数ETF,950180.SH,714345751.1,49699500,59777489,1.197,1.2027784786567,0.091980935
2025-03-31,588930.SH,科创板AI,20250114,上证科创板人工智能指数,上证科创板人工智能指数收益率,银华基金管理股份有限公司,中信证券股份有限公司,股票型ETF,主题指数ETF,950180.SH,728881764.9,50765100,60534493,1.209,1.1924430957489,0.074497144
2025-04-01,588930.SH,科创板AI,20250114,上证科创板人工智能指数,上证科创板人工智能指数收益率,银华基金管理股份有限公司,中信证券股份有限公司,股票型ETF,主题指数ETF,950180.SH,739788490.5,55592100,66899334,1.195,1.2033964178363,0.041858518
2025-04-02,588930.SH,科创板AI,20250114,上证科创板人工智能指数,上证科创板人工智能指数收益率,银华基金管理股份有限公司,中信证券股份有限公司,股票型ETF,主题指数ETF,950180.SH,734272095.7,33652300,40274834,1.195,1.1967929086571,0.14246208
2025-04-03,588930.SH,科创板AI,20250114,上证科创板人工智能指数,上证科创板人工智能指数收益率,银华基金管理股份有限公司,中信证券股份有限公司,股票型ETF,主题指数ETF,950180.SH,743300311.0,72713900,84840049,1.16,1.1667652127035,0.086281277
2025-04-07,588930.SH,科创板AI,20250114,上证科创板人工智能指数,上证科创板人工智能指数收益率,银华基金管理股份有限公司,中信证券股份有限公司,股票型ETF,主题指数ETF,950180.SH,655263467.1,116856700,120352683,1.001,1.0299168383156,0.110011001
2025-04-08,588930.SH,科创板AI,20250114,上证科创板人工智能指数,上证科创板人工智能指数收益率,银华基金管理股份有限公司,中信证券股份有限公司,股票型ETF,主题指数ETF,950180.SH,666713484.8,97240100,98512356,1.009,1.0130836558169,-0.217563291
2025-04-09,588930.SH,科创板AI,20250114,上证科创板人工智能指数,上证科创板人工智能指数收益率,银华基金管理股份有限公司,中信证券股份有限公司,股票型ETF,主题指数ETF,950180.SH,676653442.2,99969400,102881987,1.051,1.0291347852443,-0.076060087
2025-04-10,588930.SH,科创板AI,20250114,上证科创板人工智能指数,上证科创板人工智能指数收益率,银华基金管理股份有限公司,中信证券股份有限公司,股票型ETF,主题指数ETF,950180.SH,705985931.7,88062300,95721207,1.076,1.0869714622489,-0.12067205
2025-04-11,588930.SH,科创板AI,20250114,上证科创板人工智能指数,上证科创板人工智能指数收益率,银华基金管理股份有限公司,中信证券股份有限公司,股票型ETF,主题指数ETF,950180.SH,703868702.1,84095800,92871851,1.117,1.1043577800556,0.1883577
2025-04-14,588930.SH,科创板AI,20250114,上证科创板人工智能指数,上证科创板人工智能指数收益率,银华基金管理股份有限公司,中信证券股份有限公司,股票型ETF,主题指数ETF,950180.SH,722768480.0,81244700,91349718,1.119,1.124377565552,-0.089285714
2025-04-15,588930.SH,科创板AI,20250114,上证科创板人工智能指数,上证科创板人工智能指数收益率,银华基金管理股份有限公司,中信证券股份有限公司,股票型ETF,主题指数ETF,950180.SH,717434730.7,48854800,54039789,1.108,1.1061305951513,-0.027068483
2025-04-16,588930.SH,科创板AI,20250114,上证科创板人工智能指数,上证科创板人工智能指数收益率,银华基金管理股份有限公司,中信证券股份有限公司,股票型ETF,主题指数ETF,950180.SH,724662808.2,50739400,56052400,1.106,1.1047115259542,0.018086453
2025-04-17,588930.SH,科创板AI,20250114,上证科创板人工智能指数,上证科创板人工智能指数收益率,银华基金管理股份有限公司,中信证券股份有限公司,股票型ETF,主题指数ETF,950180.SH,723284743.2,56893498,63940701,1.119,1.1238665796222,-0.160599572
2025-04-18,588930.SH,科创板AI,20250114,上证科创板人工智能指数,上证科创板人工智能指数收益率,银华基金管理股份有限公司,中信证券股份有限公司,股票型ETF,主题指数ETF,950180.SH,719261733.3,40565000,44908804,1.107,1.1070825588562,-0.063194006
2025-04-21,588930.SH,科创板AI,20250114,上证科创板人工智能指数,上证科创板人工智能指数收益率,银华基金管理股份有限公司,中信证券股份有限公司,股票型ETF,主题指数ETF,950180.SH,712391643.6,49101400,55056222,1.128,1.1212760124966,-0.035448423
2025-04-22,588930.SH,科创板AI,20250114,上证科创板人工智能指数,上证科创板人工智能指数收益率,银华基金管理股份有限公司,中信证券股份有限公司,股票型ETF,主题指数ETF,950180.SH,711445311.2,41250900,46086621,1.114,1.1172270423191,0.107836089
2025-04-23,588930.SH,科创板AI,20250114,上证科创板人工智能指数,上证科创板人工智能指数收益率,银华基金管理股份有限公司,中信证券股份有限公司,股票型ETF,主题指数ETF,950180.SH,711015904.2,45514300,51332802,1.129,1.1278389868679,-0.070808993
2025-04-24,588930.SH,科创板AI,20250114,上证科创板人工智能指数,上证科创板人工智能指数收益率,银华基金管理股份有限公司,中信证券股份有限公司,股票型ETF,主题指数ETF,950180.SH,709474642.8,37785200,42173237,1.113,1.1161311042419,-0.017966223
2025-04-25,588930.SH,科创板AI,20250114,上证科创板人工智能指数,上证科创板人工智能指数收益率,银华基金管理股份有限公司,中信证券股份有限公司,股票型ETF,主题指数ETF,950180.SH,712084640.2,39946000,44589562,1.115,1.1162459820758,0.107739271
2025-04-28,588930.SH,科创板AI,20250114,上证科创板人工智能指数,上证科创板人工智能指数收益率,银华基金管理股份有限公司,中信证券股份有限公司,股票型ETF,主题指数ETF,950180.SH,706478499.5,46124200,51414576,1.114,1.1146984879955,-0.134468848
2025-04-29,588930.SH,科创板AI,20250114,上证科创板人工智能指数,上证科创板人工智能指数收益率,银华基金管理股份有限公司,中信证券股份有限公司,股票型ETF,主题指数ETF,950180.SH,709379648.8,41613400,46602966,1.126,1.1199028678262,-0.106458481
2025-04-30,588930.SH,科创板AI,20250114,上证科创板人工智能指数,上证科创板人工智能指数收益率,银华基金管理股份有限公司,中信证券股份有限公司,股票型ETF,主题指数ETF,950180.SH,733473066.8,82515300,95319851,1.173,1.1551779003409,0.325008553
2025-05-06,588930.SH,科创板AI,20250114,上证科创板人工智能指数,上证科创板人工智能指数收益率,银华基金管理股份有限公司,中信证券股份有限公司,股票型ETF,主题指数ETF,950180.SH,771727516.5,68448700,80925410,1.191,1.1822782609458,0.21034918
2025-05-07,588930.SH,科创板AI,20250114,上证科创板人工智能指数,上证科创板人工智能指数收益率,银华基金管理股份有限公司,中信证券股份有限公司,股票型ETF,主题指数ETF,950180.SH,776368266.3,87022300,103785079,1.187,1.1926262463759,0.194141977
2025-05-08,588930.SH,科创板AI,20250114,上证科创板人工智能指数,上证科创板人工智能指数收益率,银华基金管理股份有限公司,中信证券股份有限公司,股票型ETF,主题指数ETF,950180.SH,800996823.9,62392300,73648812,1.181,1.1804150832715,0.161139852
2025-05-09,588930.SH,科创板AI,20250114,上证科创板人工智能指数,上证科创板人工智能指数收益率,银华基金管理股份有限公司,中信证券股份有限公司,股票型ETF,主题指数ETF,950180.SH,800462744.8,64981500,75130109,1.152,1.1561768965013,0.069492703
2025-05-12,588930.SH,科创板AI,20250114,上证科创板人工智能指数,上证科创板人工智能指数收益率,银华基金管理股份有限公司,中信证券股份有限公司,股票型ETF,主题指数ETF,950180.SH,816711724.8,56540200,65833613,1.172,1.1643682371127,0.068306011
2025-05-13,588930.SH,科创板AI,20250114,上证科创板人工智能指数,上证科创板人工智能指数收益率,银华基金管理股份有限公司,中信证券股份有限公司,股票型ETF,主题指数ETF,950180.SH,811170811.4,56884000,66879493,1.166,1.1757171260811,-0.05143151
2025-05-14,588930.SH,科创板AI,20250114,上证科创板人工智能指数,上证科创板人工智能指数收益率,银华基金管理股份有限公司,中信证券股份有限公司,股票型ETF,主题指数ETF,950180.SH,822907344.3,63011200,73690734,1.168,1.1694862818039,0.111425388
2025-05-15,588930.SH,科创板AI,20250114,上证科创板人工智能指数,上证科创板人工智能指数收益率,银华基金管理股份有限公司,中信证券股份有限公司,股票型ETF,主题指数ETF,950180.SH,814096893.3,60478600,69614649,1.147,1.1510625080607,-0.060991548
2025-05-16,588930.SH,科创板AI,20250114,上证科创板人工智能指数,上证科创板人工智能指数收益率,银华基金管理股份有限公司,中信证券股份有限公司,股票型ETF,主题指数ETF,950180.SH,816761705.0,46865400,53723864,1.146,1.1463438698912,0.087336245
2025-05-19,588930.SH,科创板AI,20250114,上证科创板人工智能指数,上证科创板人工智能指数收益率,银华基金管理股份有限公司,中信证券股份有限公司,股票型ETF,主题指数ETF,950180.SH,811483070.4,52716000,59724356,1.137,1.1329455193869,-0.052742616
2025-05-20,588930.SH,科创板AI,20250114,上证科创板人工智能指数,上证科创板人工智能指数收益率,银华基金管理股份有限公司,中信证券股份有限公司,股票型ETF,主题指数ETF,950180.SH,814309692.0,53687800,61494395,1.149,1.1454072433588,0.087108014
2025-05-21,588930.SH,科创板AI,20250114,上证科创板人工智能指数,上证科创板人工智能指数收益率,银华基金管理股份有限公司,中信证券股份有限公司,股票型ETF,主题指数ETF,950180.SH,812862486.8,50030000,57341517,1.152,1.1461426544074,0.243647755
2025-05-22,588930.SH,科创板AI,20250114,上证科创板人工智能指数,上证科创板人工智能指数收益率,银华基金管理股份有限公司,中信证券股份有限公司,股票型ETF,主题指数ETF,950180.SH,816153947.4,55857400,64433223,1.151,1.1535306512655,0.034764471
2025-05-23,588930.SH,科创板AI,20250114,上证科创板人工智能指数,上证科创板人工智能指数收益率,银华基金管理股份有限公司,中信证券股份有限公司,股票型ETF,主题指数ETF,950180.SH,823476454.0,74989100,85256694,1.128,1.1369211525408,0.177619893
2025-05-26,588930.SH,科创板AI,20250114,上证科创板人工智能指数,上证科创板人工智能指数收益率,银华基金管理股份有限公司,中信证券股份有限公司,股票型ETF,主题指数ETF,950180.SH,819481584.3,51539800,57939227,1.129,1.1241647619898,0.204135972
2025-05-27,588930.SH,科创板AI,20250114,上证科创板人工智能指数,上证科创板人工智能指数收益率,银华基金管理股份有限公司,中信证券股份有限公司,股票型ETF,主题指数ETF,950180.SH,818213991.3,44981300,50144071,1.109,1.114775940224,-0.063080112
2025-05-28,588930.SH,科创板AI,20250114,上证科创板人工智能指数,上证科创板人工智能指数收益率,银华基金管理股份有限公司,中信证券股份有限公司,股票型ETF,主题指数ETF,950180.SH,812799050.6,34178100,37973502,1.112,1.1110477762076,0.053985964
2025-05-29,588930.SH,科创板AI,20250114,上证科创板人工智能指数,上证科创板人工智能指数收益率,银华基金管理股份有限公司,中信证券股份有限公司,股票型ETF,主题指数ETF,950180.SH,831510033.2,50683400,57113947,1.13,1.1268767880608,-0.070746374
2025-05-30,588930.SH,科创板AI,20250114,上证科创板人工智能指数,上证科创板人工智能指数收益率,银华基金管理股份有限公司,中信证券股份有限公司,股票型ETF,主题指数ETF,950180.SH,835893858.4,59942000,66431037,1.11,1.1082552634213,0.036049027
2025-06-03,588930.SH,科创板AI,20250114,上证科创板人工智能指数,上证科创板人工智能指数收益率,银华基金管理股份有限公司,中信证券股份有限公司,股票型ETF,主题指数ETF,950180.SH,832085295.6,51643200,57841727,1.117,1.1200260053599,0.053744178
2025-06-04,588930.SH,科创板AI,20250114,上证科创板人工智能指数,上证科创板人工智能指数收益率,银华基金管理股份有限公司,中信证券股份有限公司,股票型ETF,主题指数ETF,950180.SH,849461352.3,51999700,58254678,1.119,1.120288732435,0.026816841
2025-06-05,588930.SH,科创板AI,20250114,上证科创板人工智能指数,上证科创板人工智能指数收益率,银华基金管理股份有限公司,中信证券股份有限公司,股票型ETF,主题指数ETF,950180.SH,845790095.9,72256700,81830847,1.15,1.1325018579592,0.252811438
2025-06-06,588930.SH,科创板AI,20250114,上证科创板人工智能指数,上证科创板人工智能指数收益率,银华基金管理股份有限公司,中信证券股份有限公司,股票型ETF,主题指数ETF,950180.SH,853341692.0,47958300,54953491,1.149,1.1458598615881,0.087108014
2025-06-09,588930.SH,科创板AI,20250114,上证科创板人工智能指数,上证科创板人工智能指数收益率,银华基金管理股份有限公司,中信证券股份有限公司,股票型ETF,主题指数ETF,950180.SH,851836193.7,54976100,63343354,1.155,1.1521980278703,-0.025967281
2025-06-10,588930.SH,科创板AI,20250114,上证科创板人工智能指数,上证科创板人工智能指数收益率,银华基金管理股份有限公司,中信证券股份有限公司,股票型ETF,主题指数ETF,950180.SH,844718581.7,65352300,73981316,1.127,1.1320384439415,-0.026612259
2025-06-11,588930.SH,科创板AI,20250114,上证科创板人工智能指数,上证科创板人工智能指数收益率,银华基金管理股份有限公司,中信证券股份有限公司,股票型ETF,主题指数ETF,950180.SH,860986966.1,60846700,69031103,1.131,1.1345085764717,0.008842515
2025-06-12,588930.SH,科创板AI,20250114,上证科创板人工智能指数,上证科创板人工智能指数收益率,银华基金管理股份有限公司,中信证券股份有限公司,股票型ETF,主题指数ETF,950180.SH,854165151.0,51695800,58205828,1.118,1.1259295339273,-0.089365505
2025-06-13,588930.SH,科创板AI,20250114,上证科创板人工智能指数,上证科创板人工智能指数收益率,银华基金管理股份有限公司,中信证券股份有限公司,股票型ETF,主题指数ETF,950180.SH,845519825.1,71569400,78987668,1.1,1.1036513929137,-0.17242944
2025-06-16,588930.SH,科创板AI,20250114,上证科创板人工智能指数,上证科创板人工智能指数收益率,银华基金管理股份有限公司,中信证券股份有限公司,股票型ETF,主题指数ETF,950180.SH,844394539.8,43475200,48020996,1.107,1.1045606690711,0.072319653
2025-06-17,588930.SH,科创板AI,20250114,上证科创板人工智能指数,上证科创板人工智能指数收益率,银华基金管理股份有限公司,中信证券股份有限公司,股票型ETF,主题指数ETF,950180.SH,842987639.4,47498200,52314782,1.1,1.1014055690531,0.127434917
2025-06-18,588930.SH,科创板AI,20250114,上证科创板人工智能指数,上证科创板人工智能指数收益率,银华基金管理股份有限公司,中信证券股份有限公司,股票型ETF,主题指数ETF,950180.SH,843780930.7,46445300,51178960,1.109,1.1019190316351,0.063159794
2025-06-19,588930.SH,科创板AI,20250114,上证科创板人工智能指数,上证科创板人工智能指数收益率,银华基金管理股份有限公司,中信证券股份有限公司,股票型ETF,主题指数ETF,950180.SH,837908805.6,59613300,66549426,1.11,1.1163519885663,0.32537961
2025-06-20,588930.SH,科创板AI,20250114,上证科创板人工智能指数,上证科创板人工智能指数收益率,银华基金管理股份有限公司,中信证券股份有限公司,股票型ETF,主题指数ETF,950180.SH,835928212.6,45269300,49644849,1.089,1.0966559898209,-0.036717459
2025-06-23,588930.SH,科创板AI,20250114,上证科创板人工智能指数,上证科创板人工智能指数收益率,银华基金管理股份有限公司,中信证券股份有限公司,股票型ETF,主题指数ETF,950180.SH,840370381.9,48453100,52543872,1.083,1.084427456654,0.175746924
2025-06-24,588930.SH,科创板AI,20250114,上证科创板人工智能指数,上证科创板人工智能指数收益率,银华基金管理股份有限公司,中信证券股份有限公司,股票型ETF,主题指数ETF,950180.SH,859374663.6,59783700,65989586,1.109,1.1038056527114,0.054132082
2025-06-25,588930.SH,科创板AI,20250114,上证科创板人工智能指数,上证科创板人工智能指数收益率,银华基金管理股份有限公司,中信证券股份有限公司,股票型ETF,主题指数ETF,950180.SH,875829320.6,86782200,97592674,1.142,1.1245701768335,0.052567023
2025-06-26,588930.SH,科创板AI,20250114,上证科创板人工智能指数,上证科创板人工智能指数收益率,银华基金管理股份有限公司,中信证券股份有限公司,股票型ETF,主题指数ETF,950180.SH,873088441.0,72247500,82386925,1.129,1.1403429184401,0
2025-06-27,588930.SH,科创板AI,20250114,上证科创板人工智能指数,上证科创板人工智能指数收益率,银华基金管理股份有限公司,中信证券股份有限公司,股票型ETF,主题指数ETF,950180.SH,882945394.7,58421900,66090774,1.126,1.13126711045,0.151205194
2025-06-30,588930.SH,科创板AI,20250114,上证科创板人工智能指数,上证科创板人工智能指数收益率,银华基金管理股份有限公司,中信证券股份有限公司,股票型ETF,主题指数ETF,950180.SH,991447023.6,144103400,165047078,1.151,1.1453378476844,0.226401951
2025-07-01,588930.SH,科创板AI,20250114,上证科创板人工智能指数,上证科创板人工智能指数收益率,银华基金管理股份有限公司,中信证券股份有限公司,股票型ETF,主题指数ETF,950180.SH,1002225083.4,69379700,78814908,1.138,1.1359937849256,0.29966508
2025-07-02,588930.SH,科创板AI,20250114,上证科创板人工智能指数,上证科创板人工智能指数收益率,银华基金管理股份有限公司,中信证券股份有限公司,股票型ETF,主题指数ETF,950180.SH,1029419502.1,83939500,93886801,1.116,1.1185056022492,0.098663557
2025-07-03,588930.SH,科创板AI,20250114,上证科创板人工智能指数,上证科创板人工智能指数收益率,银华基金管理股份有限公司,中信证券股份有限公司,股票型ETF,主题指数ETF,950180.SH,1043920696.9,42202100,47095478,1.117,1.1159510545684,0.080637936
2025-07-04,588930.SH,科创板AI,20250114,上证科创板人工智能指数,上证科创板人工智能指数收益率,银华基金管理股份有限公司,中信证券股份有限公司,股票型ETF,主题指数ETF,950180.SH,1047140933.3,61883700,68764185,1.108,1.111184124414,0.027083145
2025-07-07,588930.SH,科创板AI,20250114,上证科创板人工智能指数,上证科创板人工智能指数收益率,银华基金管理股份有限公司,中信证券股份有限公司,股票型ETF,主题指数ETF,950180.SH,1045891102.6,56398600,62010782,1.099,1.0995092431372,-0.036383482
2025-07-08,588930.SH,科创板AI,20250114,上证科创板人工智能指数,上证科创板人工智能指数收益率,银华基金管理股份有限公司,中信证券股份有限公司,股票型ETF,主题指数ETF,950180.SH,1041575932.8,82475300,92093478,1.124,1.1166188907467,0.071225071
2025-07-09,588930.SH,科创板AI,20250114,上证科创板人工智能指数,上证科创板人工智能指数收益率,银华基金管理股份有限公司,中信证券股份有限公司,股票型ETF,主题指数ETF,950180.SH,1031795209.5,72077700,80203154,1.107,1.1127318713,0.13568521
2025-07-10,588930.SH,科创板AI,20250114,上证科创板人工智能指数,上证科创板人工智能指数收益率,银华基金管理股份有限公司,中信证券股份有限公司,股票型ETF,主题指数ETF,950180.SH,1044831497.4,64801800,71445745,1.102,1.1025271674552,0.127203344
2025-07-11,588930.SH,科创板AI,20250114,上证科创板人工智能指数,上证科创板人工智能指数收益率,银华基金管理股份有限公司,中信证券股份有限公司,股票型ETF,主题指数ETF,950180.SH,1052245535.4,99174800,110647007,1.122,1.1156766335803,-0.053447354
2025-07-14,588930.SH,科创板AI,20250114,上证科创板人工智能指数,上证科创板人工智能指数收益率,银华基金管理股份有限公司,中信证券股份有限公司,股票型ETF,主题指数ETF,950180.SH,1042475651.4,67524600,76079560,1.127,1.1266939752327,0.035505059
2025-07-15,588930.SH,科创板AI,20250114,上证科创板人工智能指数,上证科创板人工智能指数收益率,银华基金管理股份有限公司,中信证券股份有限公司,股票型ETF,主题指数ETF,950180.SH,1030399312.8,93302500,105600338,1.142,1.1318060930843,-0.104968509
2025-07-16,588930.SH,科创板AI,20250114,上证科创板人工智能指数,上证科创板人工智能指数收益率,银华基金管理股份有限公司,中信证券股份有限公司,股票型ETF,主题指数ETF,950180.SH,1000423813.2,93736400,108309223,1.15,1.1554659982675,-0.069516858
2025-07-17,588930.SH,科创板AI,20250114,上证科创板人工智能指数,上证科创板人工智能指数收益率,银华基金管理股份有限公司,中信证券股份有限公司,股票型ETF,主题指数ETF,950180.SH,997079438.7,63700700,73396679,1.16,1.1522114984608,-0.025855382
2025-07-18,588930.SH,科创板AI,20250114,上证科创板人工智能指数,上证科创板人工智能指数收益率,银华基金管理股份有限公司,中信证券股份有限公司,股票型ETF,主题指数ETF,950180.SH,977371899.3,62020500,72148198,1.162,1.163295974718,0.025824223
2025-07-21,588930.SH,科创板AI,20250114,上证科创板人工智能指数,上证科创板人工智能指数收益率,银华基金管理股份有限公司,中信证券股份有限公司,股票型ETF,主题指数ETF,950180.SH,969661624.4,52490388,61063742,1.162,1.1633318846872,-0.137504297
2025-07-22,588930.SH,科创板AI,20250114,上证科创板人工智能指数,上证科创板人工智能指数收益率,银华基金管理股份有限公司,中信证券股份有限公司,股票型ETF,主题指数ETF,950180.SH,951027327.9,66778200,77193259,1.157,1.1559649556292,0.164487923
2025-07-23,588930.SH,科创板AI,20250114,上证科创板人工智能指数,上证科创板人工智能指数收益率,银华基金管理股份有限公司,中信证券股份有限公司,股票型ETF,主题指数ETF,950180.SH,948592037.4,73318600,85036539,1.162,1.159822187003,0.120627262
2025-07-24,588930.SH,科创板AI,20250114,上证科创板人工智能指数,上证科创板人工智能指数收益率,银华基金管理股份有限公司,中信证券股份有限公司,股票型ETF,主题指数ETF,950180.SH,971075404.9,78384800,91326813,1.17,1.1651087073004,0.162657307
2025-07-25,588930.SH,科创板AI,20250114,上证科创板人工智能指数,上证科创板人工智能指数收益率,银华基金管理股份有限公司,中信证券股份有限公司,股票型ETF,主题指数ETF,950180.SH,1014744723.3,133009400,158631885,1.219,1.1926366482369,0.106758643
2025-07-28,588930.SH,科创板AI,20250114,上证科创板人工智能指数,上证科创板人工智能指数收益率,银华基金管理股份有限公司,中信证券股份有限公司,股票型ETF,主题指数ETF,950180.SH,1033826112.9,127938700,155927090,1.221,1.2187640643527,0.073764446
2025-07-29,588930.SH,科创板AI,20250114,上证科创板人工智能指数,上证科创板人工智能指数收益率,银华基金管理股份有限公司,中信证券股份有限公司,股票型ETF,主题指数ETF,950180.SH,1033251188.1,104604600,129052934,1.248,1.2337214042212,-0.072063416
2025-07-30,588930.SH,科创板AI,20250114,上证科创板人工智能指数,上证科创板人工智能指数收益率,银华基金管理股份有限公司,中信证券股份有限公司,股票型ETF,主题指数ETF,950180.SH,1020766907.2,111928295,139063089,1.235,1.2424301558422,-0.145536869
2025-07-31,588930.SH,科创板AI,20250114,上证科创板人工智能指数,上证科创板人工智能指数收益率,银华基金管理股份有限公司,中信证券股份有限公司,股票型ETF,主题指数ETF,950180.SH,988434881.2,116845000,146315419,1.242,1.2522180581112,-0.064370776
2025-08-01,588930.SH,科创板AI,20250114,上证科创板人工智能指数,上证科创板人工智能指数收益率,银华基金管理股份有限公司,中信证券股份有限公司,股票型ETF,主题指数ETF,950180.SH,993127615.9,89203300,110049145,1.227,1.23368916845,-0.008149295
2025-08-04,588930.SH,科创板AI,20250114,上证科创板人工智能指数,上证科创板人工智能指数收益率,银华基金管理股份有限公司,中信证券股份有限公司,股票型ETF,主题指数ETF,950180.SH,1012632444.8,84706700,104636148,1.251,1.2352759344892,-0.015984655
2025-08-05,588930.SH,科创板AI,20250114,上证科创板人工智能指数,上证科创板人工智能指数收益率,银华基金管理股份有限公司,中信证券股份有限公司,股票型ETF,主题指数ETF,950180.SH,1008513506.7,78204300,97759318,1.252,1.2500504192225,-0.023955921
2025-08-06,588930.SH,科创板AI,20250114,上证科创板人工智能指数,上证科创板人工智能指数收益率,银华基金管理股份有限公司,中信证券股份有限公司,股票型ETF,主题指数ETF,950180.SH,1031443530.4,91621800,115686339,1.276,1.2626507992639,-0.125234815
2025-08-07,588930.SH,科创板AI,20250114,上证科创板人工智能指数,上证科创板人工智能指数收益率,银华基金管理股份有限公司,中信证券股份有限公司,股票型ETF,主题指数ETF,950180.SH,1025146364.2,89991700,114771439,1.269,1.2753558272596,-0.063002048
2025-08-08,588930.SH,科创板AI,20250114,上证科创板人工智能指数,上证科创板人工智能指数收益率,银华基金管理股份有限公司,中信证券股份有限公司,股票型ETF,主题指数ETF,950180.SH,1032633709.8,87994900,109581918,1.236,1.2453212402082,-0.016178612
2025-08-11,588930.SH,科创板AI,20250114,上证科创板人工智能指数,上证科创板人工智能指数收益率,银华基金管理股份有限公司,中信证券股份有限公司,股票型ETF,主题指数ETF,950180.SH,1072975884.6,88183300,110381790,1.257,1.2517312234856,-0.031811675
2025-08-12,588930.SH,科创板AI,20250114,上证科创板人工智能指数,上证科创板人工智能指数收益率,银华基金管理股份有限公司,中信证券股份有限公司,股票型ETF,主题指数ETF,950180.SH,1094954946.8,124615000,158513057,1.289,1.2720222846367,-0.015513497
2025-08-13,588930.SH,科创板AI,20250114,上证科创板人工智能指数,上证科创板人工智能指数收益率,银华基金管理股份有限公司,中信证券股份有限公司,股票型ETF,主题指数ETF,950180.SH,1120330630.3,149481605,193645899,1.301,1.2954496909503,0.023064504
2025-08-14,588930.SH,科创板AI,20250114,上证科创板人工智能指数,上证科创板人工智能指数收益率,银华基金管理股份有限公司,中信证券股份有限公司,股票型ETF,主题指数ETF,950180.SH,1092954384.0,131755456,172167646,1.295,1.3067211880774,-0.077160494
2025-08-15,588930.SH,科创板AI,20250114,上证科创板人工智能指数,上证科创板人工智能指数收益率,银华基金管理股份有限公司,中信证券股份有限公司,股票型ETF,主题指数ETF,950180.SH,1117369312.5,119286044,155414143,1.312,1.302869453865,-0.038095238
2025-08-18,588930.SH,科创板AI,20250114,上证科创板人工智能指数,上证科创板人工智能指数收益率,银华基金管理股份有限公司,中信证券股份有限公司,股票型ETF,主题指数ETF,950180.SH,1119809772.9,162937900,220076090,1.358,1.3506746435298,-0.154400412
2025-08-19,588930.SH,科创板AI,20250114,上证科创板人工智能指数,上证科创板人工智能指数收益率,银华基金管理股份有限公司,中信证券股份有限公司,股票型ETF,主题指数ETF,950180.SH,1125020649.9,119559900,164702199,1.372,1.3775705650473,-0.080110698
2025-08-20,588930.SH,科创板AI,20250114,上证科创板人工智能指数,上证科创板人工智能指数收益率,银华基金管理股份有限公司,中信证券股份有限公司,股票型ETF,主题指数ETF,950180.SH,1153511675.2,179048300,248877166,1.43,1.3900001619675,0.083986562
2025-08-21,588930.SH,科创板AI,20250114,上证科创板人工智能指数,上证科创板人工智能指数收益率,银华基金管理股份有限公司,中信证券股份有限公司,股票型ETF,主题指数ETF,950180.SH,1167398189.1,151286205,217484689,1.419,1.4375711850264,0.077579519
2025-08-22,588930.SH,科创板AI,20250114,上证科创板人工智能指数,上证科创板人工智能指数收益率,银华基金管理股份有限公司,中信证券股份有限公司,股票型ETF,主题指数ETF,950180.SH,1258293710.7,140545693,209516492,1.535,1.4907357708927,0.438395603
2025-08-25,588930.SH,科创板AI,20250114,上证科创板人工智能指数,上证科创板人工智能指数收益率,银华基金管理股份有限公司,中信证券股份有限公司,股票型ETF,主题指数ETF,950180.SH,1427074205.7,178953883,283281618,1.597,1.5829867072513,0.865281374
2025-08-26,588930.SH,科创板AI,20250114,上证科创板人工智能指数,上证科创板人工智能指数收益率,银华基金管理股份有限公司,中信证券股份有限公司,股票型ETF,主题指数ETF,950180.SH,1521310321.4,157250343,245822351,1.554,1.5632547841247,-0.167030708
2025-08-27,588930.SH,科创板AI,20250114,上证科创板人工智能指数,上证科创板人工智能指数收益率,银华基金管理股份有限公司,中信证券股份有限公司,股票型ETF,主题指数ETF,950180.SH,1837866482.7,333895065,544785764,1.604,1.631607714837,0.48236547
2025-08-28,588930.SH,科创板AI,20250114,上证科创板人工智能指数,上证科创板人工智能指数收益率,银华基金管理股份有限公司,中信证券股份有限公司,股票型ETF,主题指数ETF,950180.SH,2228719313.0,359937074,590445648,1.701,1.6404135351725,0.235710077
2025-08-29,588930.SH,科创板AI,20250114,上证科创板人工智能指数,上证科创板人工智能指数收益率,银华基金管理股份有限公司,中信证券股份有限公司,股票型ETF,主题指数ETF,950180.SH,2308954335.6,263813800,437573248,1.677,1.658644271073,0.035790981
2025-09-01,588930.SH,科创板AI,20250114,上证科创板人工智能指数,上证科创板人工智能指数收益率,银华基金管理股份有限公司,中信证券股份有限公司,股票型ETF,主题指数ETF,950180.SH,2366228519.2,231281000,384963449,1.665,1.6644836757019,0.012013455
2025-09-02,588930.SH,科创板AI,20250114,上证科创板人工智能指数,上证科创板人工智能指数收益率,银华基金管理股份有限公司,中信证券股份有限公司,股票型ETF,主题指数ETF,950180.SH,2391013138.9,226616100,369213936,1.612,1.6292484779325,-0.130103463
2025-09-03,588930.SH,科创板AI,20250114,上证科创板人工智能指数,上证科创板人工智能指数收益率,银华基金管理股份有限公司,中信证券股份有限公司,股票型ETF,主题指数ETF,950180.SH,2408292367.2,188309357,299834643,1.571,1.5922450576898,-0.367833587
2025-09-04,588930.SH,科创板AI,20250114,上证科创板人工智能指数,上证科创板人工智能指数收益率,银华基金管理股份有限公司,中信证券股份有限公司,股票型ETF,主题指数ETF,950180.SH,2207704294.5,173129900,261322007,1.465,1.5093984747869,-0.374022441
2025-09-05,588930.SH,科创板AI,20250114,上证科创板人工智能指数,上证科创板人工智能指数收益率,银华基金管理股份有限公司,中信证券股份有限公司,股票型ETF,主题指数ETF,950180.SH,2236356128.9,123365612,183251331,1.514,1.4854328368265,-0.662686175
2025-09-08,588930.SH,科创板AI,20250114,上证科创板人工智能指数,上证科创板人工智能指数收益率,银华基金管理股份有限公司,中信证券股份有限公司,股票型ETF,主题指数ETF,950180.SH,2212973277.4,67688178,101911891,1.515,1.5056084239703,-0.368275681
2025-09-09,588930.SH,科创板AI,20250114,上证科创板人工智能指数,上证科创板人工智能指数收益率,银华基金管理股份有限公司,中信证券股份有限公司,股票型ETF,主题指数ETF,950180.SH,2181247105.2,52887700,79419027,1.49,1.5016540140713,-0.587136376
2025-09-10,588930.SH,科创板AI,20250114,上证科创板人工智能指数,上证科创板人工智能指数收益率,银华基金管理股份有限公司,中信证券股份有限公司,股票型ETF,主题指数ETF,950180.SH,2210809465.7,83191000,126008878,1.512,1.5146936327247,-0.741810543
2025-09-11,588930.SH,科创板AI,20250114,上证科创板人工智能指数,上证科创板人工智能指数收益率,银华基金管理股份有限公司,中信证券股份有限公司,股票型ETF,主题指数ETF,950180.SH,2285078472.8,116670539,181076588,1.577,1.5520335257901,-0.391611925
2025-09-12,588930.SH,科创板AI,20250114,上证科创板人工智能指数,上证科创板人工智能指数收益率,银华基金管理股份有限公司,中信证券股份有限公司,股票型ETF,主题指数ETF,950180.SH,2249137774.8,196294676,318395675,1.623,1.6220290916092,0.111028868
2025-09-15,588930.SH,科创板AI,20250114,上证科创板人工智能指数,上证科创板人工智能指数收益率,银华基金管理股份有限公司,中信证券股份有限公司,股票型ETF,主题指数ETF,950180.SH,2120029770.1,175053470,281035917,1.608,1.6054289983512,0.068454789
2025-09-16,588930.SH,科创板AI,20250114,上证科创板人工智能指数,上证科创板人工智能指数收益率,银华基金管理股份有限公司,中信证券股份有限公司,股票型ETF,主题指数ETF,950180.SH,2101564592.5,112086451,182697585,1.634,1.6299702896294,0.091883614
2025-09-17,588930.SH,科创板AI,20250114,上证科创板人工智能指数,上证科创板人工智能指数收益率,银华基金管理股份有限公司,中信证券股份有限公司,股票型ETF,主题指数ETF,950180.SH,2077478718.9,92678700,151111096,1.634,1.6304835523157,-0.006119577
2025-09-18,588930.SH,科创板AI,20250114,上证科创板人工智能指数,上证科创板人工智能指数收益率,银华基金管理股份有限公司,中信证券股份有限公司,股票型ETF,主题指数ETF,950180.SH,2040043613.3,142143400,235378537,1.63,1.6559230819018,0.14130368
2025-09-19,588930.SH,科创板AI,20250114,上证科创板人工智能指数,上证科创板人工智能指数收益率,银华基金管理股份有限公司,中信证券股份有限公司,股票型ETF,主题指数ETF,950180.SH,2013163339.4,82953968,134529936,1.597,1.6217420244442,-0.100087577
2025-09-22,588930.SH,科创板AI,20250114,上证科创板人工智能指数,上证科创板人工智能指数收益率,银华基金管理股份有限公司,中信证券股份有限公司,股票型ETF,主题指数ETF,950180.SH,2080882382.4,125137600,206174029,1.668,1.6475785775019,0.144092219
2025-09-23,588930.SH,科创板AI,20250114,上证科创板人工智能指数,上证科创板人工智能指数收益率,银华基金管理股份有限公司,中信证券股份有限公司,股票型ETF,主题指数ETF,950180.SH,2129954752.2,125844300,205183331,1.64,1.6304539101096,-0.109635766
2025-09-24,588930.SH,科创板AI,20250114,上证科创板人工智能指数,上证科创板人工智能指数收益率,银华基金管理股份有限公司,中信证券股份有限公司,股票型ETF,主题指数ETF,950180.SH,2200147796.2,133121900,220870840,1.676,1.6591623166436,-0.107283347
2025-09-25,588930.SH,科创板AI,20250114,上证科创板人工智能指数,上证科创板人工智能指数收益率,银华基金管理股份有限公司,中信证券股份有限公司,股票型ETF,主题指数ETF,950180.SH,2242752622.5,114930461,195469384,1.701,1.7007622026331,-0.088105727
2025-09-26,588930.SH,科创板AI,20250114,上证科创板人工智能指数,上证科创板人工智能指数收益率,银华基金管理股份有限公司,中信证券股份有限公司,股票型ETF,主题指数ETF,950180.SH,2201957521.0,90442461,151491195,1.654,1.6750008052081,0.303214069
2025-09-29,588930.SH,科创板AI,20250114,上证科创板人工智能指数,上证科创板人工智能指数收益率,银华基金管理股份有限公司,中信证券股份有限公司,股票型ETF,主题指数ETF,950180.SH,2255999443.0,102740800,169084447,1.666,1.6457380806846,-0.059988002
2025-09-30,588930.SH,科创板AI,20250114,上证科创板人工智能指数,上证科创板人工智能指数收益率,银华基金管理股份有限公司,中信证券股份有限公司,股票型ETF,主题指数ETF,950180.SH,2325831219.4,113810900,194689450,1.72,1.7106397541887,0.081461655
2025-10-09,588930.SH,科创板AI,20250114,上证科创板人工智能指数,上证科创板人工智能指数收益率,银华基金管理股份有限公司,中信证券股份有限公司,股票型ETF,主题指数ETF,950180.SH,2330712535.7,138313100,243743013,1.753,1.7622554407355,-0.017110591
2025-10-10,588930.SH,科创板AI,20250114,上证科创板人工智能指数,上证科创板人工智能指数收益率,银华基金管理股份有限公司,中信证券股份有限公司,股票型ETF,主题指数ETF,950180.SH,2245103786.8,139089000,233710261,1.652,1.6802929131707,0.169779287
2025-10-13,588930.SH,科创板AI,20250114,上证科创板人工智能指数,上证科创板人工智能指数收益率,银华基金管理股份有限公司,中信证券股份有限公司,股票型ETF,主题指数ETF,950180.SH,2286901113.2,96966100,159866419,1.652,1.6486836017949,0.072692028
2025-10-14,588930.SH,科创板AI,20250114,上证科创板人工智能指数,上证科创板人工智能指数收益率,银华基金管理股份有限公司,中信证券股份有限公司,股票型ETF,主题指数ETF,950180.SH,2208618217.4,80418500,129940713,1.583,1.6158062261793,0.151841073
2025-10-15,588930.SH,科创板AI,20250114,上证科创板人工智能指数,上证科创板人工智能指数收益率,银华基金管理股份有限公司,中信证券股份有限公司,股票型ETF,主题指数ETF,950180.SH,2245575209.1,54781900,86448583,1.598,1.5780501041402,0.006258214
2025-10-16,588930.SH,科创板AI,20250114,上证科创板人工智能指数,上证科创板人工智能指数收益率,银华基金管理股份有限公司,中信证券股份有限公司,股票型ETF,主题指数ETF,950180.SH,2223780229.1,59634900,95051786,1.575,1.5938952861496,-0.18378858
2025-10-17,588930.SH,科创板AI,20250114,上证科创板人工智能指数,上证科创板人工智能指数收益率,银华基金管理股份有限公司,中信证券股份有限公司,股票型ETF,主题指数ETF,950180.SH,2125201437.6,83744400,128840256,1.518,1.5384939888518,0.237717908
2025-10-20,588930.SH,科创板AI,20250114,上证科创板人工智能指数,上证科创板人工智能指数收益率,银华基金管理股份有限公司,中信证券股份有限公司,股票型ETF,主题指数ETF,950180.SH,2132997194.7,53099300,81780206,1.525,1.5401371769496,0.045922719
2025-10-21,588930.SH,科创板AI,20250114,上证科创板人工智能指数,上证科创板人工智能指数收益率,银华基金管理股份有限公司,中信证券股份有限公司,股票型ETF,主题指数ETF,950180.SH,2167857732.6,82285900,127967430,1.569,1.5551562296821,-0.025487447
2025-10-22,588930.SH,科创板AI,20250114,上证科创板人工智能指数,上证科创板人工智能指数收益率,银华基金管理股份有限公司,中信证券股份有限公司,股票型ETF,主题指数ETF,950180.SH,2142880522.2,63527800,99377553,1.573,1.5643159844981,0.076345591
2025-10-23,588930.SH,科创板AI,20250114,上证科创板人工智能指数,上证科创板人工智能指数收益率,银华基金管理股份有限公司,中信证券股份有限公司,股票型ETF,主题指数ETF,950180.SH,2106339872.0,63544200,98371037,1.568,1.5480726329075,0
2025-10-24,588930.SH,科创板AI,20250114,上证科创板人工智能指数,上证科创板人工智能指数收益率,银华基金管理股份有限公司,中信证券股份有限公司,股票型ETF,主题指数ETF,950180.SH,2182862316.3,101864763,164428735,1.635,1.614186595614,0.018351991
2025-10-27,588930.SH,科创板AI,20250114,上证科创板人工智能指数,上证科创板人工智能指数收益率,银华基金管理股份有限公司,中信证券股份有限公司,股票型ETF,主题指数ETF,950180.SH,2190623781.6,91334800,149851568,1.651,1.6406842517857,0.036354823
2025-10-28,588930.SH,科创板AI,20250114,上证科创板人工智能指数,上证科创板人工智能指数收益率,银华基金管理股份有限公司,中信证券股份有限公司,股票型ETF,主题指数ETF,950180.SH,2123775550.9,105901600,174501009,1.641,1.6477655578386,-0.066987394
2025-10-29,588930.SH,科创板AI,20250114,上证科创板人工智能指数,上证科创板人工智能指数收益率,银华基金管理股份有限公司,中信证券股份有限公司,股票型ETF,主题指数ETF,950180.SH,2135577144.4,98200501,160409024,1.646,1.6334847823231,0.14602093
2025-10-30,588930.SH,科创板AI,20250114,上证科创板人工智能指数,上证科创板人工智能指数收益率,银华基金管理股份有限公司,中信证券股份有限公司,股票型ETF,主题指数ETF,950180.SH,2088853790.4,58462100,95410271,1.62,1.6320021176112,0.148367953
2025-10-31,588930.SH,科创板AI,20250114,上证科创板人工智能指数,上证科创板人工智能指数收益率,银华基金管理股份有限公司,中信证券股份有限公司,股票型ETF,主题指数ETF,950180.SH,2054453116.5,44121848,70417519,1.588,1.5959784594698,-0.031476235
2025-11-03,588930.SH,科创板AI,20250114,上证科创板人工智能指数,上证科创板人工智能指数收益率,银华基金管理股份有限公司,中信证券股份有限公司,股票型ETF,主题指数ETF,950180.SH,2022850780.2,54054594,84590601,1.573,1.5649104866091,-0.05083238
2025-11-04,588930.SH,科创板AI,20250114,上证科创板人工智能指数,上证科创板人工智能指数收益率,银华基金管理股份有限公司,中信证券股份有限公司,股票型ETF,主题指数ETF,950180.SH,2016497592.9,70982200,110128613,1.539,1.5514961920031,-0.071423934
2025-11-05,588930.SH,科创板AI,20250114,上证科创板人工智能指数,上证科创板人工智能指数收益率,银华基金管理股份有限公司,中信证券股份有限公司,股票型ETF,主题指数ETF,950180.SH,2014630326.3,61079800,92689874,1.525,1.5175209152617,0.019676002
2025-11-06,588930.SH,科创板AI,20250114,上证科创板人工智能指数,上证科创板人工智能指数收益率,银华基金管理股份有限公司,中信证券股份有限公司,股票型ETF,主题指数ETF,950180.SH,2107626754.7,81978000,126891735,1.566,1.5478754665886,0.108674807
2025-11-07,588930.SH,科创板AI,20250114,上证科创板人工智能指数,上证科创板人工智能指数收益率,银华基金管理股份有限公司,中信证券股份有限公司,股票型ETF,主题指数ETF,950180.SH,2068022044.9,58371500,89693637,1.531,1.5365998303967,0.189778156
2025-11-10,588930.SH,科创板AI,20250114,上证科创板人工智能指数,上证科创板人工智能指数收益率,银华基金管理股份有限公司,中信证券股份有限公司,股票型ETF,主题指数ETF,950180.SH,2056528844.1,67614400,102104033,1.511,1.510093012731,-0.125586622
2025-11-11,588930.SH,科创板AI,20250114,上证科创板人工智能指数,上证科创板人工智能指数收益率,银华基金管理股份有限公司,中信证券股份有限公司,股票型ETF,主题指数ETF,950180.SH,2028497219.1,67465000,101202177,1.487,1.5000693248351,-0.060487936
2025-11-12,588930.SH,科创板AI,20250114,上证科创板人工智能指数,上证科创板人工智能指数收益率,银华基金管理股份有限公司,中信证券股份有限公司,股票型ETF,主题指数ETF,950180.SH,2000626260.7,71311800,105186529,1.478,1.4750227732297,-0.02029358
2025-11-13,588930.SH,科创板AI,20250114,上证科创板人工智能指数,上证科创板人工智能指数收益率,银华基金管理股份有限公司,中信证券股份有限公司,股票型ETF,主题指数ETF,950180.SH,2000660164.5,80077716,119503755,1.502,1.4923471968157,0.099966678
2025-11-14,588930.SH,科创板AI,20250114,上证科创板人工智能指数,上证科创板人工智能指数收益率,银华基金管理股份有限公司,中信证券股份有限公司,股票型ETF,主题指数ETF,950180.SH,1938165805.8,55535800,81876670,1.461,1.4743043226171,0.054787015
2025-11-17,588930.SH,科创板AI,20250114,上证科创板人工智能指数,上证科创板人工智能指数收益率,银华基金管理股份有限公司,中信证券股份有限公司,股票型ETF,主题指数ETF,950180.SH,1949293893.2,45235700,66467264,1.471,1.4693541605413,0.013598042
2025-11-18,588930.SH,科创板AI,20250114,上证科创板人工智能指数,上证科创板人工智能指数收益率,银华基金管理股份有限公司,中信证券股份有限公司,股票型ETF,主题指数ETF,950180.SH,1968113565.0,52677200,78068664,1.484,1.4820200010631,-0.067340067
2025-11-19,588930.SH,科创板AI,20250114,上证科创板人工智能指数,上证科创板人工智能指数收益率,银华基金管理股份有限公司,中信证券股份有限公司,股票型ETF,主题指数ETF,950180.SH,1932957622.2,59434100,87996105,1.473,1.4805659545614,0.081532817
2025-11-20,588930.SH,科创板AI,20250114,上证科创板人工智能指数,上证科创板人工智能指数收益率,银华基金管理股份有限公司,中信证券股份有限公司,股票型ETF,主题指数ETF,950180.SH,1899810207.1,52676300,77555920,1.46,1.472311456955,0.006849784
2025-11-21,588930.SH,科创板AI,20250114,上证科创板人工智能指数,上证科创板人工智能指数收益率,银华基金管理股份有限公司,中信证券股份有限公司,股票型ETF,主题指数ETF,950180.SH,1838206831.5,52116599,74694114,1.423,1.4332115954074,-0.035124693
2025-11-24,588930.SH,科创板AI,20250114,上证科创板人工智能指数,上证科创板人工智能指数收益率,银华基金管理股份有限公司,中信证券股份有限公司,股票型ETF,主题指数ETF,950180.SH,1843615602.4,63945200,91339835,1.445,1.4284079962218,-0.041505257
2025-11-25,588930.SH,科创板AI,20250114,上证科创板人工智能指数,上证科创板人工智能指数收益率,银华基金管理股份有限公司,中信证券股份有限公司,股票型ETF,主题指数ETF,950180.SH,1876250281.5,73177100,108440050,1.474,1.4818850432717,0.033932813
2025-11-26,588930.SH,科创板AI,20250114,上证科创板人工智能指数,上证科创板人工智能指数收益率,银华基金管理股份有限公司,中信证券股份有限公司,股票型ETF,主题指数ETF,950180.SH,1880086217.8,79495000,118596644,1.489,1.4918755141833,0.053756216
2025-11-27,588930.SH,科创板AI,20250114,上证科创板人工智能指数,上证科创板人工智能指数收益率,银华基金管理股份有限公司,中信证券股份有限公司,股票型ETF,主题指数ETF,950180.SH,1847668447.7,72320800,108605614,1.48,1.5017203072975,-0.087760751
2025-11-28,588930.SH,科创板AI,20250114,上证科创板人工智能指数,上证科创板人工智能指数收益率,银华基金管理股份有限公司,中信证券股份有限公司,股票型ETF,主题指数ETF,950180.SH,1842963524.7,48977300,72759071,1.492,1.4855672117491,-0.153918223
2025-12-01,588930.SH,科创板AI,20250114,上证科创板人工智能指数,上证科创板人工智能指数收益率,银华基金管理股份有限公司,中信证券股份有限公司,股票型ETF,主题指数ETF,950180.SH,1847175024.6,53043200,79726010,1.518,1.5030392208615,0.039541321
2025-12-02,588930.SH,科创板AI,20250114,上证科创板人工智能指数,上证科创板人工智能指数收益率,银华基金管理股份有限公司,中信证券股份有限公司,股票型ETF,主题指数ETF,950180.SH,1799765340.3,50937800,76114860,1.493,1.4942706595102,0.154289931
2025-12-03,588930.SH,科创板AI,20250114,上证科创板人工智能指数,上证科创板人工智能指数收益率,银华基金管理股份有限公司,中信证券股份有限公司,股票型ETF,主题指数ETF,950180.SH,1775377294.5,43445900,64218855,1.47,1.4781338400171,-0.03400204
2025-12-04,588930.SH,科创板AI,20250114,上证科创板人工智能指数,上证科创板人工智能指数收益率,银华基金管理股份有限公司,中信证券股份有限公司,股票型ETF,主题指数ETF,950180.SH,1790532517.4,40952421,60112373,1.48,1.4678588355008,-0.040524112
2025-12-05,588930.SH,科创板AI,20250114,上证科创板人工智能指数,上证科创板人工智能指数收益率,银华基金管理股份有限公司,中信证券股份有限公司,股票型ETF,主题指数ETF,950180.SH,1795127967.6,37671800,55596995,1.483,1.4758252857575,-0.094314201
2025-12-08,588930.SH,科创板AI,20250114,上证科创板人工智能指数,上证科创板人工智能指数收益率,银华基金管理股份有限公司,中信证券股份有限公司,股票型ETF,主题指数ETF,950180.SH,1821612272.7,51428100,77398962,1.506,1.5049936124414,-0.019916351
2025-12-09,588930.SH,科创板AI,20250114,上证科创板人工智能指数,上证科创板人工智能指数收益率,银华基金管理股份有限公司,中信证券股份有限公司,股票型ETF,主题指数ETF,950180.SH,1791323916.9,54849000,82220936,1.495,1.4990416598297,-0.073524497
2025-12-10,588930.SH,科创板AI,20250114,上证科创板人工智能指数,上证科创板人工智能指数收益率,银华基金管理股份有限公司,中信证券股份有限公司,股票型ETF,主题指数ETF,950180.SH,1781230965.8,52835800,78186980,1.5,1.4798106586822,-0.013331556
2025-12-11,588930.SH,科创板AI,20250114,上证科创板人工智能指数,上证科创板人工智能指数收益率,银华基金管理股份有限公司,中信证券股份有限公司,股票型ETF,主题指数ETF,950180.SH,1740743046.9,48861200,72383310,1.468,1.481406719442,0.129595526
2025-12-12,588930.SH,科创板AI,20250114,上证科创板人工智能指数,上证科创板人工智能指数收益率,银华基金管理股份有限公司,中信证券股份有限公司,股票型ETF,主题指数ETF,950180.SH,1764217484.4,67066700,99474745,1.502,1.483221106749,-0.10641128
2025-12-15,588930.SH,科创板AI,20250114,上证科创板人工智能指数,上证科创板人工智能指数收益率,银华基金管理股份有限公司,中信证券股份有限公司,股票型ETF,主题指数ETF,950180.SH,1728843669.0,49837200,73430193,1.462,1.4734012544846,0.06844627
2025-12-16,588930.SH,科创板AI,20250114,上证科创板人工智能指数,上证科创板人工智能指数收益率,银华基金管理股份有限公司,中信证券股份有限公司,股票型ETF,主题指数ETF,950180.SH,1693516444.0,54522100,78746516,1.438,1.4443045297228,0.139275766
2025-12-17,588930.SH,科创板AI,20250114,上证科创板人工智能指数,上证科创板人工智能指数收益率,银华基金管理股份有限公司,中信证券股份有限公司,股票型ETF,主题指数ETF,950180.SH,1727263498.4,54309600,78729710,1.47,1.4496462872126,0.027218291
2025-12-18,588930.SH,科创板AI,20250114,上证科创板人工智能指数,上证科创板人工智能指数收益率,银华基金管理股份有限公司,中信证券股份有限公司,股票型ETF,主题指数ETF,950180.SH,1719865648.2,46641900,68659646,1.465,1.4720593715093,-0.054577705
2025-12-19,588930.SH,科创板AI,20250114,上证科创板人工智能指数,上证科创板人工智能指数收益率,银华基金管理股份有限公司,中信证券股份有限公司,股票型ETF,主题指数ETF,950180.SH,1714073291.1,56856100,83460871,1.456,1.4679316907069,0.006868604
2025-12-22,588930.SH,科创板AI,20250114,上证科创板人工智能指数,上证科创板人工智能指数收益率,银华基金管理股份有限公司,中信证券股份有限公司,股票型ETF,主题指数ETF,950180.SH,1721273643.0,41155100,60365016,1.466,1.4667687844277,-0.068166326
2025-12-23,588930.SH,科创板AI,20250114,上证科创板人工智能指数,上证科创板人工智能指数收益率,银华基金管理股份有限公司,中信证券股份有限公司,股票型ETF,主题指数ETF,950180.SH,1711169103.6,48411800,71308674,1.468,1.4729606005148,-0.027240534
2025-12-24,588930.SH,科创板AI,20250114,上证科创板人工智能指数,上证科创板人工智能指数收益率,银华基金管理股份有限公司,中信证券股份有限公司,股票型ETF,主题指数ETF,950180.SH,1714904545.5,61842800,91308622,1.489,1.4764632584553,-0.033568312
2025-12-25,588930.SH,科创板AI,20250114,上证科创板人工智能指数,上证科创板人工智能指数收益率,银华基金管理股份有限公司,中信证券股份有限公司,股票型ETF,主题指数ETF,950180.SH,1716022496.1,46088735,68677219,1.5,1.4901085699141,-0.059964022
2025-12-26,588930.SH,科创板AI,20250114,上证科创板人工智能指数,上证科创板人工智能指数收益率,银华基金管理股份有限公司,中信证券股份有限公司,股票型ETF,主题指数ETF,950180.SH,1711167868.8,57366635,86347438,1.507,1.5051856885104,-0.013269639
2025-12-29,588930.SH,科创板AI,20250114,上证科创板人工智能指数,上证科创板人工智能指数收益率,银华基金管理股份有限公司,中信证券股份有限公司,股票型ETF,主题指数ETF,950180.SH,1695323291.7,65627500,100408767,1.517,1.5299800693307,-0.019771963
2025-12-30,588930.SH,科创板AI,20250114,上证科创板人工智能指数,上证科创板人工智能指数收益率,银华基金管理股份有限公司,中信证券股份有限公司,股票型ETF,主题指数ETF,950180.SH,1692837684.7,58544200,89762444,1.534,1.5332423023972,-0.019552891
2025-12-31,588930.SH,科创板AI,20250114,上证科创板人工智能指数,上证科创板人工智能指数收益率,银华基金管理股份有限公司,中信证券股份有限公司,股票型ETF,主题指数ETF,950180.SH,1679687021.5,40586800,62275554,1.535,1.5343795026955,0.097815455
2026-01-05,588930.SH,科创板AI,20250114,上证科创板人工智能指数,上证科创板人工智能指数收益率,银华基金管理股份有限公司,中信证券股份有限公司,股票型ETF,主题指数ETF,950180.SH,1720232975.3,81429300,128812591,1.604,1.5818948584846,-0.105872828
2026-01-06,588930.SH,科创板AI,20250114,上证科创板人工智能指数,上证科创板人工智能指数收益率,银华基金管理股份有限公司,中信证券股份有限公司,股票型ETF,主题指数ETF,950180.SH,1688562918.9,87471900,141168176,1.634,1.6138688653156,-0.006119577
2026-01-07,588930.SH,科创板AI,20250114,上证科创板人工智能指数,上证科创板人工智能指数收益率,银华基金管理股份有限公司,中信证券股份有限公司,股票型ETF,主题指数ETF,950180.SH,1635125271.3,80119900,130456381,1.627,1.6282644012287,-0.165674664
2026-01-08,588930.SH,科创板AI,20250114,上证科创板人工智能指数,上证科创板人工智能指数收益率,银华基金管理股份有限公司,中信证券股份有限公司,股票型ETF,主题指数ETF,950180.SH,1613542460.4,82282100,135560884,1.649,1.6475136633606,0.084972081
2026-01-09,588930.SH,科创板AI,20250114,上证科创板人工智能指数,上证科创板人工智能指数收益率,银华基金管理股份有限公司,中信证券股份有限公司,股票型ETF,主题指数ETF,950180.SH,1612903924.2,117576400,197619372,1.71,1.6807741349454,0.011697275
2026-01-12,588930.SH,科创板AI,20250114,上证科创板人工智能指数,上证科创板人工智能指数收益率,银华基金管理股份有限公司,中信证券股份有限公司,股票型ETF,主题指数ETF,950180.SH,1717707776.1,136408700,243597082,1.843,1.7857884577743,1.21368554
2026-01-13,588930.SH,科创板AI,20250114,上证科创板人工智能指数,上证科创板人工智能指数收益率,银华基金管理股份有限公司,中信证券股份有限公司,股票型ETF,主题指数ETF,950180.SH,1679285950.8,125406100,226244792,1.766,1.8040971850652,0.045320644
2026-01-14,588930.SH,科创板AI,20250114,上证科创板人工智能指数,上证科创板人工智能指数收益率,银华基金管理股份有限公司,中信证券股份有限公司,股票型ETF,主题指数ETF,950180.SH,1748790016.4,167129024,304150910,1.822,1.8198569148588,0.574078163
2026-01-15,588930.SH,科创板AI,20250114,上证科创板人工智能指数,上证科创板人工智能指数收益率,银华基金管理股份有限公司,中信证券股份有限公司,股票型ETF,主题指数ETF,950180.SH,1753165336.5,110856224,196240329,1.77,1.7702238261336,0.084817642
2026-01-16,588930.SH,科创板AI,20250114,上证科创板人工智能指数,上证科创板人工智能指数收益率,银华基金管理股份有限公司,中信证券股份有限公司,股票型ETF,主题指数ETF,950180.SH,1869788626.5,123743423,219889203,1.78,1.7769768903193,0.084340737
2026-01-19,588930.SH,科创板AI,20250114,上证科创板人工智能指数,上证科创板人工智能指数收益率,银华基金管理股份有限公司,中信证券股份有限公司,股票型ETF,主题指数ETF,950180.SH,1861571066.0,65082124,114894365,1.758,1.76537515893,0.228050171
2026-01-20,588930.SH,科创板AI,20250114,上证科创板人工智能指数,上证科创板人工智能指数收益率,银华基金管理股份有限公司,中信证券股份有限公司,股票型ETF,主题指数ETF,950180.SH,1862440480.8,69026100,120319839,1.735,1.7431064336534,-0.011526049
2026-01-21,588930.SH,科创板AI,20250114,上证科创板人工智能指数,上证科创板人工智能指数收益率,银华基金管理股份有限公司,中信证券股份有限公司,股票型ETF,主题指数ETF,950180.SH,1871681018.7,92179100,163522482,1.78,1.7739648358467,-0.016851093
2026-01-22,588930.SH,科创板AI,20250114,上证科创板人工智能指数,上证科创板人工智能指数收益率,银华基金管理股份有限公司,中信证券股份有限公司,股票型ETF,主题指数ETF,950180.SH,1865532473.6,66203000,118434217,1.798,1.7889554400858,-0.022241993
2026-01-23,588930.SH,科创板AI,20250114,上证科创板人工智能指数,上证科创板人工智能指数收益率,银华基金管理股份有限公司,中信证券股份有限公司,股票型ETF,主题指数ETF,950180.SH,1863543262.2,76525300,138464999,1.832,1.8094015835286,0.010918223
2026-01-26,588930.SH,科创板AI,20250114,上证科创板人工智能指数,上证科创板人工智能指数收益率,银华基金管理股份有限公司,中信证券股份有限公司,股票型ETF,主题指数ETF,950180.SH,1807486362.3,66948506,122376979,1.807,1.8279269592663,-0.093990159
2026-01-27,588930.SH,科创板AI,20250114,上证科创板人工智能指数,上证科创板人工智能指数收益率,银华基金管理股份有限公司,中信证券股份有限公司,股票型ETF,主题指数ETF,950180.SH,1807902416.7,64092075,116071225,1.844,1.8110074451482,0.092275959
2026-01-28,588930.SH,科创板AI,20250114,上证科创板人工智能指数,上证科创板人工智能指数收益率,银华基金管理股份有限公司,中信证券股份有限公司,股票型ETF,主题指数ETF,950180.SH,1822518912.9,64217900,118147125,1.822,1.8397849353529,0.104389869
2026-01-29,588930.SH,科创板AI,20250114,上证科创板人工智能指数,上证科创板人工智能指数收益率,银华基金管理股份有限公司,中信证券股份有限公司,股票型ETF,主题指数ETF,950180.SH,1771954434.3,64974800,117852488,1.776,1.8138184034426,-0.039398886
2026-01-30,588930.SH,科创板AI,20250114,上证科创板人工智能指数,上证科创板人工智能指数收益率,银华基金管理股份有限公司,中信证券股份有限公司,股票型ETF,主题指数ETF,950180.SH,1754305555.0,49255625,87306304,1.793,1.7725143879506,-0.111420613
2026-02-02,588930.SH,科创板AI,20250114,上证科创板人工智能指数,上证科创板人工智能指数收益率,银华基金管理股份有限公司,中信证券股份有限公司,股票型ETF,主题指数ETF,950180.SH,1677273281.3,65846325,115185901,1.72,1.7493140429629,0.017444903
2026-02-03,588930.SH,科创板AI,20250114,上证科创板人工智能指数,上证科创板人工智能指数收益率,银华基金管理股份有限公司,中信证券股份有限公司,股票型ETF,主题指数ETF,950180.SH,1698830691.5,43800476,76385238,1.76,1.7439362531129,-0.198468954
2026-02-04,588930.SH,科创板AI,20250114,上证科创板人工智能指数,上证科创板人工智能指数收益率,银华基金管理股份有限公司,中信证券股份有限公司,股票型ETF,主题指数ETF,950180.SH,1648009668.8,41032000,69961258,1.708,1.7050413823357,0.046860356
2026-02-05,588930.SH,科创板AI,20250114,上证科创板人工智能指数,上证科创板人工智能指数收益率,银华基金管理股份有限公司,中信证券股份有限公司,股票型ETF,主题指数ETF,950180.SH,1611264085.4,33192512,55624992,1.671,1.675829536493,-0.095659452
2026-02-06,588930.SH,科创板AI,20250114,上证科创板人工智能指数,上证科创板人工智能指数收益率,银华基金管理股份有限公司,中信证券股份有限公司,股票型ETF,主题指数ETF,950180.SH,1590869273.4,33887512,56026484,1.642,1.6533076845535,-0.158093153
2026-02-09,588930.SH,科创板AI,20250114,上证科创板人工智能指数,上证科创板人工智能指数收益率,银华基金管理股份有限公司,中信证券股份有限公司,股票型ETF,主题指数ETF,950180.SH,1656251549.7,42580888,72356825,1.719,1.6992793809279,-0.017448962
2026-02-10,588930.SH,科创板AI,20250114,上证科创板人工智能指数,上证科创板人工智能指数收益率,银华基金管理股份有限公司,中信证券股份有限公司,股票型ETF,主题指数ETF,950180.SH,1672043733.1,45097600,78881071,1.755,1.749119044029,0.062717373
2026-02-11,588930.SH,科创板AI,20250114,上证科创板人工智能指数,上证科创板人工智能指数收益率,银华基金管理股份有限公司,中信证券股份有限公司,股票型ETF,主题指数ETF,950180.SH,1633211332.3,30950000,53936890,1.738,1.7427105008078,-0.040259964
2026-02-12,588930.SH,科创板AI,20250114,上证科创板人工智能指数,上证科创板人工智能指数收益率,银华基金管理股份有限公司,中信证券股份有限公司,股票型ETF,主题指数ETF,950180.SH,1663801624.2,51007800,90922211,1.808,1.7825158309121,-0.099458504
2026-02-13,588930.SH,科创板AI,20250114,上证科创板人工智能指数,上证科创板人工智能指数收益率,银华基金管理股份有限公司,中信证券股份有限公司,股票型ETF,主题指数ETF,950180.SH,1634935157.1,52731500,95886785,1.811,1.8183966888861,0.060776838
2026-02-24,588930.SH,科创板AI,20250114,上证科创板人工智能指数,上证科创板人工智能指数收益率,银华基金管理股份有限公司,中信证券股份有限公司,股票型ETF,主题指数ETF,950180.SH,1607002375.5,49043000,86564789,1.762,1.7650793997105,0.14208582
2026-02-25,588930.SH,科创板AI,20250114,上证科创板人工智能指数,上证科创板人工智能指数收益率,银华基金管理股份有限公司,中信证券股份有限公司,股票型ETF,主题指数ETF,950180.SH,1620991342.2,44051000,76478225,1.754,1.7361291457629,0.125585112
2026-02-26,588930.SH,科创板AI,20250114,上证科创板人工智能指数,上证科创板人工智能指数收益率,银华基金管理股份有限公司,中信证券股份有限公司,股票型ETF,主题指数ETF,950180.SH,1627460945.1,42311600,74554530,1.784,1.7620352338366,0.117851731
2026-02-27,588930.SH,科创板AI,20250114,上证科创板人工智能指数,上证科创板人工智能指数收益率,银华基金管理股份有限公司,中信证券股份有限公司,股票型ETF,主题指数ETF,950180.SH,1637857974.8,67416200,121725224,1.819,1.8055782438049,-0.120799473
2026-03-02,588930.SH,科创板AI,20250114,上证科创板人工智能指数,上证科创板人工智能指数收益率,银华基金管理股份有限公司,中信证券股份有限公司,股票型ETF,主题指数ETF,950180.SH,1586918667.6,51686200,93023707,1.784,1.7997784128065,-0.022416499
2026-03-03,588930.SH,科创板AI,20250114,上证科创板人工智能指数,上证科创板人工智能指数收益率,银华基金管理股份有限公司,中信证券股份有限公司,股票型ETF,主题指数ETF,950180.SH,1509101427.4,71328800,122759270,1.672,1.7210337199,0.083802227
2026-03-04,588930.SH,科创板AI,20250114,上证科创板人工智能指数,上证科创板人工智能指数收益率,银华基金管理股份有限公司,中信证券股份有限公司,股票型ETF,主题指数ETF,950180.SH,1494098664.3,41949200,69716773,1.648,1.6619333145805,0.07894577
2026-03-05,588930.SH,科创板AI,20250114,上证科创板人工智能指数,上证科创板人工智能指数收益率,银华基金管理股份有限公司,中信证券股份有限公司,股票型ETF,主题指数ETF,950180.SH,1525388832.1,41567600,69832955,1.686,1.6799852529374,0.065285774
2026-03-06,588930.SH,科创板AI,20250114,上证科创板人工智能指数,上证科创板人工智能指数收益率,银华基金管理股份有限公司,中信证券股份有限公司,股票型ETF,主题指数ETF,950180.SH,1542227951.5,30311600,51399157,1.703,1.6956926391217,-0.029351335
2026-03-09,588930.SH,科创板AI,20250114,上证科创板人工智能指数,上证科创板人工智能指数收益率,银华基金管理股份有限公司,中信证券股份有限公司,股票型ETF,主题指数ETF,950180.SH,1533176075.0,40463800,66393308,1.676,1.640807536613,0.059701493
2026-03-10,588930.SH,科创板AI,20250114,上证科创板人工智能指数,上证科创板人工智能指数收益率,银华基金管理股份有限公司,中信证券股份有限公司,股票型ETF,主题指数ETF,950180.SH,1553091899.5,36133100,61971295,1.715,1.7150838151169,-0.029146022
2026-03-11,588930.SH,科创板AI,20250114,上证科创板人工智能指数,上证科创板人工智能指数收益率,银华基金管理股份有限公司,中信证券股份有限公司,股票型ETF,主题指数ETF,950180.SH,1535210512.7,43371500,73132470,1.668,1.6861872427746,0.102022445
2026-03-12,588930.SH,科创板AI,20250114,上证科创板人工智能指数,上证科创板人工智能指数收益率,银华基金管理股份有限公司,中信证券股份有限公司,股票型ETF,主题指数ETF,950180.SH,1522258737.9,38424400,63493141,1.645,1.652417240087,-0.006078658
2026-03-13,588930.SH,科创板AI,20250114,上证科创板人工智能指数,上证科创板人工智能指数收益率,银华基金管理股份有限公司,中信证券股份有限公司,股票型ETF,主题指数ETF,950180.SH,1501395480.9,44954400,72915670,1.614,1.6219918406207,0.117858694
2026-03-16,588930.SH,科创板AI,20250114,上证科创板人工智能指数,上证科创板人工智能指数收益率,银华基金管理股份有限公司,中信证券股份有限公司,股票型ETF,主题指数ETF,950180.SH,1506953003.4,42817400,68205344,1.615,1.5929352085834,0.024773938
2026-03-17,588930.SH,科创板AI,20250114,上证科创板人工智能指数,上证科创板人工智能指数收益率,银华基金管理股份有限公司,中信证券股份有限公司,股票型ETF,主题指数ETF,950180.SH,1467753185.4,55474500,88452009,1.573,1.5944624827624,0.025435584
2026-03-18,588930.SH,科创板AI,20250114,上证科创板人工智能指数,上证科创板人工智能指数收益率,银华基金管理股份有限公司,中信证券股份有限公司,股票型ETF,主题指数ETF,950180.SH,1492443292.6,40760700,64748880,1.608,1.5885124642119,-0.08698894
2026-03-19,588930.SH,科创板AI,20250114,上证科创板人工智能指数,上证科创板人工智能指数收益率,银华基金管理股份有限公司,中信证券股份有限公司,股票型ETF,主题指数ETF,950180.SH,1456833236.1,42982100,67502372,1.563,1.5704763610898,0.134537767
2026-03-20,588930.SH,科创板AI,20250114,上证科创板人工智能指数,上证科创板人工智能指数收益率,银华基金管理股份有限公司,中信证券股份有限公司,股票型ETF,主题指数ETF,950180.SH,1427364601.2,46226400,71663253,1.521,1.5502667955973,-0.11820331
2026-03-23,588930.SH,科创板AI,20250114,上证科创板人工智能指数,上证科创板人工智能指数收益率,银华基金管理股份有限公司,中信证券股份有限公司,股票型ETF,主题指数ETF,950180.SH,1351087060.4,47256300,69647505,1.457,1.4738247598733,0.649350649
2026-03-24,588930.SH,科创板AI,20250114,上证科创板人工智能指数,上证科创板人工智能指数收益率,银华基金管理股份有限公司,中信证券股份有限公司,股票型ETF,主题指数ETF,950180.SH,1377156192.3,42055716,61216747,1.478,1.4556106237735,-0.047338879
2026-03-25,588930.SH,科创板AI,20250114,上证科创板人工智能指数,上证科创板人工智能指数收益率,银华基金管理股份有限公司,中信证券股份有限公司,股票型ETF,主题指数ETF,950180.SH,1387301822.5,32724900,49210138,1.503,1.5037521275848,0.03327787
2026-03-26,588930.SH,科创板AI,20250114,上证科创板人工智能指数,上证科创板人工智能指数收益率,银华基金管理股份有限公司,中信证券股份有限公司,股票型ETF,主题指数ETF,950180.SH,1344801366.8,33008600,48873566,1.468,1.4806312900274,-0.081677103
2026-03-27,588930.SH,科创板AI,20250114,上证科创板人工智能指数,上证科创板人工智能指数收益率,银华基金管理股份有限公司,中信证券股份有限公司,股票型ETF,主题指数ETF,950180.SH,1363272974.1,32409900,47856610,1.482,1.4766046794344,-0.060691888
2026-03-30,588930.SH,科创板AI,20250114,上证科创板人工智能指数,上证科创板人工智能指数收益率,银华基金管理股份有限公司,中信证券股份有限公司,股票型ETF,主题指数ETF,950180.SH,1343245307.5,21221300,30936392,1.469,1.457799098076,0.102214651
2026-03-31,588930.SH,科创板AI,20250114,上证科创板人工智能指数,上证科创板人工智能指数收益率,银华基金管理股份有限公司,中信证券股份有限公司,股票型ETF,主题指数ETF,950180.SH,1322914431.0,19533900,28487361,1.442,1.4583550135918,0.20847811
2026-04-01,588930.SH,科创板AI,20250114,上证科创板人工智能指数,上证科创板人工智能指数收益率,银华基金管理股份有限公司,中信证券股份有限公司,股票型ETF,主题指数ETF,950180.SH,1380838519.5,40189300,59682253,1.495,1.4850284279647,-0.033433634
2026-04-02,588930.SH,科创板AI,20250114,上证科创板人工智能指数,上证科创板人工智能指数收益率,银华基金管理股份有限公司,中信证券股份有限公司,股票型ETF,主题指数ETF,950180.SH,1330306943.1,40528900,58896745,1.446,1.4532036398718,0.145439435
2026-04-03,588930.SH,科创板AI,20250114,上证科创板人工智能指数,上证科创板人工智能指数收益率,银华基金管理股份有限公司,中信证券股份有限公司,股票型ETF,主题指数ETF,950180.SH,1332702398.5,22139700,32144205,1.446,1.4518807842925,-0.034566194
2026-04-07,588930.SH,科创板AI,20250114,上证科创板人工智能指数,上证科创板人工智能指数收益率,银华基金管理股份有限公司,中信证券股份有限公司,股票型ETF,主题指数ETF,950180.SH,1340933279.4,21617548,31751167,1.46,1.4687681970222,0.095982449
2026-04-08,588930.SH,科创板AI,20250114,上证科创板人工智能指数,上证科创板人工智能指数收益率,银华基金管理股份有限公司,中信证券股份有限公司,股票型ETF,主题指数ETF,950180.SH,1421399841.3,35695500,54727400,1.562,1.5331736493396,0.147464256
2026-04-09,588930.SH,科创板AI,20250114,上证科创板人工智能指数,上证科创板人工智能指数收益率,银华基金管理股份有限公司,中信证券股份有限公司,股票型ETF,主题指数ETF,950180.SH,1388677590.3,41071700,63520969,1.54,1.5465872851623,-0.045433894
2026-04-10,588930.SH,科创板AI,20250114,上证科创板人工智能指数,上证科创板人工智能指数收益率,银华基金管理股份有限公司,中信证券股份有限公司,股票型ETF,主题指数ETF,950180.SH,1317954561.2,96413700,151312076,1.562,1.5694043066494,-0.051190171
2026-04-13,588930.SH,科创板AI,20250114,上证科创板人工智能指数,上证科创板人工智能指数收益率,银华基金管理股份有限公司,中信证券股份有限公司,股票型ETF,主题指数ETF,950180.SH,1312513207.5,30660400,48140858,1.566,1.5701314399029,-0.09569378
2026-04-14,588930.SH,科创板AI,20250114,上证科创板人工智能指数,上证科创板人工智能指数收益率,银华基金管理股份有限公司,中信证券股份有限公司,股票型ETF,主题指数ETF,950180.SH,1338280590.9,26448800,42233822,1.603,1.5968142978131,0.056176269
2026-04-15,588930.SH,科创板AI,20250114,上证科创板人工智能指数,上证科创板人工智能指数收益率,银华基金管理股份有限公司,中信证券股份有限公司,股票型ETF,主题指数ETF,950180.SH,1323558900.9,37202500,59733788,1.591,1.6056390833949,-0.069091137
2026-04-16,588930.SH,科创板AI,20250114,上证科创板人工智能指数,上证科创板人工智能指数收益率,银华基金管理股份有限公司,中信证券股份有限公司,股票型ETF,主题指数ETF,950180.SH,1328935338.9,37900500,60713263,1.613,1.6019119272833,-0.068149433
2026-04-17,588930.SH,科创板AI,20250114,上证科创板人工智能指数,上证科创板人工智能指数收益率,银华基金管理股份有限公司,中信证券股份有限公司,股票型ETF,主题指数ETF,950180.SH,1319691519.4,35571157,57428225,1.618,1.6144604180291,-0.037069072
2026-04-20,588930.SH,科创板AI,20250114,上证科创板人工智能指数,上证科创板人工智能指数收益率,银华基金管理股份有限公司,中信证券股份有限公司,股票型ETF,主题指数ETF,950180.SH,1336282409.7,36192400,59399431,1.658,1.6412128236867,-0.078346291
2026-04-21,588930.SH,科创板AI,20250114,上证科创板人工智能指数,上证科创板人工智能指数收益率,银华基金管理股份有限公司,中信证券股份有限公司,股票型ETF,主题指数ETF,950180.SH,1317883859.6,38623100,62868490,1.63,1.6277432417388,-0.147022789
2026-04-22,588930.SH,科创板AI,20250114,上证科创板人工智能指数,上证科创板人工智能指数收益率,银华基金管理股份有限公司,中信证券股份有限公司,股票型ETF,主题指数ETF,950180.SH,1332401510.1,40254800,66313245,1.665,1.6473375845862,-0.113984042
2026-04-23,588930.SH,科创板AI,20250114,上证科创板人工智能指数,上证科创板人工智能指数收益率,银华基金管理股份有限公司,中信证券股份有限公司,股票型ETF,主题指数ETF,950180.SH,1300521980.8,36479300,60294861,1.633,1.6528513705033,-0.134540117
2026-04-24,588930.SH,科创板AI,20250114,上证科创板人工智能指数,上证科创板人工智能指数收益率,银华基金管理股份有限公司,中信证券股份有限公司,股票型ETF,主题指数ETF,950180.SH,1287237733.2,31659200,51426243,1.632,1.6243696303128,0.073583517
2026-04-27,588930.SH,科创板AI,20250114,上证科创板人工智能指数,上证科创板人工智能指数收益率,银华基金管理股份有限公司,中信证券股份有限公司,股票型ETF,主题指数ETF,950180.SH,1309406859.9,47164700,78194864,1.662,1.6579107680108,-0.066141543
2026-04-28,588930.SH,科创板AI,20250114,上证科创板人工智能指数,上证科创板人工智能指数收益率,银华基金管理股份有限公司,中信证券股份有限公司,股票型ETF,主题指数ETF,950180.SH,1261760432.8,58835400,96255215,1.625,1.636008508483,0.110892065
2026-04-29,588930.SH,科创板AI,20250114,上证科创板人工智能指数,上证科创板人工智能指数收益率,银华基金管理股份有限公司,中信证券股份有限公司,股票型ETF,主题指数ETF,950180.SH,1269299002.4,43646800,71391352,1.645,1.6356606211681,-0.036460865
2026-04-30,588930.SH,科创板AI,20250114,上证科创板人工智能指数,上证科创板人工智能指数收益率,银华基金管理股份有限公司,中信证券股份有限公司,股票型ETF,主题指数ETF,950180.SH,1304163837.9,75515200,129578952,1.743,1.7159320507659,-0.120336943
2026-05-06,588930.SH,科创板AI,20250114,上证科创板人工智能指数,上证科创板人工智能指数收益率,银华基金管理股份有限公司,中信证券股份有限公司,股票型ETF,主题指数ETF,950180.SH,1274926610.7,112937300,209037638,1.823,1.8509176153494,-0.28988678
2026-05-07,588930.SH,科创板AI,20250114,上证科创板人工智能指数,上证科创板人工智能指数收益率,银华基金管理股份有限公司,中信证券股份有限公司,股票型ETF,主题指数ETF,950180.SH,1242835589.7,82720400,153118391,1.877,1.8510354277784,-0.122385995
2026-05-08,588930.SH,科创板AI,20250114,上证科创板人工智能指数,上证科创板人工智能指数收益率,银华基金管理股份有限公司,中信证券股份有限公司,股票型ETF,主题指数ETF,950180.SH,1186274959.5,67510900,125164309,1.855,1.8539866747444,-0.026946915
2026-05-11,588930.SH,科创板AI,20250114,上证科创板人工智能指数,上证科创板人工智能指数收益率,银华基金管理股份有限公司,中信证券股份有限公司,股票型ETF,主题指数ETF,950180.SH,1224315035.0,71596900,136353355,1.914,1.9044589221042,-0.052219321
2026-05-12,588930.SH,科创板AI,20250114,上证科创板人工智能指数,上证科创板人工智能指数收益率,银华基金管理股份有限公司,中信证券股份有限公司,股票型ETF,主题指数ETF,950180.SH,1198451840.7,72531300,137390753,1.899,1.89422708541,0.036875099
2026-05-13,588930.SH,科创板AI,20250114,上证科创板人工智能指数,上证科创板人工智能指数收益率,银华基金管理股份有限公司,中信证券股份有限公司,股票型ETF,主题指数ETF,950180.SH,1201204846.5,57861400,110658987,1.957,1.9124837456404,-0.076589226
2026-05-14,588930.SH,科创板AI,20250114,上证科创板人工智能指数,上证科创板人工智能指数收益率,银华基金管理股份有限公司,中信证券股份有限公司,股票型ETF,主题指数ETF,950180.SH,1156354416.0,46952500,91300307,1.904,1.9445249347745,0
2026-05-15,588930.SH,科创板AI,20250114,上证科创板人工智能指数,上证科创板人工智能指数收益率,银华基金管理股份有限公司,中信证券股份有限公司,股票型ETF,主题指数ETF,950180.SH,1103295275.5,54558423,103196230,1.862,1.8914811742268,0.134444743
2026-05-18,588930.SH,科创板AI,20250114,上证科创板人工智能指数,上证科创板人工智能指数收益率,银华基金管理股份有限公司,中信证券股份有限公司,股票型ETF,主题指数ETF,950180.SH,1092952501.3,45445200,86184943,1.899,1.8964586579001,-0.036847923
2026-05-19,588930.SH,科创板AI,20250114,上证科创板人工智能指数,上证科创板人工智能指数收益率,银华基金管理股份有限公司,中信证券股份有限公司,股票型ETF,主题指数ETF,950180.SH,1092017350.3,73854200,141766168,1.983,1.919541041674,0.116120563
2026-05-20,588930.SH,科创板AI,20250114,上证科创板人工智能指数,上证科创板人工智能指数收益率,银华基金管理股份有限公司,中信证券股份有限公司,股票型ETF,主题指数ETF,950180.SH,1102383597.9,44415700,88129012,1.986,1.9841860423229,0.045337766
2026-05-21,588930.SH,科创板AI,20250114,上证科创板人工智能指数,上证科创板人工智能指数收益率,银华基金管理股份有限公司,中信证券股份有限公司,股票型ETF,主题指数ETF,950180.SH,1047970836.3,67121300,133315086,1.916,1.9861815250897,0.067895754
2026-05-22,588930.SH,科创板AI,20250114,上证科创板人工智能指数,上证科创板人工智能指数收益率,银华基金管理股份有限公司,中信证券股份有限公司,股票型ETF,主题指数ETF,950180.SH,1051421885.5,47327083,91743039,1.951,1.9384891944429,0.076942806
2026-05-25,588930.SH,科创板AI,20250114,上证科创板人工智能指数,上证科创板人工智能指数收益率,银华基金管理股份有限公司,中信证券股份有限公司,股票型ETF,主题指数ETF,950180.SH,1062711132.9,50683700,100155915,1.999,1.9760971476037,-0.05499725
2026-05-26,588930.SH,科创板AI,20250114,上证科创板人工智能指数,上证科创板人工智能指数收益率,银华基金管理股份有限公司,中信证券股份有限公司,股票型ETF,主题指数ETF,950180.SH,1036357214.5,50874000,99211169,1.952,1.950135019853,0.076903358
2026-05-27,588930.SH,科创板AI,20250114,上证科创板人工智能指数,上证科创板人工智能指数收益率,银华基金管理股份有限公司,中信证券股份有限公司,股票型ETF,主题指数ETF,950180.SH,1003396052.4,53129700,103308891,1.896,1.9444659201915,0.021101498
2026-05-28,588930.SH,科创板AI,20250114,上证科创板人工智能指数,上证科创板人工智能指数收益率,银华基金管理股份有限公司,中信证券股份有限公司,股票型ETF,主题指数ETF,950180.SH,996680080.5,46595600,87797946,1.901,1.8842540068161,-0.183775269
2026-05-29,588930.SH,科创板AI,20250114,上证科创板人工智能指数,上证科创板人工智能指数收益率,银华基金管理股份有限公司,中信证券股份有限公司,股票型ETF,主题指数ETF,950180.SH,952145242.4,65474800,120764759,1.806,1.844446397698,0.022153301
2026-06-01,588930.SH,科创板AI,20250114,上证科创板人工智能指数,上证科创板人工智能指数收益率,银华基金管理股份有限公司,中信证券股份有限公司,股票型ETF,主题指数ETF,950180.SH,918651726.6,41378300,74412641,1.755,1.7983494005312,-0.022786829
2026-06-02,588930.SH,科创板AI,20250114,上证科创板人工智能指数,上证科创板人工智能指数收益率,银华基金管理股份有限公司,中信证券股份有限公司,股票型ETF,主题指数ETF,950180.SH,921289646.0,35980901,63306809,1.777,1.7594559124576,0.169109357
2026-06-03,588930.SH,科创板AI,20250114,上证科创板人工智能指数,上证科创板人工智能指数收益率,银华基金管理股份有限公司,中信证券股份有限公司,股票型ETF,主题指数ETF,950180.SH,936468955.8,46883900,85284789,1.811,1.8190634524858,0.044194012
2026-06-04,588930.SH,科创板AI,20250114,上证科创板人工智能指数,上证科创板人工智能指数收益率,银华基金管理股份有限公司,中信证券股份有限公司,股票型ETF,主题指数ETF,950180.SH,928004463.2,42790800,77167952,1.802,1.8033771745328,0.06663705
2026-06-05,588930.SH,科创板AI,20250114,上证科创板人工智能指数,上证科创板人工智能指数收益率,银华基金管理股份有限公司,中信证券股份有限公司,股票型ETF,主题指数ETF,950180.SH,894161022.3,26624700,47051291,1.754,1.7672045506616,0.30308229
2026-06-08,588930.SH,科创板AI,20250114,上证科创板人工智能指数,上证科创板人工智能指数收益率,银华基金管理股份有限公司,中信证券股份有限公司,股票型ETF,主题指数ETF,950180.SH,881114752.8,27106500,46329091,1.701,1.7091506096324,-0.129168624
2026-06-09,588930.SH,科创板AI,20250114,上证科创板人工智能指数,上证科创板人工智能指数收益率,银华基金管理股份有限公司,中信证券股份有限公司,股票型ETF,主题指数ETF,950180.SH,901980348.7,20407000,35191944,1.75,1.7245035527025,-0.017139919
2026-06-10,588930.SH,科创板AI,20250114,上证科创板人工智能指数,上证科创板人工智能指数收益率,银华基金管理股份有限公司,中信证券股份有限公司,股票型ETF,主题指数ETF,950180.SH,878687477.9,21384700,36879853,1.701,1.7245906185263,-0.240455105
2026-06-11,588930.SH,科创板AI,20250114,上证科创板人工智能指数,上证科创板人工智能指数收益率,银华基金管理股份有限公司,中信证券股份有限公司,股票型ETF,主题指数ETF,950180.SH,865491417.0,21160300,35419498,1.666,1.673865587917,-0.418410042
2026-06-12,588930.SH,科创板AI,20250114,上证科创板人工智能指数,上证科创板人工智能指数收益率,银华基金管理股份有限公司,中信证券股份有限公司,股票型ETF,主题指数ETF,950180.SH,867383295.8,23864500,40689639,1.672,1.7050279285131,0.107771524
2026-06-15,588930.SH,科创板AI,20250114,上证科创板人工智能指数,上证科创板人工智能指数收益率,银华基金管理股份有限公司,中信证券股份有限公司,股票型ETF,主题指数ETF,950180.SH,913837099.8,27457000,47262341,1.746,1.721322103653,-0.011453442
2026-06-16,588930.SH,科创板AI,20250114,上证科创板人工智能指数,上证科创板人工智能指数收益率,银华基金管理股份有限公司,中信证券股份有限公司,股票型ETF,主题指数ETF,950180.SH,917602410.1,22608200,39613980,1.768,1.7521952212029,0.062255928
2026-06-17,588930.SH,科创板AI,20250114,上证科创板人工智能指数,上证科创板人工智能指数收益率,银华基金管理股份有限公司,中信证券股份有限公司,股票型ETF,主题指数ETF,950180.SH,938427503.0,27687300,49082057,1.807,1.7727281822352,0
2026-06-18,588930.SH,科创板AI,20250114,上证科创板人工智能指数,上证科创板人工智能指数收益率,银华基金管理股份有限公司,中信证券股份有限公司,股票型ETF,主题指数ETF,950180.SH,964622158.5,54550100,102221048,1.892,1.8738929534501,0.29154519
2026-06-22,588930.SH,科创板AI,20250114,上证科创板人工智能指数,上证科创板人工智能指数收益率,银华基金管理股份有限公司,中信证券股份有限公司,股票型ETF,主题指数ETF,950180.SH,968138494.0,54252400,101535109,1.888,1.8715321165515,0.106044539
2026-06-23,588930.SH,科创板AI,20250114,上证科创板人工智能指数,上证科创板人工智能指数收益率,银华基金管理股份有限公司,中信证券股份有限公司,股票型ETF,主题指数ETF,950180.SH,931253112.4,52678100,97798231,1.838,1.8565254061935,0.13074744
2026-06-24,588930.SH,科创板AI,20250114,上证科创板人工智能指数,上证科创板人工智能指数收益率,银华基金管理股份有限公司,中信证券股份有限公司,股票型ETF,主题指数ETF,950180.SH,943830976.2,46681200,86180254,1.894,1.846144786338,-0.200231847
2026-06-25,588930.SH,科创板AI,20250114,上证科创板人工智能指数,上证科创板人工智能指数收益率,银华基金管理股份有限公司,中信证券股份有限公司,股票型ETF,主题指数ETF,950180.SH,950856576.8,50919200,97941525,1.957,1.9234694378545,-0.112290731
2026-06-26,588930.SH,科创板AI,20250114,上证科创板人工智能指数,上证科创板人工智能指数收益率,银华基金管理股份有限公司,中信证券股份有限公司,股票型ETF,主题指数ETF,950180.SH,921831536.4,49286900,94060980,1.891,1.9084377390341,-0.03171918
2026-06-29,588930.SH,科创板AI,20250114,上证科创板人工智能指数,上证科创板人工智能指数收益率,银华基金管理股份有限公司,中信证券股份有限公司,股票型ETF,主题指数ETF,950180.SH,954011215.3,75344900,146682514,1.962,1.9468141042061,-0.188228112
2026-06-30,588930.SH,科创板AI,20250114,上证科创板人工智能指数,上证科创板人工智能指数收益率,银华基金管理股份有限公司,中信证券股份有限公司,股票型ETF,主题指数ETF,950180.SH,995851071.6,59741000,120445907,2.059,2.0161347650692,-0.067947971
2026-07-01,588930.SH,科创板AI,20250114,上证科创板人工智能指数,上证科创板人工智能指数收益率,银华基金管理股份有限公司,中信证券股份有限公司,股票型ETF,主题指数ETF,950180.SH,942742791.7,63457200,130711793,2.025,2.0598417988818,0.38169831
2026-07-02,588930.SH,科创板AI,20250114,上证科创板人工智能指数,上证科创板人工智能指数收益率,银华基金管理股份有限公司,中信证券股份有限公司,股票型ETF,主题指数ETF,950180.SH,887701038.6,48972000,95242010,1.89,1.9448258188353,0.350430073
2026-07-03,588930.SH,科创板AI,20250114,上证科创板人工智能指数,上证科创板人工智能指数收益率,银华基金管理股份有限公司,中信证券股份有限公司,股票型ETF,主题指数ETF,950180.SH,893455820.4,50620300,96007836,1.891,1.8966271634107,0.180122907
2026-07-06,588930.SH,科创板AI,20250114,上证科创板人工智能指数,上证科创板人工智能指数收益率,银华基金管理股份有限公司,中信证券股份有限公司,股票型ETF,主题指数ETF,950180.SH,874125262.5,48372200,90566558,1.86,1.8722852795614,-0.134228188
2026-07-07,588930.SH,科创板AI,20250114,上证科创板人工智能指数,上证科创板人工智能指数收益率,银华基金管理股份有限公司,中信证券股份有限公司,股票型ETF,主题指数ETF,950180.SH,871872483.3,44157000,83184745,1.86,1.8838405009398,0.123809011
2026-07-08,588930.SH,科创板AI,20250114,上证科创板人工智能指数,上证科创板人工智能指数收益率,银华基金管理股份有限公司,中信证券股份有限公司,股票型ETF,主题指数ETF,950180.SH,880442572.0,44883600,84810191,1.872,1.889558569277,0.214132762
2026-07-09,588930.SH,科创板AI,20250114,上证科创板人工智能指数,上证科创板人工智能指数收益率,银华基金管理股份有限公司,中信证券股份有限公司,股票型ETF,主题指数ETF,950180.SH,938038975.8,54561000,103956184,1.986,1.9053203570316,-0.211034067
2026-07-10,588930.SH,科创板AI,20250114,上证科创板人工智能指数,上证科创板人工智能指数收益率,银华基金管理股份有限公司,中信证券股份有限公司,股票型ETF,主题指数ETF,950180.SH,1106127535.4,171175600,340749991,1.925,1.990645810501,0.124830958
2026-07-13,588930.SH,科创板AI,20250114,上证科创板人工智能指数,上证科创板人工智能指数收益率,银华基金管理股份有限公司,中信证券股份有限公司,股票型ETF,主题指数ETF,950180.SH,1090942872.1,79527700,152204360,1.847,1.9138534120816,0.113827308
2026-07-14,588930.SH,科创板AI,20250114,上证科创板人工智能指数,上证科创板人工智能指数收益率,银华基金管理股份有限公司,中信证券股份有限公司,股票型ETF,主题指数ETF,950180.SH,1076650335.3,52923900,95968675,1.841,1.8133333900185,-0.254645934
2026-07-15,588930.SH,科创板AI,20250114,上证科创板人工智能指数,上证科创板人工智能指数收益率,银华基金管理股份有限公司,中信证券股份有限公司,股票型ETF,主题指数ETF,950180.SH,1059566928.2,36012700,65235208,1.79,1.8114500717802,0.235188711
2026-07-16,588930.SH,科创板AI,20250114,上证科创板人工智能指数,上证科创板人工智能指数收益率,银华基金管理股份有限公司,中信证券股份有限公司,股票型ETF,主题指数ETF,950180.SH,1039176553.1,51417885,91057995,1.733,1.7709401115974,-0.051906108
2026-07-17,588930.SH,科创板AI,20250114,上证科创板人工智能指数,上证科创板人工智能指数收益率,银华基金管理股份有限公司,中信证券股份有限公司,股票型ETF,主题指数ETF,950180.SH,952213915.2,54187800,90165558,1.586,1.6639457220998,-0.176233635
2026-07-20,588930.SH,科创板AI,20250114,上证科创板人工智能指数,上证科创板人工智能指数收益率,银华基金管理股份有限公司,中信证券股份有限公司,股票型ETF,主题指数ETF,950180.SH,963569589.6,46946900,75376236,1.601,1.60556364744,-0.087368947
2026-07-21,588930.SH,科创板AI,20250114,上证科创板人工智能指数,上证科创板人工智能指数收益率,银华基金管理股份有限公司,中信证券股份有限公司,股票型ETF,主题指数ETF,950180.SH,1026111180.9,48085300,78481151,1.715,1.632123559591,0.16938263
2026-07-22,588930.SH,科创板AI,20250114,上证科创板人工智能指数,上证科创板人工智能指数收益率,银华基金管理股份有限公司,中信证券股份有限公司,股票型ETF,主题指数ETF,950180.SH,1009963873.2,55777400,95273665,1.69,1.7081051644573,-0.047314881
2026-07-23,588930.SH,科创板AI,20250114,上证科创板人工智能指数,上证科创板人工智能指数收益率,银华基金管理股份有限公司,中信证券股份有限公司,股票型ETF,主题指数ETF,950180.SH,994120263.5,74397500,123085747,1.634,1.6544339124299,0.153233221
2026-07-24,588930.SH,科创板AI,20250114,上证科创板人工智能指数,上证科创板人工智能指数收益率,银华基金管理股份有限公司,中信证券股份有限公司,股票型ETF,主题指数ETF,950180.SH,983265651.0,39415300,64337080,1.623,1.6322869545583,0.24706609
2026-07-27,588930.SH,科创板AI,20250114,上证科创板人工智能指数,上证科创板人工智能指数收益率,银华基金管理股份有限公司,中信证券股份有限公司,股票型ETF,主题指数ETF,950180.SH,990726550.9,22073300,35649792,1.643,1.615063991338,0.054807868
2026-07-28,588930.SH,科创板AI,20250114,上证科创板人工智能指数,上证科创板人工智能指数收益率,银华基金管理股份有限公司,中信证券股份有限公司,股票型ETF,主题指数ETF,950180.SH,953000778.1,37673100,59928224,1.56,1.5907431031691,0.070562576
2026-07-29,588930.SH,科创板AI,20250114,上证科创板人工智能指数,上证科创板人工智能指数收益率,银华基金管理股份有限公司,中信证券股份有限公司,股票型ETF,主题指数ETF,950180.SH,942571030.1,35301400,54075990,1.553,1.5318369809696,0.394337061
2026-07-30,588930.SH,科创板AI,20250114,上证科创板人工智能指数,上证科创板人工智能指数收益率,银华基金管理股份有限公司,中信证券股份有限公司,股票型ETF,主题指数ETF,950180.SH,908717867.2,34599900,52031986,1.475,1.5038189705751,-0.121885157
2026-07-31,588930.SH,科创板AI,20250114,上证科创板人工智能指数,上证科创板人工智能指数收益率,银华基金管理股份有限公司,中信证券股份有限公司,股票型ETF,主题指数ETF,950180.SH,954940408.8,36232700,57352778,1.571,1.5829010258689,0.242470648
2026-08-03,588930.SH,科创板AI,20250114,上证科创板人工智能指数,上证科创板人工智能指数收益率,银华基金管理股份有限公司,中信证券股份有限公司,股票型ETF,主题指数ETF,950180.SH,928495530.2,24845600,38473899,1.524,1.5485196171556,0.013125082
2026-08-04,588930.SH,科创板AI,20250114,上证科创板人工智能指数,上证科创板人工智能指数收益率,银华基金管理股份有限公司,中信证券股份有限公司,股票型ETF,主题指数ETF,950180.SH,973342144.6,32633600,51264724,1.6,1.5709184398902,0.162764492
2026-08-05,588930.SH,科创板AI,20250114,上证科创板人工智能指数,上证科创板人工智能指数收益率,银华基金管理股份有限公司,中信证券股份有限公司,股票型ETF,主题指数ETF,950180.SH,1000729902.8,27283900,44828052,1.652,1.6430221485931,-0.072586499
2026-08-06,588930.SH,科创板AI,20250114,上证科创板人工智能指数,上证科创板人工智能指数收益率,银华基金管理股份有限公司,中信证券股份有限公司,股票型ETF,主题指数ETF,950180.SH,994768855.2,22414200,36806007,1.648,1.6420843483149,-0.048520136
2026-08-07,588930.SH,科创板AI,20250114,上证科创板人工智能指数,上证科创板人工智能指数收益率,银华基金管理股份有限公司,中信证券股份有限公司,股票型ETF,主题指数ETF,950180.SH,1005733994.9,24724800,40914860,1.679,1.6548105545849,0.053632084
2026-08-10,588930.SH,科创板AI,20250114,上证科创板人工智能指数,上证科创板人工智能指数收益率,银华基金管理股份有限公司,中信证券股份有限公司,股票型ETF,主题指数ETF,950180.SH,997471573.0,35898000,58819850,1.64,1.6385272160009,0.183262065
2026-08-11,588930.SH,科创板AI,20250114,上证科创板人工智能指数,上证科创板人工智能指数收益率,银华基金管理股份有限公司,中信证券股份有限公司,股票型ETF,主题指数ETF,950180.SH,983172915.0,17722100,28976092,1.635,1.6350258716518,0
2026-08-12,588930.SH,科创板AI,20250114,上证科创板人工智能指数,上证科创板人工智能指数收益率,银华基金管理股份有限公司,中信证券股份有限公司,股票型ETF,主题指数ETF,950180.SH,984218993.3,22145600,36402372,1.648,1.6437744743877,0.018207198
2026-08-13,588930.SH,科创板AI,20250114,上证科创板人工智能指数,上证科创板人工智能指数收益率,银华基金管理股份有限公司,中信证券股份有限公司,股票型ETF,主题指数ETF,950180.SH,971811973.5,26925100,44917290,1.624,1.6682311300608,0.15417823
2026-08-14,588930.SH,科创板AI,20250114,上证科创板人工智能指数,上证科创板人工智能指数收益率,银华基金管理股份有限公司,中信证券股份有限公司,股票型ETF,主题指数ETF,950180.SH,973729826.3,18262300,29633334,1.626,1.622650706647,0.080014772
2026-08-17,588930.SH,科创板AI,20250114,上证科创板人工智能指数,上证科创板人工智能指数收益率,银华基金管理股份有限公司,中信证券股份有限公司,股票型ETF,主题指数ETF,950180.SH,1005153483.6,29487600,48661577,1.687,1.6502386426837,-0.08291874
2026-08-18,588930.SH,科创板AI,20250114,上证科创板人工智能指数,上证科创板人工智能指数收益率,银华基金管理股份有限公司,中信证券股份有限公司,股票型ETF,主题指数ETF,950180.SH,985922841.7,35140900,58326740,1.666,1.6597964195567,-0.077970371
2026-08-19,588930.SH,科创板AI,20250114,上证科创板人工智能指数,上证科创板人工智能指数收益率,银华基金管理股份有限公司,中信证券股份有限公司,股票型ETF,主题指数ETF,950180.SH,938869901.1,53490000,84638830,1.547,1.5823299682184,0.071155961
2026-08-20,588930.SH,科创板AI,20250114,上证科创板人工智能指数,上证科创板人工智能指数收益率,银华基金管理股份有限公司,中信证券股份有限公司,股票型ETF,主题指数ETF,950180.SH,931848794.7,27486300,42402244,1.527,1.5426683111223,0.177130486
2026-08-21,588930.SH,科创板AI,20250114,上证科创板人工智能指数,上证科创板人工智能指数收益率,银华基金管理股份有限公司,中信证券股份有限公司,股票型ETF,主题指数ETF,950180.SH,939513005.1,31935300,48577312,1.52,1.5211165074385,-0.124843945
2026-08-24,588930.SH,科创板AI,20250114,上证科创板人工智能指数,上证科创板人工智能指数收益率,银华基金管理股份有限公司,中信证券股份有限公司,股票型ETF,主题指数ETF,950180.SH,914352104.1,40198300,58921350,1.454,1.4657672090611,0.075710648
2026-08-25,588930.SH,科创板AI,20250114,上证科创板人工智能指数,上证科创板人工智能指数收益率,银华基金管理股份有限公司,中信证券股份有限公司,股票型ETF,主题指数ETF,950180.SH,938063268.5,35788100,52251440,1.478,1.4600227449907,0.101591602
